#0001-d38 @A: 12 05 24 01 | 05
#0002-d38 @A: 20 25 19 05 | 01
#0003-d38 @A: 14 05 16 19 | 10
#0004-d38 @A: 05 30 22 29 | 04
#0005-d38 @A: 22 33 05 01 | 06
#0006-d38 @A: 32 13 05 16 | 03
#0007-d38 @A: 13 08 05 09 | 09
#0008-d38 @A: 29 14 10 05 | 02
#0009-d38 @A: 05 25 18 31 | 12
#0010-d38 @A: 18 05 14 11 | 07
#0011-d38 @A: 16 05 04 07 | 11
#0012-d38 @A: 05 16 25 08 | 08
#0013-d38 @A: 05 14 25 06 | 05
#0014-d38 @A: 05 20 27 03 | 01
#0015-d38 @A: 30 14 09 05 | 10
#0016-d38 @A: 15 35 05 02 | 04
#0017-d38 @A: 23 15 04 05 | 06
#0018-d38 @A: 27 29 05 23 | 03
#0019-d38 @A: 33 05 29 31 | 09
#0020-d38 @A: 21 27 05 34 | 02
#0021-d38 @A: 35 22 12 19 | 12
#0022-d38 @A: 10 19 12 29 | 07
#0023-d38 @A: 13 12 07 27 | 11
#0024-d38 @A: 01 10 04 12 | 08
#0025-d38 @A: 21 20 18 12 | 05
#0026-d38 @A: 12 08 35 07 | 01
#0027-d38 @A: 12 08 16 30 | 10
#0028-d38 @A: 09 12 33 08 | 04
#0029-d38 @A: 29 25 12 03 | 06
#0030-d38 @A: 03 02 33 12 | 03
#0031-d38 @A: 15 30 20 12 | 09
#0032-d38 @A: 35 14 12 23 | 02
#0033-d38 @A: 23 27 12 01 | 12
#0034-d38 @A: 12 21 23 34 | 07
#0035-d38 @A: 12 29 15 23 | 11
#0036-d38 @A: 31 12 16 29 | 08
#0037-d38 @A: 27 34 06 12 | 05
#0038-d38 @A: 02 16 34 12 | 01
#0039-d38 @A: 19 31 22 28 | 10
#0040-d38 @A: 19 22 21 27 | 04
#0041-d38 @A: 06 19 32 07 | 06
#0042-d38 @A: 19 13 16 30 | 03
#0043-d38 @A: 21 13 04 19 | 09
#0044-d38 @A: 24 01 19 10 | 02
#0045-d38 @A: 31 17 19 08 | 12
#0046-d38 @A: 21 07 19 18 | 07
#0047-d38 @A: 18 14 04 19 | 11
#0048-d38 @A: 26 14 19 01 | 08
#0049-d38 @A: 26 04 23 19 | 05
#0050-d38 @A: 07 34 19 04 | 01
#0051-d38 @A: 19 25 28 30 | 10
#0052-d38 @A: 14 19 25 34 | 04
#0053-d38 @A: 28 35 06 19 | 06
#0054-d38 @A: 15 01 19 06 | 03
#0055-d38 @A: 10 28 13 22 | 09
#0056-d38 @A: 10 22 29 11 | 02
#0057-d38 @A: 17 04 26 22 | 12
#0058-d38 @A: 21 14 18 22 | 07
#0059-d38 @A: 15 18 22 16 | 11
#0060-d38 @A: 14 31 25 22 | 08
#0061-d38 @A: 09 34 25 22 | 05
#0062-d38 @A: 22 06 23 28 | 01
#0063-d38 @A: 20 22 31 15 | 10
#0064-d38 @A: 15 04 34 22 | 04
#0065-d38 @A: 22 21 02 33 | 06
#0066-d38 @A: 09 32 21 13 | 03
#0067-d38 @A: 32 10 17 16 | 09
#0068-d38 @A: 34 17 15 32 | 02
#0069-d38 @A: 11 04 32 33 | 12
#0070-d38 @A: 20 23 32 21 | 07
#0071-d38 @A: 20 27 32 34 | 11
#0072-d38 @A: 34 21 32 02 | 08
#0073-d38 @A: 33 10 18 13 | 05
#0074-d38 @A: 10 13 02 11 | 01
#0075-d38 @A: 17 31 13 18 | 10
#0076-d38 @A: 24 17 06 13 | 04
#0077-d38 @A: 18 08 35 13 | 06
#0078-d38 @A: 23 13 02 18 | 03
#0079-d38 @A: 16 24 07 13 | 09
#0080-d38 @A: 15 13 26 03 | 02
#0081-d38 @A: 13 33 30 25 | 12
#0082-d38 @A: 13 20 11 03 | 07
#0083-d38 @A: 13 01 34 16 | 11
#0084-d38 @A: 21 25 10 17 | 08
#0085-d38 @A: 26 10 24 09 | 05
#0086-d38 @A: 07 25 10 01 | 01
#0087-d38 @A: 10 29 31 23 | 10
#0088-d38 @A: 34 15 10 23 | 04
#0089-d38 @A: 06 27 10 31 | 06
#0090-d38 @A: 34 06 10 21 | 03
#0091-d38 @A: 17 15 11 18 | 09
#0092-d38 @A: 08 17 14 33 | 02
#0093-d38 @A: 20 17 28 35 | 12
#0094-d38 @A: 16 17 23 20 | 07
#0095-d38 @A: 17 06 23 29 | 11
#0096-d38 @A: 27 17 31 01 | 08
#0097-d38 @A: 04 17 28 09 | 05
#0098-d38 @A: 27 17 20 06 | 01
#0099-d38 @A: 26 18 31 04 | 10
#0100-d38 @A: 34 18 31 07 | 04
#0101-d38 @A: 27 18 08 33 | 06
#0102-d38 @A: 25 20 14 18 | 03
#0103-d38 @A: 21 18 04 27 | 09
#0104-d38 @A: 18 15 27 29 | 02
#0105-d38 @A: 18 21 02 09 | 12
#0106-d38 @A: 01 08 24 07 | 07
#0107-d38 @A: 24 08 30 35 | 11
#0108-d38 @A: 24 04 35 01 | 08
#0109-d38 @A: 24 04 21 23 | 05
#0110-d38 @A: 24 04 28 29 | 01
#0111-d38 @A: 07 02 26 33 | 10
#0112-d38 @A: 25 26 16 30 | 04
#0113-d38 @A: 09 26 30 23 | 06
#0114-d38 @A: 01 16 35 26 | 03
#0115-d38 @A: 26 06 15 35 | 09
#0116-d38 @A: 21 26 15 31 | 02
#0117-d38 @A: 33 27 04 26 | 12
#0118-d38 @A: 21 20 04 26 | 07
#0119-d38 @A: 34 04 26 02 | 11
#0120-d38 @A: 33 07 20 08 | 08
#0121-d38 @A: 07 21 11 06 | 05
#0122-d38 @A: 07 04 23 33 | 01
#0123-d38 @A: 20 06 07 04 | 10
#0124-d38 @A: 33 29 34 07 | 04
#0125-d38 @A: 08 34 25 20 | 06
#0126-d38 @A: 09 11 03 08 | 03
#0127-d38 @A: 30 11 20 08 | 09
#0128-d38 @A: 11 08 33 30 | 02
#0129-d38 @A: 04 08 29 14 | 12
#0130-d38 @A: 20 08 15 23 | 07
#0131-d38 @A: 23 35 04 25 | 11
#0132-d38 @A: 25 35 31 34 | 08
#0133-d38 @A: 25 35 15 01 | 05
#0134-d38 @A: 16 25 09 31 | 01
#0135-d38 @A: 15 25 28 04 | 10
#0136-d38 @A: 02 25 28 09 | 04
#0137-d38 @A: 23 06 15 03 | 06
#0138-d38 @A: 33 31 03 06 | 03
#0139-d38 @A: 33 28 03 15 | 09
#0140-d38 @A: 04 03 16 01 | 02
#0141-d38 @A: 27 02 03 34 | 12
#0142-d38 @A: 21 30 34 14 | 07
#0143-d38 @A: 30 35 11 34 | 11
#0144-d38 @A: 27 30 35 21 | 08
#0145-d38 @A: 16 30 33 31 | 05
#0146-d38 @A: 30 06 16 21 | 01
#0147-d38 @A: 30 01 34 06 | 10
#0148-d38 @A: 02 15 30 34 | 04
#0149-d38 @A: 14 11 23 06 | 06
#0150-d38 @A: 14 28 35 16 | 03
#0151-d38 @A: 35 14 27 29 | 09
#0152-d38 @A: 04 02 01 14 | 02
#0153-d38 @A: 16 35 20 11 | 12
#0154-d38 @A: 11 15 06 20 | 07
#0155-d38 @A: 15 12 32 05 | 11
#0156-d38 @A: 10 12 23 05 | 08
#0157-d38 @A: 21 05 19 02 | 05
#0158-d38 @A: 05 21 32 22 | 01
#0159-d38 @A: 06 11 32 05 | 10
#0160-d38 @A: 24 13 23 05 | 04
#0161-d38 @A: 02 04 05 10 | 06
#0162-d38 @A: 18 07 30 05 | 03
#0163-d38 @A: 08 18 05 23 | 09
#0164-d38 @A: 24 05 20 30 | 02
#0165-d38 @A: 07 05 11 01 | 12
#0166-d38 @A: 34 03 25 05 | 07
#0167-d38 @A: 05 03 31 16 | 11
#0168-d38 @A: 30 06 33 05 | 08
#0169-d38 @A: 27 05 04 31 | 05
#0170-d38 @A: 16 05 34 20 | 01
#0171-d38 @A: 05 02 06 29 | 10
#0172-d38 @A: 19 07 20 12 | 04
#0173-d38 @A: 12 33 19 20 | 06
#0174-d38 @A: 25 12 22 06 | 03
#0175-d38 @A: 32 12 29 18 | 09
#0176-d38 @A: 12 34 08 32 | 02
#0177-d38 @A: 12 35 10 33 | 12
#0178-d38 @A: 12 03 23 17 | 07
#0179-d38 @A: 25 02 18 12 | 11
#0180-d38 @A: 18 01 30 12 | 08
#0181-d38 @A: 18 12 35 11 | 05
#0182-d38 @A: 12 30 24 25 | 01
#0183-d38 @A: 27 26 29 12 | 10
#0184-d38 @A: 21 12 08 11 | 04
#0185-d38 @A: 12 14 01 25 | 06
#0186-d38 @A: 02 12 30 31 | 03
#0187-d38 @A: 35 04 15 12 | 09
#0188-d38 @A: 16 20 09 12 | 02
#0189-d38 @A: 12 02 15 06 | 12
#0190-d38 @A: 19 13 35 11 | 07
#0191-d38 @A: 17 30 07 19 | 11
#0192-d38 @A: 27 14 19 17 | 08
#0193-d38 @A: 19 07 09 14 | 05
#0194-d38 @A: 08 01 34 19 | 01
#0195-d38 @A: 14 30 19 29 | 10
#0196-d38 @A: 19 23 01 28 | 04
#0197-d38 @A: 31 19 16 27 | 06
#0198-d38 @A: 15 19 29 02 | 03
#0199-d38 @A: 22 21 30 13 | 09
#0200-d38 @A: 18 22 17 10 | 02
#0201-d38 @A: 25 18 01 22 | 12
#0202-d38 @A: 30 22 25 27 | 07
#0203-d38 @A: 20 25 22 33 | 11
#0204-d38 @A: 22 28 33 23 | 08
#0205-d38 @A: 28 22 27 16 | 05
#0206-d38 @A: 28 21 22 34 | 01
#0207-d38 @A: 01 04 06 22 | 10
#0208-d38 @A: 17 28 33 32 | 04
#0209-d38 @A: 21 11 18 32 | 06
#0210-d38 @A: 02 03 24 32 | 03
#0211-d38 @A: 32 14 24 11 | 09
#0212-d38 @A: 32 24 27 35 | 02
#0213-d38 @A: 14 26 32 27 | 12
#0214-d38 @A: 32 33 26 21 | 07
#0215-d38 @A: 02 11 07 32 | 11
#0216-d38 @A: 32 07 15 16 | 08
#0217-d38 @A: 25 23 32 11 | 05
#0218-d38 @A: 11 34 32 03 | 01
#0219-d38 @A: 32 35 03 16 | 10
#0220-d38 @A: 11 29 04 32 | 04
#0221-d38 @A: 16 23 32 28 | 06
#0222-d38 @A: 13 25 17 27 | 03
#0223-d38 @A: 13 03 28 17 | 09
#0224-d38 @A: 13 20 18 24 | 02
#0225-d38 @A: 13 25 18 06 | 12
#0226-d38 @A: 18 29 13 14 | 07
#0227-d38 @A: 28 13 11 18 | 11
#0228-d38 @A: 13 24 25 09 | 08
#0229-d38 @A: 15 08 30 13 | 05
#0230-d38 @A: 13 16 31 35 | 01
#0231-d38 @A: 13 01 04 23 | 10
#0232-d38 @A: 15 04 13 06 | 04
#0233-d38 @A: 01 20 21 13 | 06
#0234-d38 @A: 33 13 20 06 | 03
#0235-d38 @A: 24 31 10 30 | 09
#0236-d38 @A: 08 10 15 07 | 02
#0237-d38 @A: 07 21 10 14 | 12
#0238-d38 @A: 25 03 10 31 | 07
#0239-d38 @A: 25 09 10 14 | 11
#0240-d38 @A: 35 29 15 10 | 08
#0241-d38 @A: 29 10 28 01 | 05
#0242-d38 @A: 16 10 29 09 | 01
#0243-d38 @A: 29 21 20 10 | 10
#0244-d38 @A: 02 21 10 15 | 04
#0245-d38 @A: 24 17 11 34 | 06
#0246-d38 @A: 26 17 03 01 | 03
#0247-d38 @A: 07 35 15 17 | 09
#0248-d38 @A: 17 15 33 25 | 02
#0249-d38 @A: 33 17 23 30 | 12
#0250-d38 @A: 17 16 30 31 | 07
#0251-d38 @A: 17 09 20 14 | 11
#0252-d38 @A: 23 02 17 31 | 08
#0253-d38 @A: 27 28 17 23 | 05
#0254-d38 @A: 17 27 34 33 | 01
#0255-d38 @A: 33 26 18 06 | 10
#0256-d38 @A: 11 18 30 27 | 04
#0257-d38 @A: 33 18 31 23 | 06
#0258-d38 @A: 20 18 27 23 | 03
#0259-d38 @A: 23 09 15 18 | 09
#0260-d38 @A: 04 06 18 28 | 02
#0261-d38 @A: 18 01 09 20 | 12
#0262-d38 @A: 06 18 20 02 | 07
#0263-d38 @A: 24 26 08 21 | 11
#0264-d38 @A: 04 25 24 07 | 08
#0265-d38 @A: 14 07 24 29 | 05
#0266-d38 @A: 06 24 35 25 | 01
#0267-d38 @A: 25 34 23 24 | 10
#0268-d38 @A: 33 35 24 16 | 04
#0269-d38 @A: 34 24 35 20 | 06
#0270-d38 @A: 24 06 20 23 | 03
#0271-d38 @A: 02 34 31 24 | 09
#0272-d38 @A: 01 27 24 20 | 02
#0273-d38 @A: 06 01 24 02 | 12
#0274-d38 @A: 07 08 23 26 | 07
#0275-d38 @A: 07 03 26 02 | 11
#0276-d38 @A: 26 11 08 28 | 08
#0277-d38 @A: 33 26 25 09 | 05
#0278-d38 @A: 23 26 01 06 | 01
#0279-d38 @A: 20 16 26 29 | 10
#0280-d38 @A: 34 06 16 26 | 04
#0281-d38 @A: 11 28 07 30 | 06
#0282-d38 @A: 16 11 33 07 | 03
#0283-d38 @A: 01 16 09 07 | 09
#0284-d38 @A: 33 07 21 09 | 02
#0285-d38 @A: 21 20 08 03 | 12
#0286-d38 @A: 35 04 08 02 | 07
#0287-d38 @A: 04 27 08 16 | 11
#0288-d38 @A: 08 21 15 34 | 08
#0289-d38 @A: 23 16 25 15 | 05
#0290-d38 @A: 14 31 03 30 | 01
#0291-d38 @A: 03 35 33 29 | 10
#0292-d38 @A: 31 03 06 09 | 04
#0293-d38 @A: 03 29 28 21 | 06
#0294-d38 @A: 30 33 14 27 | 03
#0295-d38 @A: 23 30 29 04 | 09
#0296-d38 @A: 02 30 33 28 | 02
#0297-d38 @A: 29 14 11 09 | 12
#0298-d38 @A: 35 09 21 14 | 07
#0299-d38 @A: 14 01 21 31 | 11
#0300-d38 @A: 29 14 34 31 | 08
#0301-d38 @A: 20 21 28 11 | 05
#0302-d38 @A: 27 11 29 20 | 01
#0303-d38 @A: 21 02 11 27 | 10
#0304-d38 @A: 31 35 09 33 | 04
#0305-d38 @A: 33 15 23 21 | 06
#0306-d38 @A: 04 09 33 16 | 03
#0307-d38 @A: 07 26 05 12 | 09
#0308-d38 @A: 05 11 12 20 | 02
#0309-d38 @A: 31 12 05 21 | 12
#0310-d38 @A: 04 22 05 13 | 07
#0311-d38 @A: 09 32 05 27 | 11
#0312-d38 @A: 17 13 20 05 | 08
#0313-d38 @A: 27 26 05 13 | 05
#0314-d38 @A: 13 31 05 06 | 01
#0315-d38 @A: 24 21 10 05 | 10
#0316-d38 @A: 10 05 34 08 | 04
#0317-d38 @A: 17 29 03 05 | 06
#0318-d38 @A: 28 11 17 05 | 03
#0319-d38 @A: 18 01 35 05 | 09
#0320-d38 @A: 05 26 15 09 | 02
#0321-d38 @A: 30 21 05 25 | 12
#0322-d38 @A: 33 14 03 05 | 07
#0323-d38 @A: 34 14 35 05 | 11
#0324-d38 @A: 05 04 35 29 | 08
#0325-d38 @A: 05 20 04 01 | 05
#0326-d38 @A: 26 15 19 12 | 01
#0327-d38 @A: 08 04 12 19 | 10
#0328-d38 @A: 22 10 12 21 | 04
#0329-d38 @A: 27 20 22 12 | 06
#0330-d38 @A: 03 12 32 20 | 03
#0331-d38 @A: 32 21 30 12 | 09
#0332-d38 @A: 32 33 34 12 | 02
#0333-d38 @A: 12 16 10 13 | 12
#0334-d38 @A: 12 06 17 10 | 07
#0335-d38 @A: 02 17 12 26 | 11
#0336-d38 @A: 31 12 17 14 | 08
#0337-d38 @A: 24 18 12 04 | 05
#0338-d38 @A: 18 16 33 12 | 01
#0339-d38 @A: 08 12 26 09 | 10
#0340-d38 @A: 26 12 25 34 | 04
#0341-d38 @A: 26 28 12 01 | 06
#0342-d38 @A: 12 23 08 25 | 03
#0343-d38 @A: 12 27 03 30 | 09
#0344-d38 @A: 22 20 19 13 | 02
#0345-d38 @A: 16 19 34 22 | 12
#0346-d38 @A: 17 19 04 32 | 07
#0347-d38 @A: 08 32 19 24 | 11
#0348-d38 @A: 13 19 25 23 | 08
#0349-d38 @A: 19 13 14 02 | 05
#0350-d38 @A: 10 19 07 28 | 01
#0351-d38 @A: 10 03 09 19 | 10
#0352-d38 @A: 35 10 19 30 | 04
#0353-d38 @A: 25 29 18 19 | 06
#0354-d38 @A: 26 09 11 19 | 03
#0355-d38 @A: 31 19 09 02 | 09
#0356-d38 @A: 27 22 32 13 | 02
#0357-d38 @A: 32 22 26 35 | 12
#0358-d38 @A: 15 22 32 06 | 07
#0359-d38 @A: 10 22 27 24 | 11
#0360-d38 @A: 10 07 02 22 | 08
#0361-d38 @A: 16 10 03 22 | 05
#0362-d38 @A: 09 30 24 22 | 01
#0363-d38 @A: 23 26 22 14 | 10
#0364-d38 @A: 22 20 26 11 | 04
#0365-d38 @A: 07 16 14 22 | 06
#0366-d38 @A: 34 22 14 08 | 03
#0367-d38 @A: 22 03 06 30 | 09
#0368-d38 @A: 22 15 14 30 | 02
#0369-d38 @A: 02 28 22 14 | 12
#0370-d38 @A: 28 29 15 22 | 07
#0371-d38 @A: 02 01 27 22 | 11
#0372-d38 @A: 13 18 04 32 | 08
#0373-d38 @A: 28 13 26 32 | 05
#0374-d38 @A: 32 07 03 13 | 01
#0375-d38 @A: 32 13 11 15 | 10
#0376-d38 @A: 29 26 32 10 | 04
#0377-d38 @A: 32 10 20 30 | 06
#0378-d38 @A: 17 32 03 08 | 03
#0379-d38 @A: 33 18 32 15 | 09
#0380-d38 @A: 06 32 24 26 | 02
#0381-d38 @A: 32 24 25 33 | 12
#0382-d38 @A: 32 25 21 27 | 07
#0383-d38 @A: 23 15 32 35 | 11
#0384-d38 @A: 32 34 04 35 | 08
#0385-d38 @A: 20 29 32 28 | 05
#0386-d38 @A: 10 27 18 13 | 01
#0387-d38 @A: 14 10 04 13 | 10
#0388-d38 @A: 14 13 31 08 | 04
#0389-d38 @A: 28 13 34 31 | 06
#0390-d38 @A: 13 29 04 16 | 03
#0391-d38 @A: 27 13 09 29 | 09
#0392-d38 @A: 06 27 21 13 | 02
#0393-d38 @A: 11 28 10 24 | 12
#0394-d38 @A: 01 11 10 03 | 07
#0395-d38 @A: 10 16 14 23 | 11
#0396-d38 @A: 09 21 04 10 | 08
#0397-d38 @A: 27 10 20 15 | 05
#0398-d38 @A: 06 10 09 15 | 01
#0399-d38 @A: 33 18 35 17 | 10
#0400-d38 @A: 24 08 25 17 | 04
#0401-d38 @A: 17 35 26 30 | 06
#0402-d38 @A: 17 23 01 08 | 03
#0403-d38 @A: 33 01 03 17 | 09
#0404-d38 @A: 17 23 15 30 | 02
#0405-d38 @A: 17 01 29 35 | 12
#0406-d38 @A: 28 17 29 31 | 07
#0407-d38 @A: 20 33 17 31 | 11
#0408-d38 @A: 28 21 06 17 | 08
#0409-d38 @A: 09 17 06 01 | 05
#0410-d38 @A: 15 24 18 08 | 01
#0411-d38 @A: 02 26 11 18 | 10
#0412-d38 @A: 01 21 34 18 | 04
#0413-d38 @A: 07 24 34 26 | 06
#0414-d38 @A: 26 33 24 14 | 03
#0415-d38 @A: 03 24 08 29 | 09
#0416-d38 @A: 14 24 31 20 | 02
#0417-d38 @A: 31 16 24 01 | 12
#0418-d38 @A: 24 01 33 04 | 07
#0419-d38 @A: 07 14 31 26 | 11
#0420-d38 @A: 35 14 08 26 | 08
#0421-d38 @A: 26 30 04 03 | 05
#0422-d38 @A: 34 26 35 27 | 01
#0423-d38 @A: 23 29 02 26 | 10
#0424-d38 @A: 29 26 04 06 | 04
#0425-d38 @A: 14 08 28 07 | 06
#0426-d38 @A: 03 29 07 16 | 03
#0427-d38 @A: 30 07 31 09 | 09
#0428-d38 @A: 07 31 20 21 | 02
#0429-d38 @A: 27 07 16 06 | 12
#0430-d38 @A: 25 08 11 01 | 07
#0431-d38 @A: 27 35 08 20 | 11
#0432-d38 @A: 29 01 06 08 | 08
#0433-d38 @A: 25 20 30 01 | 05
#0434-d38 @A: 27 25 33 23 | 01
#0435-d38 @A: 02 06 23 25 | 10
#0436-d38 @A: 20 04 02 25 | 04
#0437-d38 @A: 02 33 01 25 | 06
#0438-d38 @A: 23 03 33 34 | 03
#0439-d38 @A: 02 03 20 31 | 09
#0440-d38 @A: 20 03 04 33 | 02
#0441-d38 @A: 34 20 30 31 | 12
#0442-d38 @A: 34 04 28 30 | 07
#0443-d38 @A: 15 28 30 16 | 11
#0444-d38 @A: 30 27 04 20 | 08
#0445-d38 @A: 29 30 02 27 | 05
#0446-d38 @A: 34 11 14 27 | 01
#0447-d38 @A: 28 21 23 14 | 10
#0448-d38 @A: 04 14 09 06 | 04
#0449-d38 @A: 04 14 15 21 | 06
#0450-d38 @A: 06 15 14 27 | 03
#0451-d38 @A: 35 33 21 11 | 09
#0452-d38 @A: 11 15 28 23 | 02
#0453-d38 @A: 15 11 01 09 | 12
#0454-d38 @A: 34 29 06 11 | 07
#0455-d38 @A: 31 02 15 33 | 11
#0456-d38 @A: 28 21 33 29 | 08
#0457-d38 @A: 23 05 12 33 | 05
#0458-d38 @A: 09 06 19 05 | 01
#0459-d38 @A: 05 10 13 30 | 10
#0460-d38 @A: 05 13 25 15 | 04
#0461-d38 @A: 14 05 01 13 | 06
#0462-d38 @A: 17 34 05 07 | 03
#0463-d38 @A: 04 05 08 17 | 09
#0464-d38 @A: 03 24 26 05 | 02
#0465-d38 @A: 05 24 06 28 | 12
#0466-d38 @A: 11 05 30 31 | 07
#0467-d38 @A: 20 05 09 35 | 11
#0468-d38 @A: 05 23 01 34 | 08
#0469-d38 @A: 05 33 16 27 | 05
#0470-d38 @A: 13 19 12 01 | 01
#0471-d38 @A: 32 35 17 12 | 10
#0472-d38 @A: 16 24 32 12 | 04
#0473-d38 @A: 12 32 04 26 | 06
#0474-d38 @A: 07 12 18 10 | 03
#0475-d38 @A: 31 08 12 10 | 09
#0476-d38 @A: 10 12 14 28 | 02
#0477-d38 @A: 02 07 29 12 | 12
#0478-d38 @A: 25 12 11 28 | 07
#0479-d38 @A: 31 20 35 12 | 11
#0480-d38 @A: 12 09 23 02 | 08
#0481-d38 @A: 21 16 27 12 | 05
#0482-d38 @A: 11 19 32 28 | 01
#0483-d38 @A: 19 34 02 10 | 10
#0484-d38 @A: 19 25 17 03 | 04
#0485-d38 @A: 19 17 01 11 | 06
#0486-d38 @A: 20 18 19 30 | 03
#0487-d38 @A: 24 15 19 07 | 09
#0488-d38 @A: 35 19 33 26 | 02
#0489-d38 @A: 19 29 09 28 | 12
#0490-d38 @A: 06 33 27 19 | 07
#0491-d38 @A: 33 01 21 19 | 11
#0492-d38 @A: 29 22 07 32 | 08
#0493-d38 @A: 22 03 28 32 | 05
#0494-d38 @A: 08 10 22 09 | 01
#0495-d38 @A: 22 11 21 17 | 10
#0496-d38 @A: 18 22 08 26 | 04
#0497-d38 @A: 30 22 26 28 | 06
#0498-d38 @A: 22 27 08 23 | 03
#0499-d38 @A: 35 16 09 22 | 09
#0500-d38 @A: 23 16 04 22 | 02
#0501-d38 @A: 16 22 06 33 | 12
#0502-d38 @A: 22 29 02 16 | 07
#0503-d38 @A: 32 17 09 25 | 11
#0504-d38 @A: 32 03 18 15 | 08
#0505-d38 @A: 32 31 23 18 | 05
#0506-d38 @A: 24 21 32 07 | 01
#0507-d38 @A: 07 26 32 01 | 10
#0508-d38 @A: 26 08 32 15 | 04
#0509-d38 @A: 26 20 25 32 | 06
#0510-d38 @A: 32 26 03 09 | 03
#0511-d38 @A: 23 32 30 08 | 09
#0512-d38 @A: 32 23 09 33 | 02
#0513-d38 @A: 34 31 16 32 | 12
#0514-d38 @A: 32 09 34 28 | 07
#0515-d38 @A: 13 10 09 35 | 11
#0516-d38 @A: 13 26 17 09 | 08
#0517-d38 @A: 26 13 14 34 | 05
#0518-d38 @A: 20 13 14 07 | 01
#0519-d38 @A: 28 15 13 07 | 10
#0520-d38 @A: 13 23 08 11 | 04
#0521-d38 @A: 13 03 29 23 | 06
#0522-d38 @A: 14 13 27 16 | 03
#0523-d38 @A: 31 15 13 23 | 09
#0524-d38 @A: 13 27 20 31 | 02
#0525-d38 @A: 01 02 13 28 | 12
#0526-d38 @A: 06 13 20 09 | 07
#0527-d38 @A: 15 10 17 03 | 11
#0528-d38 @A: 18 21 10 08 | 08
#0529-d38 @A: 04 10 24 03 | 05
#0530-d38 @A: 10 06 11 08 | 01
#0531-d38 @A: 10 16 27 11 | 10
#0532-d38 @A: 10 23 09 20 | 04
#0533-d38 @A: 21 10 31 28 | 06
#0534-d38 @A: 10 04 34 31 | 03
#0535-d38 @A: 15 29 10 33 | 09
#0536-d38 @A: 24 07 17 27 | 02
#0537-d38 @A: 29 17 11 25 | 12
#0538-d38 @A: 03 35 11 17 | 07
#0539-d38 @A: 31 18 03 24 | 11
#0540-d38 @A: 20 18 26 15 | 08
#0541-d38 @A: 29 01 18 04 | 05
#0542-d38 @A: 11 24 08 04 | 01
#0543-d38 @A: 24 30 16 29 | 10
#0544-d38 @A: 27 31 33 24 | 04
#0545-d38 @A: 34 21 09 24 | 06
#0546-d38 @A: 27 07 04 26 | 03
#0547-d38 @A: 25 02 08 26 | 09
#0548-d38 @A: 20 26 08 01 | 02
#0549-d38 @A: 25 14 26 04 | 12
#0550-d38 @A: 26 23 28 34 | 07
#0551-d38 @A: 28 31 26 16 | 11
#0552-d38 @A: 01 27 21 26 | 08
#0553-d38 @A: 29 15 34 26 | 05
#0554-d38 @A: 01 14 06 07 | 01
#0555-d38 @A: 20 23 07 28 | 10
#0556-d38 @A: 28 07 31 06 | 04
#0557-d38 @A: 34 16 21 07 | 06
#0558-d38 @A: 07 20 02 01 | 03
#0559-d38 @A: 03 33 08 23 | 09
#0560-d38 @A: 29 08 15 11 | 02
#0561-d38 @A: 15 08 01 27 | 12
#0562-d38 @A: 02 20 09 08 | 07
#0563-d38 @A: 30 25 35 03 | 11
#0564-d38 @A: 02 25 15 03 | 08
#0565-d38 @A: 29 28 25 23 | 05
#0566-d38 @A: 21 25 31 04 | 01
#0567-d38 @A: 29 04 25 09 | 10
#0568-d38 @A: 20 29 06 25 | 04
#0569-d38 @A: 03 27 15 35 | 06
#0570-d38 @A: 16 03 28 20 | 03
#0571-d38 @A: 21 09 01 03 | 09
#0572-d38 @A: 20 27 14 21 | 02
#0573-d38 @A: 06 35 04 11 | 12
#0574-d38 @A: 29 01 31 11 | 07
#0575-d38 @A: 34 11 20 02 | 11
#0576-d38 @A: 16 29 23 33 | 08
#0577-d38 @A: 20 09 27 33 | 05
#0578-d38 @A: 15 33 20 01 | 01
#0579-d38 @A: 02 12 14 05 | 10
#0580-d38 @A: 05 13 28 19 | 04
#0581-d38 @A: 24 05 04 19 | 06
#0582-d38 @A: 22 26 06 05 | 03
#0583-d38 @A: 22 15 05 08 | 09
#0584-d38 @A: 25 05 22 35 | 02
#0585-d38 @A: 14 32 05 31 | 12
#0586-d38 @A: 11 05 34 13 | 07
#0587-d38 @A: 07 08 05 21 | 11
#0588-d38 @A: 15 07 05 03 | 08
#0589-d38 @A: 25 33 05 35 | 05
#0590-d38 @A: 35 05 11 23 | 01
#0591-d38 @A: 09 23 05 21 | 10
#0592-d38 @A: 05 31 02 01 | 04
#0593-d38 @A: 28 15 01 05 | 06
#0594-d38 @A: 05 34 28 29 | 03
#0595-d38 @A: 34 09 02 05 | 09
#0596-d38 @A: 20 15 05 21 | 02
#0597-d38 @A: 03 15 22 12 | 12
#0598-d38 @A: 12 07 28 32 | 07
#0599-d38 @A: 32 25 31 12 | 11
#0600-d38 @A: 13 14 12 15 | 08
#0601-d38 @A: 10 25 12 15 | 05
#0602-d38 @A: 06 12 14 18 | 01
#0603-d38 @A: 09 27 12 35 | 10
#0604-d38 @A: 31 04 12 06 | 04
#0605-d38 @A: 15 12 28 21 | 06
#0606-d38 @A: 22 19 33 24 | 03
#0607-d38 @A: 11 22 19 14 | 09
#0608-d38 @A: 32 19 14 20 | 02
#0609-d38 @A: 19 13 27 24 | 12
#0610-d38 @A: 19 29 26 17 | 07
#0611-d38 @A: 16 35 19 17 | 11
#0612-d38 @A: 03 01 18 19 | 08
#0613-d38 @A: 02 19 23 24 | 05
#0614-d38 @A: 08 03 19 02 | 01
#0615-d38 @A: 09 08 19 30 | 10
#0616-d38 @A: 06 25 11 19 | 04
#0617-d38 @A: 21 03 30 19 | 06
#0618-d38 @A: 29 03 19 27 | 03
#0619-d38 @A: 35 20 23 19 | 09
#0620-d38 @A: 16 28 33 19 | 02
#0621-d38 @A: 19 20 28 15 | 12
#0622-d38 @A: 19 20 09 04 | 07
#0623-d38 @A: 20 18 22 32 | 11
#0624-d38 @A: 01 32 22 14 | 08
#0625-d38 @A: 10 22 14 35 | 05
#0626-d38 @A: 22 10 20 06 | 01
#0627-d38 @A: 17 22 15 25 | 10
#0628-d38 @A: 06 14 22 17 | 04
#0629-d38 @A: 22 17 34 23 | 06
#0630-d38 @A: 18 24 35 22 | 03
#0631-d38 @A: 25 26 29 22 | 09
#0632-d38 @A: 03 25 08 22 | 02
#0633-d38 @A: 11 22 08 35 | 12
#0634-d38 @A: 01 21 22 08 | 07
#0635-d38 @A: 25 11 22 02 | 11
#0636-d38 @A: 22 33 31 11 | 08
#0637-d38 @A: 23 31 22 01 | 05
#0638-d38 @A: 31 13 24 32 | 01
#0639-d38 @A: 08 07 09 32 | 10
#0640-d38 @A: 02 23 27 32 | 04
#0641-d38 @A: 32 31 02 28 | 06
#0642-d38 @A: 16 13 03 18 | 03
#0643-d38 @A: 13 15 18 21 | 09
#0644-d38 @A: 13 34 08 24 | 02
#0645-d38 @A: 31 13 25 26 | 12
#0646-d38 @A: 29 13 07 31 | 07
#0647-d38 @A: 01 25 03 13 | 11
#0648-d38 @A: 21 11 25 13 | 08
#0649-d38 @A: 03 04 35 13 | 05
#0650-d38 @A: 31 30 04 13 | 01
#0651-d38 @A: 11 27 13 01 | 10
#0652-d38 @A: 21 16 13 23 | 04
#0653-d38 @A: 17 08 10 27 | 06
#0654-d38 @A: 11 10 20 18 | 03
#0655-d38 @A: 18 29 02 10 | 09
#0656-d38 @A: 26 10 25 23 | 02
#0657-d38 @A: 10 28 15 26 | 12
#0658-d38 @A: 10 33 04 26 | 07
#0659-d38 @A: 10 27 03 07 | 11
#0660-d38 @A: 33 03 10 11 | 08
#0661-d38 @A: 11 21 30 10 | 05
#0662-d38 @A: 10 30 06 04 | 01
#0663-d38 @A: 10 16 35 34 | 10
#0664-d38 @A: 35 10 01 21 | 04
#0665-d38 @A: 01 10 31 20 | 06
#0666-d38 @A: 33 09 10 02 | 03
#0667-d38 @A: 18 09 17 07 | 09
#0668-d38 @A: 17 20 08 18 | 02
#0669-d38 @A: 04 17 24 30 | 12
#0670-d38 @A: 06 17 11 30 | 07
#0671-d38 @A: 09 17 35 23 | 11
#0672-d38 @A: 02 17 34 35 | 08
#0673-d38 @A: 06 04 17 02 | 05
#0674-d38 @A: 17 20 29 02 | 01
#0675-d38 @A: 29 18 34 24 | 10
#0676-d38 @A: 25 07 23 18 | 04
#0677-d38 @A: 09 08 25 18 | 06
#0678-d38 @A: 11 08 31 18 | 03
#0679-d38 @A: 33 25 14 18 | 09
#0680-d38 @A: 11 25 18 16 | 02
#0681-d38 @A: 18 30 02 03 | 12
#0682-d38 @A: 28 30 18 23 | 07
#0683-d38 @A: 06 18 01 11 | 11
#0684-d38 @A: 29 35 18 09 | 08
#0685-d38 @A: 18 31 21 29 | 05
#0686-d38 @A: 34 16 27 18 | 01
#0687-d38 @A: 15 18 02 01 | 10
#0688-d38 @A: 30 24 26 27 | 04
#0689-d38 @A: 26 11 01 24 | 06
#0690-d38 @A: 20 25 24 03 | 03
#0691-d38 @A: 11 24 06 03 | 09
#0692-d38 @A: 09 16 23 24 | 02
#0693-d38 @A: 06 27 09 24 | 12
#0694-d38 @A: 20 24 15 29 | 07
#0695-d38 @A: 24 34 06 33 | 11
#0696-d38 @A: 16 33 26 08 | 08
#0697-d38 @A: 26 35 11 25 | 05
#0698-d38 @A: 21 35 26 23 | 01
#0699-d38 @A: 26 27 06 02 | 10
#0700-d38 @A: 30 04 15 07 | 04
#0701-d38 @A: 09 04 07 35 | 06
#0702-d38 @A: 07 01 35 27 | 03
#0703-d38 @A: 02 07 35 21 | 09
#0704-d38 @A: 02 31 16 07 | 02
#0705-d38 @A: 07 01 15 31 | 12
#0706-d38 @A: 08 06 23 09 | 07
#0707-d38 @A: 25 11 30 04 | 11
#0708-d38 @A: 16 20 25 27 | 08
#0709-d38 @A: 30 03 11 16 | 05
#0710-d38 @A: 31 29 15 03 | 01
#0711-d38 @A: 20 15 04 03 | 10
#0712-d38 @A: 34 30 04 33 | 04
#0713-d38 @A: 14 35 33 23 | 06
#0714-d38 @A: 06 16 14 31 | 03
#0715-d38 @A: 14 28 15 34 | 09
#0716-d38 @A: 14 02 16 20 | 02
#0717-d38 @A: 35 11 09 28 | 12
#0718-d38 @A: 11 35 29 02 | 07
#0719-d38 @A: 11 21 01 04 | 11
#0720-d38 @A: 23 05 22 19 | 08
#0721-d38 @A: 31 07 05 19 | 05
#0722-d38 @A: 32 33 08 05 | 01
#0723-d38 @A: 10 33 05 07 | 10
#0724-d38 @A: 11 15 10 05 | 04
#0725-d38 @A: 35 17 05 24 | 06
#0726-d38 @A: 17 15 27 05 | 03
#0727-d38 @A: 26 25 05 01 | 09
#0728-d38 @A: 08 28 30 05 | 02
#0729-d38 @A: 11 05 03 21 | 12
#0730-d38 @A: 05 16 02 30 | 07
#0731-d38 @A: 30 06 15 05 | 11
#0732-d38 @A: 04 21 28 05 | 08
#0733-d38 @A: 09 28 05 16 | 05
#0734-d38 @A: 19 25 12 27 | 01
#0735-d38 @A: 12 22 26 31 | 10
#0736-d38 @A: 01 12 22 09 | 04
#0737-d38 @A: 28 29 13 12 | 06
#0738-d38 @A: 12 04 13 09 | 03
#0739-d38 @A: 02 20 13 12 | 09
#0740-d38 @A: 11 12 09 10 | 02
#0741-d38 @A: 34 18 15 12 | 12
#0742-d38 @A: 28 34 12 24 | 07
#0743-d38 @A: 12 07 16 25 | 11
#0744-d38 @A: 12 07 21 03 | 08
#0745-d38 @A: 20 12 08 14 | 05
#0746-d38 @A: 01 12 02 08 | 01
#0747-d38 @A: 28 23 12 31 | 10
#0748-d38 @A: 12 04 29 34 | 04
#0749-d38 @A: 32 03 19 31 | 06
#0750-d38 @A: 35 02 32 19 | 03
#0751-d38 @A: 16 09 19 32 | 09
#0752-d38 @A: 13 34 03 19 | 02
#0753-d38 @A: 16 25 10 19 | 12
#0754-d38 @A: 08 19 18 28 | 07
#0755-d38 @A: 19 26 24 28 | 11
#0756-d38 @A: 19 21 11 24 | 08
#0757-d38 @A: 07 19 16 26 | 05
#0758-d38 @A: 19 31 30 26 | 01
#0759-d38 @A: 19 07 29 35 | 10
#0760-d38 @A: 30 29 33 19 | 04
#0761-d38 @A: 15 35 34 19 | 06
#0762-d38 @A: 21 19 28 16 | 03
#0763-d38 @A: 09 15 19 21 | 09
#0764-d38 @A: 19 33 09 34 | 02
#0765-d38 @A: 21 19 01 29 | 12
#0766-d38 @A: 22 10 32 31 | 07
#0767-d38 @A: 10 30 22 23 | 11
#0768-d38 @A: 20 22 17 07 | 08
#0769-d38 @A: 07 22 03 34 | 05
#0770-d38 @A: 16 08 22 06 | 01
#0771-d38 @A: 23 22 11 03 | 10
#0772-d38 @A: 22 28 09 20 | 04
#0773-d38 @A: 32 10 04 07 | 06
#0774-d38 @A: 10 32 09 01 | 03
#0775-d38 @A: 32 17 26 21 | 09
#0776-d38 @A: 14 32 29 17 | 02
#0777-d38 @A: 07 14 32 34 | 12
#0778-d38 @A: 27 32 07 31 | 07
#0779-d38 @A: 08 27 32 11 | 11
#0780-d38 @A: 06 32 25 34 | 08
#0781-d38 @A: 32 30 29 03 | 05
#0782-d38 @A: 03 01 32 23 | 01
#0783-d38 @A: 01 32 31 30 | 10
#0784-d38 @A: 01 20 35 32 | 04
#0785-d38 @A: 20 33 29 32 | 06
#0786-d38 @A: 10 24 13 15 | 03
#0787-d38 @A: 21 17 07 13 | 09
#0788-d38 @A: 11 16 26 13 | 02
#0789-d38 @A: 04 13 07 02 | 12
#0790-d38 @A: 08 21 28 13 | 07
#0791-d38 @A: 14 13 28 25 | 11
#0792-d38 @A: 30 03 09 13 | 08
#0793-d38 @A: 20 35 13 29 | 05
#0794-d38 @A: 23 09 28 13 | 01
#0795-d38 @A: 13 15 01 29 | 10
#0796-d38 @A: 29 07 10 17 | 04
#0797-d38 @A: 09 10 30 17 | 06
#0798-d38 @A: 17 31 11 10 | 03
#0799-d38 @A: 10 21 33 17 | 09
#0800-d38 @A: 10 18 06 24 | 02
#0801-d38 @A: 15 18 10 04 | 12
#0802-d38 @A: 24 10 16 08 | 07
#0803-d38 @A: 27 30 10 14 | 11
#0804-d38 @A: 27 34 10 01 | 08
#0805-d38 @A: 26 18 27 17 | 05
#0806-d38 @A: 18 14 17 34 | 01
#0807-d38 @A: 26 17 24 31 | 10
#0808-d38 @A: 17 28 24 16 | 04
#0809-d38 @A: 23 11 17 26 | 06
#0810-d38 @A: 02 07 08 17 | 03
#0811-d38 @A: 17 07 06 03 | 09
#0812-d38 @A: 03 16 14 17 | 02
#0813-d38 @A: 03 27 04 17 | 12
#0814-d38 @A: 17 04 29 15 | 07
#0815-d38 @A: 34 27 09 17 | 11
#0816-d38 @A: 17 21 27 29 | 08
#0817-d38 @A: 08 18 06 03 | 05
#0818-d38 @A: 28 25 18 21 | 01
#0819-d38 @A: 35 21 16 18 | 10
#0820-d38 @A: 28 18 20 34 | 04
#0821-d38 @A: 29 06 18 16 | 06
#0822-d38 @A: 15 23 26 24 | 03
#0823-d38 @A: 30 02 11 24 | 09
#0824-d38 @A: 24 21 27 28 | 02
#0825-d38 @A: 15 24 34 06 | 12
#0826-d38 @A: 03 26 16 08 | 07
#0827-d38 @A: 26 25 03 28 | 11
#0828-d38 @A: 03 14 26 29 | 08
#0829-d38 @A: 01 29 30 26 | 05
#0830-d38 @A: 23 16 27 26 | 01
#0831-d38 @A: 26 09 06 28 | 10
#0832-d38 @A: 15 34 33 26 | 04
#0833-d38 @A: 06 08 25 07 | 06
#0834-d38 @A: 07 08 20 16 | 03
#0835-d38 @A: 25 11 20 07 | 09
#0836-d38 @A: 21 01 23 07 | 02
#0837-d38 @A: 07 27 09 20 | 12
#0838-d38 @A: 29 07 15 06 | 07
#0839-d38 @A: 28 09 31 08 | 11
#0840-d38 @A: 31 08 02 15 | 08
#0841-d38 @A: 21 06 08 04 | 05
#0842-d38 @A: 25 23 30 14 | 01
#0843-d38 @A: 28 03 11 02 | 10
#0844-d38 @A: 35 03 09 34 | 04
#0845-d38 @A: 01 28 27 03 | 06
#0846-d38 @A: 03 21 04 34 | 03
#0847-d38 @A: 21 06 03 02 | 09
#0848-d38 @A: 35 28 30 29 | 02
#0849-d38 @A: 30 21 04 02 | 12
#0850-d38 @A: 27 01 16 30 | 07
#0851-d38 @A: 27 09 30 15 | 11
#0852-d38 @A: 31 14 09 23 | 08
#0853-d38 @A: 01 15 14 23 | 05
#0854-d38 @A: 21 29 14 02 | 01
#0855-d38 @A: 35 11 21 15 | 10
#0856-d38 @A: 23 11 27 09 | 04
#0857-d38 @A: 15 16 11 34 | 06
#0858-d38 @A: 33 23 02 06 | 03
#0859-d38 @A: 12 04 25 05 | 09
#0860-d38 @A: 01 05 19 32 | 02
#0861-d38 @A: 05 19 30 27 | 12
#0862-d38 @A: 11 29 19 05 | 07
#0863-d38 @A: 03 05 32 10 | 11
#0864-d38 @A: 02 32 05 17 | 08
#0865-d38 @A: 31 10 09 05 | 05
#0866-d38 @A: 17 23 05 25 | 01
#0867-d38 @A: 24 27 18 05 | 10
#0868-d38 @A: 02 27 07 05 | 04
#0869-d38 @A: 06 05 16 23 | 06
#0870-d38 @A: 12 23 19 32 | 03
#0871-d38 @A: 28 17 12 19 | 09
#0872-d38 @A: 16 12 19 03 | 02
#0873-d38 @A: 22 32 12 02 | 12
#0874-d38 @A: 08 13 22 12 | 07
#0875-d38 @A: 28 12 22 18 | 11
#0876-d38 @A: 07 12 22 04 | 08
#0877-d38 @A: 13 12 23 30 | 05
#0878-d38 @A: 17 01 07 12 | 01
#0879-d38 @A: 18 03 09 12 | 10
#0880-d38 @A: 12 27 14 24 | 04
#0881-d38 @A: 24 12 15 11 | 06
#0882-d38 @A: 24 15 12 33 | 03
#0883-d38 @A: 26 12 14 16 | 09
#0884-d38 @A: 30 12 34 07 | 02
#0885-d38 @A: 12 08 03 28 | 12
#0886-d38 @A: 33 28 12 25 | 07
#0887-d38 @A: 30 09 12 28 | 11
#0888-d38 @A: 33 01 30 12 | 08
#0889-d38 @A: 35 28 12 02 | 05
#0890-d38 @A: 09 31 12 34 | 01
#0891-d38 @A: 28 12 20 06 | 10
#0892-d38 @A: 33 04 21 12 | 04
#0893-d38 @A: 17 19 09 22 | 06
#0894-d38 @A: 22 03 19 24 | 03
#0895-d38 @A: 29 13 32 19 | 09
#0896-d38 @A: 34 19 32 26 | 02
#0897-d38 @A: 10 19 18 23 | 12
#0898-d38 @A: 10 11 19 04 | 07
#0899-d38 @A: 19 02 17 18 | 11
#0900-d38 @A: 06 17 34 19 | 08
#0901-d38 @A: 18 19 11 34 | 05
#0902-d38 @A: 31 19 25 24 | 01
#0903-d38 @A: 25 19 07 02 | 10
#0904-d38 @A: 19 08 15 25 | 04
#0905-d38 @A: 23 14 19 08 | 06
#0906-d38 @A: 08 35 21 19 | 03
#0907-d38 @A: 04 25 01 19 | 09
#0908-d38 @A: 03 14 28 19 | 02
#0909-d38 @A: 19 30 01 02 | 12
#0910-d38 @A: 15 23 27 19 | 07
#0911-d38 @A: 19 31 29 04 | 11
#0912-d38 @A: 20 19 27 02 | 08
#0913-d38 @A: 32 04 22 08 | 05
#0914-d38 @A: 11 22 16 32 | 01
#0915-d38 @A: 23 22 09 32 | 10
#0916-d38 @A: 17 22 13 29 | 04
#0917-d38 @A: 13 16 25 22 | 06
#0918-d38 @A: 22 26 17 33 | 03
#0919-d38 @A: 20 08 22 24 | 09
#0920-d38 @A: 24 22 31 11 | 02
#0921-d38 @A: 07 08 31 22 | 12
#0922-d38 @A: 22 35 07 30 | 07
#0923-d38 @A: 20 03 22 35 | 11
#0924-d38 @A: 02 23 35 22 | 08
#0925-d38 @A: 35 34 29 22 | 05
#0926-d38 @A: 31 27 34 22 | 01
#0927-d38 @A: 22 34 06 02 | 10
#0928-d38 @A: 13 07 32 33 | 04
#0929-d38 @A: 30 13 35 32 | 06
#0930-d38 @A: 32 10 08 28 | 03
#0931-d38 @A: 32 17 23 07 | 09
#0932-d38 @A: 32 11 20 17 | 02
#0933-d38 @A: 24 15 32 25 | 12
#0934-d38 @A: 28 24 30 32 | 07
#0935-d38 @A: 25 14 35 32 | 11
#0936-d38 @A: 32 14 28 04 | 08
#0937-d38 @A: 27 32 01 04 | 05
#0938-d38 @A: 27 32 02 33 | 01
#0939-d38 @A: 20 10 13 25 | 10
#0940-d38 @A: 17 16 08 13 | 04
#0941-d38 @A: 17 30 13 02 | 06
#0942-d38 @A: 13 14 17 35 | 03
#0943-d38 @A: 23 26 20 13 | 09
#0944-d38 @A: 30 07 06 13 | 02
#0945-d38 @A: 14 13 30 11 | 12
#0946-d38 @A: 13 33 35 01 | 07
#0947-d38 @A: 13 04 28 27 | 11
#0948-d38 @A: 16 15 20 13 | 08
#0949-d38 @A: 26 08 10 04 | 05
#0950-d38 @A: 10 03 26 06 | 01
#0951-d38 @A: 26 02 31 10 | 10
#0952-d38 @A: 16 21 26 10 | 04
#0953-d38 @A: 07 30 16 10 | 06
#0954-d38 @A: 28 03 30 10 | 03
#0955-d38 @A: 20 10 14 33 | 09
#0956-d38 @A: 01 10 02 23 | 02
#0957-d38 @A: 10 28 33 27 | 12
#0958-d38 @A: 29 10 27 04 | 07
#0959-d38 @A: 09 02 10 27 | 11
#0960-d38 @A: 18 25 35 17 | 08
#0961-d38 @A: 17 21 15 24 | 05
#0962-d38 @A: 08 17 26 34 | 01
#0963-d38 @A: 11 14 08 17 | 10
#0964-d38 @A: 03 20 17 30 | 04
#0965-d38 @A: 15 31 09 17 | 06
#0966-d38 @A: 15 20 17 01 | 03
#0967-d38 @A: 24 14 18 28 | 09
#0968-d38 @A: 18 20 03 07 | 02
#0969-d38 @A: 18 07 15 14 | 12
#0970-d38 @A: 35 02 18 31 | 07
#0971-d38 @A: 18 31 01 28 | 11
#0972-d38 @A: 27 09 18 31 | 08
#0973-d38 @A: 20 18 31 16 | 05
#0974-d38 @A: 28 27 18 02 | 01
#0975-d38 @A: 06 09 34 18 | 10
#0976-d38 @A: 11 24 25 27 | 04
#0977-d38 @A: 01 21 24 25 | 06
#0978-d38 @A: 20 24 11 09 | 03
#0979-d38 @A: 24 11 33 02 | 09
#0980-d38 @A: 35 02 24 16 | 02
#0981-d38 @A: 04 27 34 24 | 12
#0982-d38 @A: 04 06 16 24 | 07
#0983-d38 @A: 27 24 16 15 | 11
#0984-d38 @A: 30 26 07 21 | 08
#0985-d38 @A: 29 26 11 07 | 05
#0986-d38 @A: 08 26 30 06 | 01
#0987-d38 @A: 08 26 27 31 | 10
#0988-d38 @A: 25 09 27 26 | 04
#0989-d38 @A: 26 31 23 03 | 06
#0990-d38 @A: 26 20 31 06 | 03
#0991-d38 @A: 20 26 27 28 | 09
#0992-d38 @A: 02 28 26 21 | 02
#0993-d38 @A: 07 35 34 06 | 12
#0994-d38 @A: 27 07 01 33 | 07
#0995-d38 @A: 25 08 27 28 | 11
#0996-d38 @A: 35 29 23 08 | 08
#0997-d38 @A: 31 08 34 06 | 05
#0998-d38 @A: 28 16 01 08 | 01
#0999-d38 @A: 09 27 08 21 | 10
#1000-d38 @A: 21 16 08 29 | 04
#1001-d38 @A: 33 34 02 08 | 06
#1002-d38 @A: 16 34 25 28 | 03
#1003-d38 @A: 03 28 35 23 | 09
#1004-d38 @A: 31 04 28 03 | 02
#1005-d38 @A: 16 23 30 34 | 12
#1006-d38 @A: 31 30 28 27 | 07
#1007-d38 @A: 31 06 29 30 | 11
#1008-d38 @A: 14 27 09 28 | 08
#1009-d38 @A: 01 14 28 20 | 05
#1010-d38 @A: 14 33 15 04 | 01
#1011-d38 @A: 34 01 14 09 | 10
#1012-d38 @A: 11 34 23 31 | 04
#1013-d38 @A: 11 33 23 01 | 06
#1014-d38 @A: 27 11 28 06 | 03
#1015-d38 @A: 15 11 27 04 | 09
#1016-d38 @A: 02 33 35 20 | 02
#1017-d38 @A: 20 16 34 33 | 12
#1018-d38 @A: 09 12 17 05 | 07
#1019-d38 @A: 28 27 05 12 | 11
#1020-d38 @A: 33 02 05 19 | 08
#1021-d38 @A: 09 05 22 03 | 05
#1022-d38 @A: 15 33 05 13 | 01
#1023-d38 @A: 27 05 25 10 | 10
#1024-d38 @A: 20 28 10 05 | 04
#1025-d38 @A: 05 14 17 21 | 06
#1026-d38 @A: 29 20 18 05 | 03
#1027-d38 @A: 09 05 07 24 | 09
#1028-d38 @A: 24 05 33 28 | 02
#1029-d38 @A: 05 04 26 11 | 12
#1030-d38 @A: 23 14 07 05 | 07
#1031-d38 @A: 14 05 08 27 | 11
#1032-d38 @A: 09 05 25 11 | 08
#1033-d38 @A: 27 05 16 35 | 05
#1034-d38 @A: 15 16 05 29 | 01
#1035-d38 @A: 05 29 01 09 | 10
#1036-d38 @A: 33 21 34 05 | 04
#1037-d38 @A: 19 12 24 09 | 06
#1038-d38 @A: 22 23 12 24 | 03
#1039-d38 @A: 10 12 27 32 | 09
#1040-d38 @A: 17 12 16 18 | 02
#1041-d38 @A: 25 12 20 17 | 12
#1042-d38 @A: 04 17 21 12 | 07
#1043-d38 @A: 31 12 24 07 | 11
#1044-d38 @A: 26 12 33 31 | 08
#1045-d38 @A: 11 29 12 33 | 05
#1046-d38 @A: 16 35 06 12 | 01
#1047-d38 @A: 01 15 12 16 | 10
#1048-d38 @A: 06 29 09 12 | 04
#1049-d38 @A: 23 19 10 33 | 06
#1050-d38 @A: 34 24 19 30 | 03
#1051-d38 @A: 25 19 21 26 | 09
#1052-d38 @A: 14 15 31 19 | 02
#1053-d38 @A: 06 19 21 20 | 12
#1054-d38 @A: 33 32 03 22 | 07
#1055-d38 @A: 14 13 09 22 | 11
#1056-d38 @A: 13 11 22 06 | 08
#1057-d38 @A: 08 22 28 17 | 05
#1058-d38 @A: 11 18 09 22 | 01
#1059-d38 @A: 22 33 29 18 | 10
#1060-d38 @A: 01 30 11 22 | 04
#1061-d38 @A: 22 09 02 15 | 06
#1062-d38 @A: 02 20 21 22 | 03
#1063-d38 @A: 10 34 13 32 | 09
#1064-d38 @A: 32 11 35 10 | 02
#1065-d38 @A: 10 32 16 33 | 12
#1066-d38 @A: 02 10 32 06 | 07
#1067-d38 @A: 01 32 18 08 | 11
#1068-d38 @A: 14 08 06 32 | 08
#1069-d38 @A: 08 16 02 32 | 05
#1070-d38 @A: 32 33 09 14 | 01
#1071-d38 @A: 32 27 15 28 | 10
#1072-d38 @A: 06 28 32 01 | 04
#1073-d38 @A: 16 32 27 29 | 06
#1074-d38 @A: 32 06 16 20 | 03
#1075-d38 @A: 13 04 11 17 | 09
#1076-d38 @A: 13 02 18 33 | 02
#1077-d38 @A: 35 13 28 24 | 12
#1078-d38 @A: 13 29 26 08 | 07
#1079-d38 @A: 11 13 09 07 | 11
#1080-d38 @A: 35 13 27 23 | 08
#1081-d38 @A: 13 06 23 34 | 05
#1082-d38 @A: 35 04 10 17 | 01
#1083-d38 @A: 34 30 18 10 | 10
#1084-d38 @A: 09 18 28 10 | 04
#1085-d38 @A: 10 33 08 24 | 06
#1086-d38 @A: 25 24 10 29 | 03
#1087-d38 @A: 08 23 10 03 | 09
#1088-d38 @A: 23 06 10 35 | 02
#1089-d38 @A: 01 10 33 31 | 12
#1090-d38 @A: 17 21 18 03 | 07
#1091-d38 @A: 18 23 04 17 | 11
#1092-d38 @A: 14 23 17 24 | 08
#1093-d38 @A: 15 26 17 14 | 05
#1094-d38 @A: 11 16 07 17 | 01
#1095-d38 @A: 17 14 25 02 | 10
#1096-d38 @A: 16 04 17 25 | 04
#1097-d38 @A: 03 17 34 31 | 06
#1098-d38 @A: 11 17 09 02 | 03
#1099-d38 @A: 15 11 33 17 | 09
#1100-d38 @A: 21 31 17 35 | 02
#1101-d38 @A: 17 04 34 01 | 12
#1102-d38 @A: 09 17 21 16 | 07
#1103-d38 @A: 17 21 20 34 | 11
#1104-d38 @A: 06 26 18 07 | 08
#1105-d38 @A: 04 18 25 34 | 05
#1106-d38 @A: 03 18 23 14 | 01
#1107-d38 @A: 30 14 18 35 | 10
#1108-d38 @A: 09 30 18 16 | 04
#1109-d38 @A: 21 06 23 18 | 06
#1110-d38 @A: 33 04 28 18 | 03
#1111-d38 @A: 35 29 26 24 | 09
#1112-d38 @A: 24 14 09 08 | 02
#1113-d38 @A: 24 08 27 02 | 12
#1114-d38 @A: 14 25 24 16 | 07
#1115-d38 @A: 35 24 21 03 | 11
#1116-d38 @A: 23 03 24 27 | 08
#1117-d38 @A: 15 35 09 24 | 05
#1118-d38 @A: 01 24 29 23 | 01
#1119-d38 @A: 28 24 15 31 | 10
#1120-d38 @A: 20 16 24 21 | 04
#1121-d38 @A: 26 28 04 35 | 06
#1122-d38 @A: 09 02 26 01 | 03
#1123-d38 @A: 34 26 09 20 | 09
#1124-d38 @A: 09 29 26 21 | 02
#1125-d38 @A: 08 04 07 03 | 12
#1126-d38 @A: 28 07 35 25 | 07
#1127-d38 @A: 03 30 07 01 | 11
#1128-d38 @A: 14 33 31 07 | 08
#1129-d38 @A: 16 23 35 07 | 05
#1130-d38 @A: 23 04 07 31 | 01
#1131-d38 @A: 03 08 30 34 | 10
#1132-d38 @A: 28 14 08 33 | 04
#1133-d38 @A: 08 34 35 28 | 06
#1134-d38 @A: 08 15 16 35 | 03
#1135-d38 @A: 34 23 04 08 | 09
#1136-d38 @A: 03 25 16 33 | 02
#1137-d38 @A: 06 25 09 30 | 12
#1138-d38 @A: 15 25 31 11 | 07
#1139-d38 @A: 20 25 28 31 | 11
#1140-d38 @A: 25 15 09 20 | 08
#1141-d38 @A: 34 03 28 06 | 05
#1142-d38 @A: 03 02 29 04 | 01
#1143-d38 @A: 16 03 27 09 | 10
#1144-d38 @A: 21 33 03 27 | 04
#1145-d38 @A: 21 03 15 16 | 06
#1146-d38 @A: 35 30 15 31 | 03
#1147-d38 @A: 30 27 23 06 | 09
#1148-d38 @A: 15 33 16 30 | 02
#1149-d38 @A: 20 09 21 30 | 12
#1150-d38 @A: 11 28 14 31 | 07
#1151-d38 @A: 04 35 14 31 | 11
#1152-d38 @A: 02 06 35 14 | 08
#1153-d38 @A: 14 06 29 28 | 05
#1154-d38 @A: 01 29 14 16 | 01
#1155-d38 @A: 06 20 34 14 | 10
#1156-d38 @A: 02 23 11 04 | 04
#1157-d38 @A: 09 11 31 21 | 06
#1158-d38 @A: 12 22 16 05 | 03
#1159-d38 @A: 03 05 12 06 | 09
#1160-d38 @A: 19 26 05 08 | 02
#1161-d38 @A: 03 35 05 19 | 12
#1162-d38 @A: 24 05 34 22 | 07
#1163-d38 @A: 05 24 29 32 | 11
#1164-d38 @A: 05 23 26 32 | 08
#1165-d38 @A: 05 35 07 13 | 05
#1166-d38 @A: 07 06 10 05 | 01
#1167-d38 @A: 17 16 26 05 | 10
#1168-d38 @A: 30 17 05 01 | 04
#1169-d38 @A: 33 05 17 04 | 06
#1170-d38 @A: 04 05 18 09 | 03
#1171-d38 @A: 05 24 14 15 | 09
#1172-d38 @A: 11 05 16 24 | 02
#1173-d38 @A: 11 05 33 26 | 12
#1174-d38 @A: 05 26 29 31 | 07
#1175-d38 @A: 05 08 11 02 | 11
#1176-d38 @A: 20 31 23 05 | 08
#1177-d38 @A: 30 19 06 12 | 05
#1178-d38 @A: 12 11 02 19 | 01
#1179-d38 @A: 10 12 35 24 | 10
#1180-d38 @A: 34 20 12 10 | 04
#1181-d38 @A: 24 12 17 29 | 06
#1182-d38 @A: 12 20 24 26 | 03
#1183-d38 @A: 12 08 24 06 | 09
#1184-d38 @A: 07 11 12 14 | 02
#1185-d38 @A: 12 07 06 23 | 12
#1186-d38 @A: 12 21 25 09 | 07
#1187-d38 @A: 29 30 12 11 | 11
#1188-d38 @A: 16 11 23 12 | 08
#1189-d38 @A: 29 21 12 35 | 05
#1190-d38 @A: 04 12 16 28 | 01
#1191-d38 @A: 02 27 12 04 | 10
#1192-d38 @A: 18 32 19 27 | 04
#1193-d38 @A: 19 30 15 32 | 06
#1194-d38 @A: 13 15 17 19 | 03
#1195-d38 @A: 07 08 13 19 | 09
#1196-d38 @A: 10 26 27 19 | 02
#1197-d38 @A: 20 24 19 17 | 12
#1198-d38 @A: 33 19 18 03 | 07
#1199-d38 @A: 19 03 07 23 | 11
#1200-d38 @A: 06 04 03 19 | 08
#1201-d38 @A: 30 19 23 11 | 05
#1202-d38 @A: 19 06 31 23 | 01
#1203-d38 @A: 15 04 19 16 | 10
#1204-d38 @A: 26 22 01 13 | 04
#1205-d38 @A: 31 22 03 13 | 06
#1206-d38 @A: 17 03 22 02 | 03
#1207-d38 @A: 03 22 26 21 | 09
#1208-d38 @A: 33 07 28 22 | 02
#1209-d38 @A: 22 03 27 14 | 12
#1210-d38 @A: 31 22 21 16 | 07
#1211-d38 @A: 04 09 27 22 | 11
#1212-d38 @A: 34 01 22 20 | 08
#1213-d38 @A: 20 13 08 32 | 05
#1214-d38 @A: 24 10 23 32 | 01
#1215-d38 @A: 30 27 32 17 | 10
#1216-d38 @A: 30 26 02 32 | 04
#1217-d38 @A: 11 31 32 26 | 06
#1218-d38 @A: 25 07 30 32 | 03
#1219-d38 @A: 23 06 32 04 | 09
#1220-d38 @A: 32 34 29 23 | 02
#1221-d38 @A: 21 04 32 16 | 12
#1222-d38 @A: 29 32 09 15 | 07
#1223-d38 @A: 32 20 15 02 | 11
#1224-d38 @A: 13 10 26 07 | 08
#1225-d38 @A: 01 13 10 08 | 05
#1226-d38 @A: 33 26 28 13 | 01
#1227-d38 @A: 06 14 13 03 | 10
#1228-d38 @A: 09 03 33 13 | 04
#1229-d38 @A: 34 13 35 21 | 06
#1230-d38 @A: 09 16 02 13 | 03
#1231-d38 @A: 33 13 21 16 | 09
#1232-d38 @A: 15 34 13 09 | 02
#1233-d38 @A: 34 13 29 02 | 12
#1234-d38 @A: 10 17 34 28 | 07
#1235-d38 @A: 18 31 10 14 | 11
#1236-d38 @A: 10 34 24 14 | 08
#1237-d38 @A: 10 30 29 08 | 05
#1238-d38 @A: 02 10 25 30 | 01
#1239-d38 @A: 10 35 27 28 | 10
#1240-d38 @A: 16 31 10 15 | 04
#1241-d38 @A: 10 16 20 04 | 06
#1242-d38 @A: 16 06 01 10 | 03
#1243-d38 @A: 06 17 24 33 | 09
#1244-d38 @A: 07 17 31 25 | 02
#1245-d38 @A: 07 17 04 14 | 12
#1246-d38 @A: 17 28 14 30 | 07
#1247-d38 @A: 31 20 17 04 | 11
#1248-d38 @A: 17 16 29 34 | 08
#1249-d38 @A: 21 01 02 17 | 05
#1250-d38 @A: 08 04 18 30 | 01
#1251-d38 @A: 16 01 18 23 | 10
#1252-d38 @A: 18 01 34 33 | 04
#1253-d38 @A: 23 08 28 24 | 06
#1254-d38 @A: 14 24 03 01 | 03
#1255-d38 @A: 29 24 27 31 | 09
#1256-d38 @A: 02 15 04 24 | 02
#1257-d38 @A: 07 25 26 15 | 12
#1258-d38 @A: 33 03 26 30 | 07
#1259-d38 @A: 14 30 20 26 | 11
#1260-d38 @A: 09 31 26 35 | 08
#1261-d38 @A: 31 26 01 34 | 05
#1262-d38 @A: 02 30 07 14 | 01
#1263-d38 @A: 29 07 20 30 | 10
#1264-d38 @A: 07 23 29 09 | 04
#1265-d38 @A: 07 04 21 29 | 06
#1266-d38 @A: 01 34 29 07 | 03
#1267-d38 @A: 21 08 25 33 | 09
#1268-d38 @A: 02 28 08 29 | 02
#1269-d38 @A: 06 33 15 08 | 12
#1270-d38 @A: 03 14 25 11 | 07
#1271-d38 @A: 25 35 02 27 | 11
#1272-d38 @A: 29 25 16 35 | 08
#1273-d38 @A: 31 25 04 33 | 05
#1274-d38 @A: 25 29 27 33 | 01
#1275-d38 @A: 34 27 15 25 | 10
#1276-d38 @A: 25 06 15 21 | 04
#1277-d38 @A: 02 14 03 09 | 06
#1278-d38 @A: 03 27 21 31 | 03
#1279-d38 @A: 35 30 06 20 | 09
#1280-d38 @A: 06 28 02 30 | 02
#1281-d38 @A: 15 29 21 30 | 12
#1282-d38 @A: 01 14 11 35 | 07
#1283-d38 @A: 04 14 11 20 | 11
#1284-d38 @A: 23 04 27 14 | 08
#1285-d38 @A: 14 16 04 34 | 05
#1286-d38 @A: 09 16 15 14 | 01
#1287-d38 @A: 02 33 29 14 | 10
#1288-d38 @A: 23 11 21 29 | 04
#1289-d38 @A: 02 16 01 11 | 06
#1290-d38 @A: 30 05 12 35 | 03
#1291-d38 @A: 10 22 05 01 | 09
#1292-d38 @A: 22 05 07 28 | 02
#1293-d38 @A: 14 20 05 22 | 12
#1294-d38 @A: 28 25 32 05 | 07
#1295-d38 @A: 30 32 05 04 | 11
#1296-d38 @A: 10 05 18 16 | 08
#1297-d38 @A: 05 31 08 24 | 05
#1298-d38 @A: 24 02 25 05 | 01
#1299-d38 @A: 26 05 34 30 | 10
#1300-d38 @A: 02 20 05 26 | 04
#1301-d38 @A: 30 23 05 03 | 06
#1302-d38 @A: 35 05 06 21 | 03
#1303-d38 @A: 05 31 15 34 | 09
#1304-d38 @A: 34 05 06 04 | 02
#1305-d38 @A: 17 12 30 22 | 12
#1306-d38 @A: 22 12 27 33 | 07
#1307-d38 @A: 11 12 01 32 | 11
#1308-d38 @A: 24 13 12 03 | 08
#1309-d38 @A: 13 12 21 26 | 05
#1310-d38 @A: 35 25 12 13 | 01
#1311-d38 @A: 31 11 12 13 | 10
#1312-d38 @A: 02 12 10 03 | 04
#1313-d38 @A: 12 17 33 07 | 06
#1314-d38 @A: 12 27 11 17 | 03
#1315-d38 @A: 27 08 18 12 | 09
#1316-d38 @A: 11 03 04 12 | 02
#1317-d38 @A: 12 29 20 01 | 12
#1318-d38 @A: 06 12 01 21 | 07
#1319-d38 @A: 25 19 32 22 | 11
#1320-d38 @A: 22 19 15 10 | 08
#1321-d38 @A: 07 22 19 01 | 05
#1322-d38 @A: 30 04 22 19 | 01
#1323-d38 @A: 21 32 10 19 | 10
#1324-d38 @A: 10 19 13 31 | 04
#1325-d38 @A: 13 33 19 17 | 06
#1326-d38 @A: 10 08 19 20 | 03
#1327-d38 @A: 19 14 06 10 | 09
#1328-d38 @A: 35 18 19 26 | 02
#1329-d38 @A: 35 19 14 24 | 12
#1330-d38 @A: 19 07 15 33 | 07
#1331-d38 @A: 27 08 19 06 | 11
#1332-d38 @A: 19 25 33 11 | 08
#1333-d38 @A: 33 14 19 11 | 05
#1334-d38 @A: 27 35 19 04 | 01
#1335-d38 @A: 19 28 27 34 | 10
#1336-d38 @A: 34 19 29 20 | 04
#1337-d38 @A: 24 22 32 17 | 06
#1338-d38 @A: 34 18 13 22 | 03
#1339-d38 @A: 13 22 07 23 | 09
#1340-d38 @A: 24 07 22 06 | 02
#1341-d38 @A: 14 04 22 24 | 12
#1342-d38 @A: 26 22 09 07 | 07
#1343-d38 @A: 30 08 02 22 | 11
#1344-d38 @A: 29 22 01 03 | 08
#1345-d38 @A: 33 14 34 22 | 05
#1346-d38 @A: 23 21 22 15 | 01
#1347-d38 @A: 22 31 02 04 | 10
#1348-d38 @A: 20 29 22 04 | 04
#1349-d38 @A: 09 21 22 06 | 06
#1350-d38 @A: 09 33 22 15 | 03
#1351-d38 @A: 32 02 13 25 | 09
#1352-d38 @A: 17 28 18 32 | 02
#1353-d38 @A: 30 18 06 32 | 12
#1354-d38 @A: 18 32 14 02 | 07
#1355-d38 @A: 30 32 16 14 | 11
#1356-d38 @A: 33 35 32 30 | 08
#1357-d38 @A: 01 32 15 21 | 05
#1358-d38 @A: 17 10 23 13 | 01
#1359-d38 @A: 03 21 13 10 | 10
#1360-d38 @A: 13 24 01 30 | 04
#1361-d38 @A: 14 24 21 13 | 06
#1362-d38 @A: 29 11 13 24 | 03
#1363-d38 @A: 13 26 35 02 | 09
#1364-d38 @A: 08 13 03 27 | 02
#1365-d38 @A: 13 30 28 20 | 12
#1366-d38 @A: 34 27 30 13 | 07
#1367-d38 @A: 20 04 13 34 | 11
#1368-d38 @A: 10 24 17 02 | 08
#1369-d38 @A: 01 26 10 18 | 05
#1370-d38 @A: 10 35 18 03 | 01
#1371-d38 @A: 20 10 07 24 | 10
#1372-d38 @A: 25 08 10 35 | 04
#1373-d38 @A: 34 10 25 11 | 06
#1374-d38 @A: 10 25 33 34 | 03
#1375-d38 @A: 30 10 15 01 | 09
#1376-d38 @A: 21 10 27 23 | 02
#1377-d38 @A: 28 16 10 02 | 12
#1378-d38 @A: 17 25 26 06 | 07
#1379-d38 @A: 17 08 09 29 | 11
#1380-d38 @A: 15 28 17 02 | 08
#1381-d38 @A: 02 18 24 07 | 05
#1382-d38 @A: 24 18 21 30 | 01
#1383-d38 @A: 34 26 18 03 | 10
#1384-d38 @A: 29 08 07 18 | 04
#1385-d38 @A: 11 29 18 03 | 06
#1386-d38 @A: 18 14 27 01 | 03
#1387-d38 @A: 24 26 02 14 | 09
#1388-d38 @A: 07 28 24 03 | 02
#1389-d38 @A: 07 23 30 24 | 12
#1390-d38 @A: 07 24 35 11 | 07
#1391-d38 @A: 24 14 06 30 | 11
#1392-d38 @A: 24 31 21 06 | 08
#1393-d38 @A: 24 28 20 02 | 05
#1394-d38 @A: 02 09 29 24 | 01
#1395-d38 @A: 20 07 35 26 | 10
#1396-d38 @A: 30 11 26 15 | 04
#1397-d38 @A: 20 23 26 33 | 06
#1398-d38 @A: 31 03 11 07 | 03
#1399-d38 @A: 35 07 34 33 | 09
#1400-d38 @A: 08 25 31 30 | 02
#1401-d38 @A: 25 14 21 08 | 12
#1402-d38 @A: 23 21 02 08 | 07
#1403-d38 @A: 01 31 33 08 | 11
#1404-d38 @A: 35 25 20 21 | 08
#1405-d38 @A: 09 25 01 23 | 05
#1406-d38 @A: 21 25 16 02 | 01
#1407-d38 @A: 02 01 25 34 | 10
#1408-d38 @A: 25 34 29 21 | 04
#1409-d38 @A: 06 29 03 35 | 06
#1410-d38 @A: 23 03 04 09 | 03
#1411-d38 @A: 09 28 03 15 | 09
#1412-d38 @A: 01 34 03 15 | 02
#1413-d38 @A: 21 01 30 28 | 12
#1414-d38 @A: 09 04 30 01 | 07
#1415-d38 @A: 21 30 20 33 | 11
#1416-d38 @A: 14 21 11 16 | 08
#1417-d38 @A: 20 35 14 15 | 05
#1418-d38 @A: 31 27 11 35 | 01
#1419-d38 @A: 02 11 06 31 | 10
#1420-d38 @A: 09 34 11 04 | 04
#1421-d38 @A: 09 06 16 11 | 06
#1422-d38 @A: 27 35 15 33 | 03
#1423-d38 @A: 21 33 28 31 | 09
#1424-d38 @A: 29 33 04 06 | 02
#1425-d38 @A: 18 05 12 13 | 12
#1426-d38 @A: 19 05 15 18 | 07
#1427-d38 @A: 22 05 31 17 | 11
#1428-d38 @A: 22 11 27 05 | 08
#1429-d38 @A: 18 32 05 34 | 05
#1430-d38 @A: 35 32 05 08 | 01
#1431-d38 @A: 35 26 05 10 | 10
#1432-d38 @A: 05 28 18 03 | 04
#1433-d38 @A: 28 26 14 05 | 06
#1434-d38 @A: 07 29 25 05 | 03
#1435-d38 @A: 05 04 14 03 | 09
#1436-d38 @A: 05 28 31 35 | 02
#1437-d38 @A: 28 23 02 05 | 12
#1438-d38 @A: 33 28 20 05 | 07
#1439-d38 @A: 21 16 05 01 | 11
#1440-d38 @A: 22 29 14 12 | 08
#1441-d38 @A: 32 12 13 06 | 05
#1442-d38 @A: 12 33 14 13 | 01
#1443-d38 @A: 08 17 15 12 | 10
#1444-d38 @A: 18 12 26 23 | 04
#1445-d38 @A: 03 12 26 35 | 06
#1446-d38 @A: 07 15 12 09 | 03
#1447-d38 @A: 12 03 34 14 | 09
#1448-d38 @A: 12 01 03 31 | 02
#1449-d38 @A: 12 20 04 23 | 12
#1450-d38 @A: 27 31 12 15 | 07
#1451-d38 @A: 06 19 22 18 | 11
#1452-d38 @A: 22 26 02 19 | 08
#1453-d38 @A: 22 29 08 19 | 05
#1454-d38 @A: 31 19 32 33 | 01
#1455-d38 @A: 21 19 23 17 | 10
#1456-d38 @A: 19 11 27 07 | 04
#1457-d38 @A: 16 08 19 11 | 06
#1458-d38 @A: 35 09 19 25 | 03
#1459-d38 @A: 35 19 01 31 | 09
#1460-d38 @A: 31 19 34 21 | 02
#1461-d38 @A: 02 19 16 06 | 12
#1462-d38 @A: 15 22 13 35 | 07
#1463-d38 @A: 22 10 30 33 | 11
#1464-d38 @A: 16 22 17 01 | 08
#1465-d38 @A: 23 18 29 22 | 05
#1466-d38 @A: 35 22 33 08 | 01
#1467-d38 @A: 22 20 25 23 | 10
#1468-d38 @A: 20 16 30 22 | 04
#1469-d38 @A: 04 22 11 28 | 06
#1470-d38 @A: 04 35 22 21 | 03
#1471-d38 @A: 22 06 27 29 | 09
#1472-d38 @A: 13 32 01 17 | 02
#1473-d38 @A: 23 14 32 13 | 12
#1474-d38 @A: 32 14 10 15 | 07
#1475-d38 @A: 32 31 06 17 | 11
#1476-d38 @A: 24 09 18 32 | 08
#1477-d38 @A: 07 32 35 18 | 05
#1478-d38 @A: 01 32 34 24 | 01
#1479-d38 @A: 25 29 08 32 | 10
#1480-d38 @A: 32 31 21 08 | 04
#1481-d38 @A: 32 01 25 16 | 06
#1482-d38 @A: 21 03 32 14 | 03
#1483-d38 @A: 31 32 20 09 | 09
#1484-d38 @A: 02 04 32 09 | 02
#1485-d38 @A: 33 01 32 06 | 12
#1486-d38 @A: 06 29 10 13 | 07
#1487-d38 @A: 18 01 07 13 | 11
#1488-d38 @A: 13 26 04 24 | 08
#1489-d38 @A: 33 24 23 13 | 05
#1490-d38 @A: 13 08 25 04 | 01
#1491-d38 @A: 02 08 13 06 | 10
#1492-d38 @A: 33 29 08 13 | 04
#1493-d38 @A: 25 13 30 29 | 06
#1494-d38 @A: 09 01 31 13 | 03
#1495-d38 @A: 31 21 13 02 | 09
#1496-d38 @A: 10 11 26 14 | 02
#1497-d38 @A: 10 07 35 31 | 12
#1498-d38 @A: 14 10 08 02 | 07
#1499-d38 @A: 23 28 10 04 | 11
#1500-d38 @A: 17 18 30 29 | 08
#1501-d38 @A: 09 03 24 17 | 05
#1502-d38 @A: 30 34 25 17 | 01
#1503-d38 @A: 27 02 17 16 | 10
#1504-d38 @A: 24 18 33 21 | 04
#1505-d38 @A: 07 30 33 18 | 06
#1506-d38 @A: 18 11 07 04 | 03
#1507-d38 @A: 18 08 16 14 | 09
#1508-d38 @A: 30 25 15 18 | 02
#1509-d38 @A: 18 35 20 04 | 12
#1510-d38 @A: 02 18 16 04 | 07
#1511-d38 @A: 24 03 33 07 | 11
#1512-d38 @A: 15 03 30 24 | 08
#1513-d38 @A: 24 31 23 35 | 05
#1514-d38 @A: 09 04 31 24 | 01
#1515-d38 @A: 20 24 33 29 | 10
#1516-d38 @A: 27 11 26 03 | 04
#1517-d38 @A: 21 26 06 14 | 06
#1518-d38 @A: 02 16 15 26 | 03
#1519-d38 @A: 26 01 29 33 | 09
#1520-d38 @A: 09 03 25 07 | 02
#1521-d38 @A: 07 27 14 25 | 12
#1522-d38 @A: 06 07 33 25 | 07
#1523-d38 @A: 23 27 34 07 | 11
#1524-d38 @A: 07 27 29 28 | 08
#1525-d38 @A: 07 34 28 02 | 05
#1526-d38 @A: 15 21 27 07 | 01
#1527-d38 @A: 14 03 08 15 | 10
#1528-d38 @A: 14 01 08 30 | 04
#1529-d38 @A: 16 23 31 08 | 06
#1530-d38 @A: 08 01 31 04 | 03
#1531-d38 @A: 20 31 08 29 | 09
#1532-d38 @A: 08 20 04 28 | 02
#1533-d38 @A: 08 15 06 28 | 12
#1534-d38 @A: 25 16 03 06 | 07
#1535-d38 @A: 14 29 15 25 | 11
#1536-d38 @A: 02 25 31 29 | 08
#1537-d38 @A: 04 25 06 27 | 05
#1538-d38 @A: 29 25 27 01 | 01
#1539-d38 @A: 03 35 01 02 | 10
#1540-d38 @A: 02 03 23 16 | 04
#1541-d38 @A: 23 34 03 20 | 06
#1542-d38 @A: 09 20 03 29 | 03
#1543-d38 @A: 35 04 16 30 | 09
#1544-d38 @A: 23 21 31 30 | 02
#1545-d38 @A: 20 30 02 23 | 12
#1546-d38 @A: 29 30 34 09 | 07
#1547-d38 @A: 29 23 14 20 | 11
#1548-d38 @A: 14 34 23 02 | 08
#1549-d38 @A: 31 11 16 04 | 05
#1550-d38 @A: 28 34 01 11 | 01
#1551-d38 @A: 09 33 06 11 | 10
#1552-d38 @A: 33 28 06 35 | 04
#1553-d38 @A: 33 28 01 09 | 06
#1554-d38 @A: 19 34 05 12 | 03
#1555-d38 @A: 29 12 08 05 | 09
#1556-d38 @A: 17 05 10 19 | 02
#1557-d38 @A: 02 18 05 22 | 12
#1558-d38 @A: 07 20 05 32 | 07
#1559-d38 @A: 05 13 03 02 | 11
#1560-d38 @A: 05 21 13 29 | 08
#1561-d38 @A: 05 18 06 17 | 05
#1562-d38 @A: 26 18 21 05 | 01
#1563-d38 @A: 33 18 09 05 | 10
#1564-d38 @A: 05 08 01 03 | 04
#1565-d38 @A: 06 08 05 20 | 06
#1566-d38 @A: 27 05 06 01 | 03
#1567-d38 @A: 12 31 19 18 | 09
#1568-d38 @A: 14 12 19 21 | 02
#1569-d38 @A: 11 12 34 22 | 12
#1570-d38 @A: 09 12 32 14 | 07
#1571-d38 @A: 17 12 34 13 | 11
#1572-d38 @A: 12 10 30 26 | 08
#1573-d38 @A: 33 12 06 10 | 05
#1574-d38 @A: 02 12 24 21 | 01
#1575-d38 @A: 26 11 06 12 | 10
#1576-d38 @A: 12 04 14 30 | 04
#1577-d38 @A: 35 34 12 01 | 06
#1578-d38 @A: 18 13 19 09 | 03
#1579-d38 @A: 13 19 26 06 | 09
#1580-d38 @A: 16 24 19 18 | 02
#1581-d38 @A: 06 24 19 29 | 12
#1582-d38 @A: 20 03 26 19 | 07
#1583-d38 @A: 19 33 04 08 | 11
#1584-d38 @A: 03 19 11 15 | 08
#1585-d38 @A: 19 31 11 20 | 05
#1586-d38 @A: 16 29 19 23 | 01
#1587-d38 @A: 34 19 23 09 | 10
#1588-d38 @A: 04 02 19 28 | 04
#1589-d38 @A: 27 19 09 01 | 06
#1590-d38 @A: 19 20 16 01 | 03
#1591-d38 @A: 34 22 32 30 | 09
#1592-d38 @A: 02 13 22 24 | 02
#1593-d38 @A: 22 33 13 04 | 12
#1594-d38 @A: 26 22 34 10 | 07
#1595-d38 @A: 22 04 25 10 | 11
#1596-d38 @A: 22 35 17 27 | 08
#1597-d38 @A: 07 18 22 27 | 05
#1598-d38 @A: 04 22 18 03 | 01
#1599-d38 @A: 18 22 31 30 | 10
#1600-d38 @A: 16 26 22 24 | 04
#1601-d38 @A: 24 25 22 28 | 06
#1602-d38 @A: 01 15 24 22 | 03
#1603-d38 @A: 22 21 24 29 | 09
#1604-d38 @A: 15 22 27 26 | 02
#1605-d38 @A: 07 22 21 25 | 12
#1606-d38 @A: 07 15 11 22 | 07
#1607-d38 @A: 35 31 22 06 | 11
#1608-d38 @A: 28 01 22 35 | 08
#1609-d38 @A: 29 22 09 31 | 05
#1610-d38 @A: 32 18 25 10 | 01
#1611-d38 @A: 16 18 32 26 | 10
#1612-d38 @A: 20 24 32 04 | 04
#1613-d38 @A: 32 25 03 04 | 06
#1614-d38 @A: 27 06 32 03 | 03
#1615-d38 @A: 11 09 30 32 | 09
#1616-d38 @A: 32 29 31 35 | 02
#1617-d38 @A: 21 32 28 35 | 12
#1618-d38 @A: 06 32 09 35 | 07
#1619-d38 @A: 15 31 32 04 | 11
#1620-d38 @A: 02 01 29 32 | 08
#1621-d38 @A: 06 21 32 29 | 05
#1622-d38 @A: 26 18 30 13 | 01
#1623-d38 @A: 07 13 25 34 | 10
#1624-d38 @A: 13 27 11 33 | 04
#1625-d38 @A: 13 35 01 06 | 06
#1626-d38 @A: 13 33 31 34 | 03
#1627-d38 @A: 13 28 16 06 | 09
#1628-d38 @A: 27 02 15 13 | 02
#1629-d38 @A: 10 20 17 26 | 12
#1630-d38 @A: 01 17 10 14 | 07
#1631-d38 @A: 10 23 07 11 | 11
#1632-d38 @A: 34 09 07 10 | 08
#1633-d38 @A: 10 28 06 25 | 05
#1634-d38 @A: 20 03 10 14 | 01
#1635-d38 @A: 10 29 34 03 | 10
#1636-d38 @A: 02 10 35 20 | 04
#1637-d38 @A: 01 17 24 18 | 06
#1638-d38 @A: 17 28 26 07 | 03
#1639-d38 @A: 30 17 08 21 | 09
#1640-d38 @A: 08 06 35 17 | 02
#1641-d38 @A: 28 01 17 25 | 12
#1642-d38 @A: 15 16 17 06 | 07
#1643-d38 @A: 17 16 02 33 | 11
#1644-d38 @A: 09 33 29 17 | 08
#1645-d38 @A: 26 25 18 24 | 05
#1646-d38 @A: 18 23 11 24 | 01
#1647-d38 @A: 26 14 09 18 | 10
#1648-d38 @A: 18 26 29 28 | 04
#1649-d38 @A: 28 16 18 07 | 06
#1650-d38 @A: 02 34 08 18 | 03
#1651-d38 @A: 27 03 25 18 | 09
#1652-d38 @A: 33 20 11 18 | 02
#1653-d38 @A: 23 34 35 18 | 12
#1654-d38 @A: 35 18 28 15 | 07
#1655-d38 @A: 18 35 27 06 | 11
#1656-d38 @A: 31 06 15 18 | 08
#1657-d38 @A: 16 24 03 34 | 05
#1658-d38 @A: 33 09 24 30 | 01
#1659-d38 @A: 24 09 01 28 | 10
#1660-d38 @A: 11 26 21 34 | 04
#1661-d38 @A: 16 09 04 26 | 06
#1662-d38 @A: 15 01 04 26 | 03
#1663-d38 @A: 30 07 27 08 | 09
#1664-d38 @A: 11 08 34 07 | 02
#1665-d38 @A: 03 07 14 35 | 12
#1666-d38 @A: 23 02 15 07 | 07
#1667-d38 @A: 28 04 01 07 | 11
#1668-d38 @A: 28 09 21 07 | 08
#1669-d38 @A: 06 02 07 09 | 05
#1670-d38 @A: 20 07 15 34 | 01
#1671-d38 @A: 08 31 03 35 | 10
#1672-d38 @A: 08 35 01 09 | 04
#1673-d38 @A: 09 08 04 15 | 06
#1674-d38 @A: 34 08 29 27 | 03
#1675-d38 @A: 09 34 16 08 | 09
#1676-d38 @A: 25 23 03 21 | 02
#1677-d38 @A: 25 23 27 31 | 12
#1678-d38 @A: 25 06 01 31 | 07
#1679-d38 @A: 01 20 03 06 | 11
#1680-d38 @A: 01 30 35 23 | 08
#1681-d38 @A: 02 30 09 35 | 05
#1682-d38 @A: 11 02 15 14 | 01
#1683-d38 @A: 31 27 14 02 | 10
#1684-d38 @A: 14 01 33 16 | 04
#1685-d38 @A: 06 21 33 14 | 06
#1686-d38 @A: 11 23 20 01 | 03
#1687-d38 @A: 28 16 11 29 | 09
#1688-d38 @A: 34 33 28 11 | 02
#1689-d38 @A: 33 02 35 04 | 12
