#0001-d54 @A: 28 17 29 03 | 12
#0002-d54 @A: 25 29 05 01 | 10
#0003-d54 @A: 04 01 11 29 | 06
#0004-d54 @A: 10 29 20 27 | 02
#0005-d54 @A: 28 29 27 24 | 07
#0006-d54 @A: 30 23 13 29 | 04
#0007-d54 @A: 31 10 08 29 | 11
#0008-d54 @A: 29 17 13 02 | 05
#0009-d54 @A: 02 29 06 31 | 09
#0010-d54 @A: 29 07 28 22 | 08
#0011-d54 @A: 29 12 11 16 | 03
#0012-d54 @A: 07 29 35 19 | 01
#0013-d54 @A: 06 23 29 19 | 12
#0014-d54 @A: 14 21 29 04 | 10
#0015-d54 @A: 29 23 17 04 | 06
#0016-d54 @A: 29 34 12 04 | 02
#0017-d54 @A: 34 29 08 23 | 07
#0018-d54 @A: 21 29 17 20 | 04
#0019-d54 @A: 27 01 03 04 | 11
#0020-d54 @A: 03 06 01 16 | 05
#0021-d54 @A: 32 27 03 15 | 09
#0022-d54 @A: 03 25 20 31 | 08
#0023-d54 @A: 19 12 03 25 | 03
#0024-d54 @A: 03 16 05 25 | 01
#0025-d54 @A: 15 10 09 03 | 12
#0026-d54 @A: 30 18 31 03 | 10
#0027-d54 @A: 07 03 28 30 | 06
#0028-d54 @A: 04 13 16 03 | 02
#0029-d54 @A: 12 06 03 02 | 07
#0030-d54 @A: 20 03 33 22 | 04
#0031-d54 @A: 08 34 24 03 | 11
#0032-d54 @A: 24 06 03 14 | 05
#0033-d54 @A: 17 19 11 03 | 09
#0034-d54 @A: 03 04 18 21 | 08
#0035-d54 @A: 03 33 12 21 | 03
#0036-d54 @A: 35 03 14 34 | 01
#0037-d54 @A: 18 34 03 06 | 12
#0038-d54 @A: 01 27 34 13 | 10
#0039-d54 @A: 01 27 09 23 | 06
#0040-d54 @A: 01 20 11 25 | 02
#0041-d54 @A: 01 25 35 23 | 07
#0042-d54 @A: 30 01 08 33 | 04
#0043-d54 @A: 28 02 01 22 | 11
#0044-d54 @A: 31 01 20 02 | 05
#0045-d54 @A: 32 07 08 01 | 09
#0046-d54 @A: 18 01 16 11 | 08
#0047-d54 @A: 18 07 01 20 | 03
#0048-d54 @A: 28 05 08 01 | 01
#0049-d54 @A: 23 01 14 08 | 12
#0050-d54 @A: 23 33 28 01 | 10
#0051-d54 @A: 01 18 26 28 | 06
#0052-d54 @A: 01 21 26 35 | 02
#0053-d54 @A: 17 26 01 06 | 07
#0054-d54 @A: 26 01 34 12 | 04
#0055-d54 @A: 20 30 25 27 | 11
#0056-d54 @A: 14 25 27 24 | 05
#0057-d54 @A: 16 15 34 27 | 09
#0058-d54 @A: 30 21 27 31 | 08
#0059-d54 @A: 07 27 34 10 | 03
#0060-d54 @A: 10 27 16 12 | 01
#0061-d54 @A: 11 27 21 13 | 12
#0062-d54 @A: 16 13 27 35 | 10
#0063-d54 @A: 24 27 31 12 | 06
#0064-d54 @A: 23 19 27 26 | 02
#0065-d54 @A: 08 06 04 27 | 07
#0066-d54 @A: 04 27 14 09 | 04
#0067-d54 @A: 27 09 20 17 | 11
#0068-d54 @A: 30 24 21 25 | 05
#0069-d54 @A: 13 08 20 25 | 09
#0070-d54 @A: 05 24 25 22 | 08
#0071-d54 @A: 07 21 25 28 | 03
#0072-d54 @A: 28 18 25 17 | 01
#0073-d54 @A: 35 09 28 25 | 12
#0074-d54 @A: 17 25 14 23 | 10
#0075-d54 @A: 12 25 05 18 | 06
#0076-d54 @A: 34 30 14 15 | 02
#0077-d54 @A: 10 04 15 07 | 07
#0078-d54 @A: 22 15 13 19 | 04
#0079-d54 @A: 13 15 06 08 | 11
#0080-d54 @A: 21 15 24 06 | 05
#0081-d54 @A: 07 32 20 15 | 09
#0082-d54 @A: 12 15 09 04 | 08
#0083-d54 @A: 11 04 30 13 | 03
#0084-d54 @A: 30 32 02 23 | 01
#0085-d54 @A: 33 30 32 02 | 12
#0086-d54 @A: 17 30 24 11 | 10
#0087-d54 @A: 06 30 32 07 | 06
#0088-d54 @A: 33 16 11 30 | 02
#0089-d54 @A: 09 21 20 30 | 07
#0090-d54 @A: 13 02 05 10 | 04
#0091-d54 @A: 17 13 10 22 | 11
#0092-d54 @A: 10 14 13 19 | 05
#0093-d54 @A: 10 02 20 22 | 09
#0094-d54 @A: 10 16 24 23 | 08
#0095-d54 @A: 21 10 23 31 | 03
#0096-d54 @A: 18 16 33 10 | 01
#0097-d54 @A: 04 10 14 05 | 12
#0098-d54 @A: 26 20 21 10 | 10
#0099-d54 @A: 33 14 35 10 | 06
#0100-d54 @A: 20 11 13 02 | 02
#0101-d54 @A: 22 13 07 35 | 07
#0102-d54 @A: 31 17 11 13 | 04
#0103-d54 @A: 23 16 13 31 | 11
#0104-d54 @A: 08 07 11 13 | 05
#0105-d54 @A: 16 34 05 13 | 09
#0106-d54 @A: 06 17 28 13 | 08
#0107-d54 @A: 13 09 26 28 | 03
#0108-d54 @A: 16 05 22 02 | 01
#0109-d54 @A: 22 02 04 14 | 12
#0110-d54 @A: 21 02 24 31 | 10
#0111-d54 @A: 11 02 18 19 | 06
#0112-d54 @A: 09 11 02 23 | 02
#0113-d54 @A: 02 19 34 07 | 07
#0114-d54 @A: 02 08 34 26 | 04
#0115-d54 @A: 20 02 12 34 | 11
#0116-d54 @A: 12 23 02 26 | 05
#0117-d54 @A: 24 22 06 11 | 09
#0118-d54 @A: 22 16 14 24 | 08
#0119-d54 @A: 22 11 20 08 | 03
#0120-d54 @A: 22 05 19 14 | 01
#0121-d54 @A: 20 35 22 04 | 12
#0122-d54 @A: 06 05 22 35 | 10
#0123-d54 @A: 34 31 32 24 | 06
#0124-d54 @A: 24 16 32 09 | 02
#0125-d54 @A: 04 31 28 24 | 07
#0126-d54 @A: 24 28 16 19 | 04
#0127-d54 @A: 35 14 24 08 | 11
#0128-d54 @A: 24 21 34 26 | 05
#0129-d54 @A: 05 17 33 24 | 09
#0130-d54 @A: 21 07 14 32 | 08
#0131-d54 @A: 09 32 08 21 | 03
#0132-d54 @A: 09 32 12 18 | 01
#0133-d54 @A: 21 31 20 12 | 12
#0134-d54 @A: 21 31 17 34 | 10
#0135-d54 @A: 23 26 31 17 | 06
#0136-d54 @A: 06 11 23 08 | 02
#0137-d54 @A: 35 20 34 11 | 07
#0138-d54 @A: 20 18 11 14 | 04
#0139-d54 @A: 28 26 11 23 | 11
#0140-d54 @A: 12 11 35 05 | 05
#0141-d54 @A: 19 08 12 20 | 09
#0142-d54 @A: 17 19 34 08 | 08
#0143-d54 @A: 19 34 06 28 | 03
#0144-d54 @A: 14 19 35 09 | 01
#0145-d54 @A: 12 14 19 18 | 12
#0146-d54 @A: 34 07 08 16 | 10
#0147-d54 @A: 20 04 21 07 | 06
#0148-d54 @A: 07 09 14 20 | 02
#0149-d54 @A: 09 07 35 05 | 07
#0150-d54 @A: 07 26 34 09 | 04
#0151-d54 @A: 26 04 16 23 | 11
#0152-d54 @A: 16 08 05 26 | 05
#0153-d54 @A: 12 17 16 06 | 09
#0154-d54 @A: 33 34 16 35 | 08
#0155-d54 @A: 33 28 34 04 | 03
#0156-d54 @A: 14 28 33 12 | 01
#0157-d54 @A: 29 08 27 01 | 12
#0158-d54 @A: 01 02 29 21 | 10
#0159-d54 @A: 20 24 29 01 | 06
#0160-d54 @A: 33 06 29 01 | 02
#0161-d54 @A: 12 25 27 29 | 07
#0162-d54 @A: 29 27 30 05 | 04
#0163-d54 @A: 27 29 22 34 | 11
#0164-d54 @A: 29 11 27 35 | 05
#0165-d54 @A: 27 19 29 14 | 09
#0166-d54 @A: 29 07 27 26 | 08
#0167-d54 @A: 29 15 35 32 | 03
#0168-d54 @A: 15 07 29 05 | 01
#0169-d54 @A: 29 12 02 30 | 12
#0170-d54 @A: 29 09 32 30 | 10
#0171-d54 @A: 04 02 10 29 | 06
#0172-d54 @A: 29 10 33 21 | 02
#0173-d54 @A: 02 32 20 29 | 07
#0174-d54 @A: 29 22 26 06 | 04
#0175-d54 @A: 31 14 29 24 | 11
#0176-d54 @A: 16 29 05 24 | 05
#0177-d54 @A: 29 33 04 31 | 09
#0178-d54 @A: 06 04 29 18 | 08
#0179-d54 @A: 29 06 28 08 | 03
#0180-d54 @A: 29 08 35 12 | 01
#0181-d54 @A: 26 23 29 09 | 12
#0182-d54 @A: 01 22 03 18 | 10
#0183-d54 @A: 19 03 34 01 | 06
#0184-d54 @A: 27 14 03 07 | 02
#0185-d54 @A: 17 26 03 27 | 07
#0186-d54 @A: 03 05 21 30 | 04
#0187-d54 @A: 14 02 10 03 | 11
#0188-d54 @A: 23 33 03 13 | 05
#0189-d54 @A: 32 02 34 03 | 09
#0190-d54 @A: 22 16 34 03 | 08
#0191-d54 @A: 04 32 03 24 | 03
#0192-d54 @A: 32 03 23 19 | 01
#0193-d54 @A: 32 03 12 16 | 12
#0194-d54 @A: 32 03 35 33 | 10
#0195-d54 @A: 03 33 28 31 | 06
#0196-d54 @A: 04 05 03 09 | 02
#0197-d54 @A: 26 08 03 21 | 07
#0198-d54 @A: 17 18 20 03 | 04
#0199-d54 @A: 14 09 21 03 | 11
#0200-d54 @A: 09 23 06 03 | 05
#0201-d54 @A: 34 05 03 12 | 09
#0202-d54 @A: 27 01 07 16 | 08
#0203-d54 @A: 01 25 24 34 | 03
#0204-d54 @A: 01 11 15 09 | 01
#0205-d54 @A: 32 26 30 01 | 12
#0206-d54 @A: 19 01 04 30 | 10
#0207-d54 @A: 01 07 30 34 | 06
#0208-d54 @A: 01 13 26 19 | 02
#0209-d54 @A: 22 01 12 31 | 07
#0210-d54 @A: 01 11 22 26 | 04
#0211-d54 @A: 34 16 31 01 | 11
#0212-d54 @A: 17 01 04 21 | 05
#0213-d54 @A: 01 06 18 14 | 09
#0214-d54 @A: 19 27 15 12 | 08
#0215-d54 @A: 04 18 15 27 | 03
#0216-d54 @A: 30 09 22 27 | 01
#0217-d54 @A: 32 30 35 27 | 12
#0218-d54 @A: 10 27 11 06 | 10
#0219-d54 @A: 27 28 16 21 | 06
#0220-d54 @A: 27 28 08 34 | 02
#0221-d54 @A: 11 15 25 24 | 07
#0222-d54 @A: 04 25 16 30 | 04
#0223-d54 @A: 20 10 34 25 | 11
#0224-d54 @A: 10 28 25 33 | 05
#0225-d54 @A: 22 34 25 02 | 09
#0226-d54 @A: 25 26 02 21 | 08
#0227-d54 @A: 25 05 02 09 | 03
#0228-d54 @A: 22 25 35 11 | 01
#0229-d54 @A: 25 19 31 24 | 12
#0230-d54 @A: 05 25 28 34 | 10
#0231-d54 @A: 25 09 17 26 | 06
#0232-d54 @A: 33 13 30 15 | 02
#0233-d54 @A: 02 15 34 10 | 07
#0234-d54 @A: 32 09 15 02 | 04
#0235-d54 @A: 15 26 07 24 | 11
#0236-d54 @A: 16 24 35 15 | 05
#0237-d54 @A: 15 32 21 31 | 09
#0238-d54 @A: 16 08 15 32 | 08
#0239-d54 @A: 26 04 14 15 | 03
#0240-d54 @A: 35 20 15 05 | 01
#0241-d54 @A: 35 15 17 14 | 12
#0242-d54 @A: 23 18 26 15 | 10
#0243-d54 @A: 30 26 22 10 | 06
#0244-d54 @A: 05 31 24 30 | 02
#0245-d54 @A: 24 20 04 30 | 07
#0246-d54 @A: 30 19 18 05 | 04
#0247-d54 @A: 18 30 20 23 | 11
#0248-d54 @A: 20 05 33 30 | 05
#0249-d54 @A: 35 10 13 24 | 09
#0250-d54 @A: 10 08 13 21 | 08
#0251-d54 @A: 33 02 34 10 | 03
#0252-d54 @A: 18 04 10 24 | 01
#0253-d54 @A: 19 26 10 11 | 12
#0254-d54 @A: 06 10 35 16 | 10
#0255-d54 @A: 35 10 08 04 | 06
#0256-d54 @A: 10 17 34 26 | 02
#0257-d54 @A: 17 10 14 12 | 07
#0258-d54 @A: 10 05 35 34 | 04
#0259-d54 @A: 12 05 06 10 | 11
#0260-d54 @A: 02 08 13 16 | 05
#0261-d54 @A: 13 05 08 23 | 09
#0262-d54 @A: 12 13 34 08 | 08
#0263-d54 @A: 22 32 02 12 | 03
#0264-d54 @A: 02 33 24 11 | 01
#0265-d54 @A: 07 02 14 24 | 12
#0266-d54 @A: 02 04 32 19 | 10
#0267-d54 @A: 23 31 02 07 | 06
#0268-d54 @A: 16 33 06 02 | 02
#0269-d54 @A: 23 21 34 02 | 07
#0270-d54 @A: 32 17 20 22 | 04
#0271-d54 @A: 05 22 21 18 | 11
#0272-d54 @A: 12 35 22 14 | 05
#0273-d54 @A: 24 07 31 17 | 09
#0274-d54 @A: 05 11 19 24 | 08
#0275-d54 @A: 21 19 24 18 | 03
#0276-d54 @A: 17 09 08 24 | 01
#0277-d54 @A: 28 24 17 14 | 12
#0278-d54 @A: 31 32 05 16 | 10
#0279-d54 @A: 31 12 32 33 | 06
#0280-d54 @A: 33 08 11 32 | 02
#0281-d54 @A: 26 28 21 32 | 07
#0282-d54 @A: 32 23 35 09 | 04
#0283-d54 @A: 06 33 32 09 | 11
#0284-d54 @A: 31 04 20 09 | 05
#0285-d54 @A: 31 20 17 08 | 09
#0286-d54 @A: 31 14 17 05 | 08
#0287-d54 @A: 14 33 17 31 | 03
#0288-d54 @A: 11 19 16 23 | 01
#0289-d54 @A: 26 19 34 04 | 12
#0290-d54 @A: 19 26 09 20 | 10
#0291-d54 @A: 09 33 21 19 | 06
#0292-d54 @A: 16 04 05 07 | 02
#0293-d54 @A: 07 17 16 09 | 07
#0294-d54 @A: 07 34 04 06 | 04
#0295-d54 @A: 08 28 12 07 | 11
#0296-d54 @A: 06 23 26 07 | 05
#0297-d54 @A: 33 16 08 05 | 09
#0298-d54 @A: 21 16 18 17 | 08
#0299-d54 @A: 12 05 16 21 | 03
#0300-d54 @A: 09 06 26 16 | 01
#0301-d54 @A: 14 16 34 09 | 12
#0302-d54 @A: 33 14 34 21 | 10
#0303-d54 @A: 29 03 08 30 | 06
#0304-d54 @A: 03 29 02 05 | 02
#0305-d54 @A: 29 03 20 12 | 07
#0306-d54 @A: 09 15 29 16 | 04
#0307-d54 @A: 13 29 11 28 | 11
#0308-d54 @A: 14 20 22 29 | 05
#0309-d54 @A: 34 29 07 31 | 09
#0310-d54 @A: 01 25 03 08 | 08
#0311-d54 @A: 11 27 03 18 | 03
#0312-d54 @A: 25 24 28 03 | 01
#0313-d54 @A: 30 23 03 15 | 12
#0314-d54 @A: 30 35 03 16 | 10
#0315-d54 @A: 33 30 04 03 | 06
#0316-d54 @A: 13 03 23 10 | 02
#0317-d54 @A: 10 24 03 05 | 07
#0318-d54 @A: 20 07 10 03 | 04
#0319-d54 @A: 16 03 17 10 | 11
#0320-d54 @A: 02 26 22 03 | 05
#0321-d54 @A: 31 09 03 22 | 09
#0322-d54 @A: 31 24 03 23 | 08
#0323-d54 @A: 16 14 19 03 | 03
#0324-d54 @A: 06 03 21 17 | 01
#0325-d54 @A: 27 31 25 01 | 12
#0326-d54 @A: 32 02 25 01 | 10
#0327-d54 @A: 07 01 25 26 | 06
#0328-d54 @A: 31 01 08 15 | 02
#0329-d54 @A: 16 04 15 01 | 07
#0330-d54 @A: 01 17 30 22 | 04
#0331-d54 @A: 22 04 13 01 | 11
#0332-d54 @A: 09 13 16 01 | 05
#0333-d54 @A: 16 35 01 22 | 09
#0334-d54 @A: 32 01 33 21 | 08
#0335-d54 @A: 01 21 18 23 | 03
#0336-d54 @A: 14 01 12 05 | 01
#0337-d54 @A: 27 15 06 02 | 12
#0338-d54 @A: 30 27 33 19 | 10
#0339-d54 @A: 10 28 32 27 | 06
#0340-d54 @A: 13 02 04 27 | 02
#0341-d54 @A: 27 33 14 13 | 07
#0342-d54 @A: 24 27 02 34 | 04
#0343-d54 @A: 05 18 02 27 | 11
#0344-d54 @A: 27 26 22 16 | 05
#0345-d54 @A: 24 27 33 28 | 09
#0346-d54 @A: 09 27 07 32 | 08
#0347-d54 @A: 04 33 27 32 | 03
#0348-d54 @A: 26 27 33 31 | 01
#0349-d54 @A: 27 11 14 05 | 12
#0350-d54 @A: 16 19 05 27 | 10
#0351-d54 @A: 27 05 21 34 | 06
#0352-d54 @A: 27 14 21 26 | 02
#0353-d54 @A: 27 34 14 17 | 07
#0354-d54 @A: 34 23 27 33 | 04
#0355-d54 @A: 35 25 15 12 | 11
#0356-d54 @A: 25 08 30 02 | 05
#0357-d54 @A: 30 25 28 32 | 09
#0358-d54 @A: 12 24 25 02 | 08
#0359-d54 @A: 17 20 25 24 | 03
#0360-d54 @A: 23 19 07 25 | 01
#0361-d54 @A: 25 20 06 28 | 12
#0362-d54 @A: 09 25 23 20 | 10
#0363-d54 @A: 26 28 25 14 | 06
#0364-d54 @A: 15 10 30 08 | 02
#0365-d54 @A: 06 15 13 33 | 07
#0366-d54 @A: 22 21 15 02 | 04
#0367-d54 @A: 15 04 06 22 | 11
#0368-d54 @A: 28 22 15 33 | 05
#0369-d54 @A: 11 32 17 15 | 09
#0370-d54 @A: 19 31 14 15 | 08
#0371-d54 @A: 05 04 34 15 | 03
#0372-d54 @A: 12 15 06 20 | 01
#0373-d54 @A: 15 05 06 28 | 12
#0374-d54 @A: 34 18 15 21 | 10
#0375-d54 @A: 35 15 06 23 | 06
#0376-d54 @A: 23 15 33 12 | 02
#0377-d54 @A: 35 10 19 30 | 07
#0378-d54 @A: 21 30 13 18 | 04
#0379-d54 @A: 30 19 20 02 | 11
#0380-d54 @A: 07 30 16 22 | 05
#0381-d54 @A: 30 18 24 32 | 09
#0382-d54 @A: 30 11 07 26 | 08
#0383-d54 @A: 08 07 23 30 | 03
#0384-d54 @A: 28 30 17 33 | 01
#0385-d54 @A: 21 26 30 23 | 12
#0386-d54 @A: 09 34 30 12 | 10
#0387-d54 @A: 30 12 06 18 | 06
#0388-d54 @A: 30 18 33 14 | 02
#0389-d54 @A: 10 02 28 23 | 07
#0390-d54 @A: 10 22 05 11 | 04
#0391-d54 @A: 24 11 10 34 | 11
#0392-d54 @A: 04 16 11 10 | 05
#0393-d54 @A: 09 21 05 10 | 09
#0394-d54 @A: 09 35 17 10 | 08
#0395-d54 @A: 09 17 10 33 | 03
#0396-d54 @A: 18 34 10 23 | 01
#0397-d54 @A: 26 06 14 10 | 12
#0398-d54 @A: 02 22 13 31 | 10
#0399-d54 @A: 20 13 24 09 | 06
#0400-d54 @A: 21 13 32 19 | 02
#0401-d54 @A: 13 32 16 20 | 07
#0402-d54 @A: 13 32 06 09 | 04
#0403-d54 @A: 19 06 11 13 | 11
#0404-d54 @A: 13 19 08 28 | 05
#0405-d54 @A: 17 13 20 35 | 09
#0406-d54 @A: 21 13 28 33 | 08
#0407-d54 @A: 07 33 02 22 | 03
#0408-d54 @A: 32 17 02 06 | 01
#0409-d54 @A: 26 35 16 02 | 12
#0410-d54 @A: 04 33 23 02 | 10
#0411-d54 @A: 02 21 08 12 | 06
#0412-d54 @A: 18 24 31 22 | 02
#0413-d54 @A: 22 23 33 32 | 07
#0414-d54 @A: 22 31 16 04 | 04
#0415-d54 @A: 11 17 16 22 | 11
#0416-d54 @A: 04 22 28 21 | 05
#0417-d54 @A: 34 22 26 20 | 09
#0418-d54 @A: 20 12 22 18 | 08
#0419-d54 @A: 17 22 28 26 | 03
#0420-d54 @A: 34 17 06 22 | 01
#0421-d54 @A: 23 26 22 14 | 12
#0422-d54 @A: 22 06 23 18 | 10
#0423-d54 @A: 24 31 16 26 | 06
#0424-d54 @A: 24 11 04 07 | 02
#0425-d54 @A: 24 19 26 14 | 07
#0426-d54 @A: 18 34 28 32 | 04
#0427-d54 @A: 18 04 31 05 | 11
#0428-d54 @A: 08 31 14 28 | 05
#0429-d54 @A: 31 26 28 20 | 09
#0430-d54 @A: 28 08 11 04 | 08
#0431-d54 @A: 17 18 04 11 | 03
#0432-d54 @A: 26 08 09 11 | 01
#0433-d54 @A: 28 11 34 09 | 12
#0434-d54 @A: 18 12 23 11 | 10
#0435-d54 @A: 09 19 21 28 | 06
#0436-d54 @A: 28 19 06 33 | 02
#0437-d54 @A: 18 35 17 19 | 07
#0438-d54 @A: 07 04 14 17 | 04
#0439-d54 @A: 07 20 23 34 | 11
#0440-d54 @A: 28 07 17 35 | 05
#0441-d54 @A: 21 05 06 07 | 09
#0442-d54 @A: 21 07 12 18 | 08
#0443-d54 @A: 14 23 28 16 | 03
#0444-d54 @A: 33 29 03 08 | 01
#0445-d54 @A: 29 32 01 22 | 12
#0446-d54 @A: 29 01 17 19 | 10
#0447-d54 @A: 29 07 23 01 | 06
#0448-d54 @A: 02 29 25 14 | 02
#0449-d54 @A: 08 22 25 29 | 07
#0450-d54 @A: 24 26 25 29 | 04
#0451-d54 @A: 31 29 28 25 | 11
#0452-d54 @A: 07 20 29 25 | 05
#0453-d54 @A: 31 29 13 20 | 09
#0454-d54 @A: 29 23 02 16 | 08
#0455-d54 @A: 22 09 19 29 | 03
#0456-d54 @A: 21 16 29 22 | 01
#0457-d54 @A: 24 21 23 29 | 12
#0458-d54 @A: 28 14 29 09 | 10
#0459-d54 @A: 01 03 24 26 | 06
#0460-d54 @A: 03 12 30 27 | 02
#0461-d54 @A: 27 20 03 22 | 07
#0462-d54 @A: 27 35 03 05 | 04
#0463-d54 @A: 02 03 23 25 | 11
#0464-d54 @A: 03 15 31 04 | 05
#0465-d54 @A: 03 15 07 18 | 09
#0466-d54 @A: 16 03 28 31 | 08
#0467-d54 @A: 16 03 11 21 | 03
#0468-d54 @A: 06 19 03 20 | 01
#0469-d54 @A: 03 35 09 20 | 12
#0470-d54 @A: 26 35 23 03 | 10
#0471-d54 @A: 15 18 10 01 | 06
#0472-d54 @A: 06 07 15 01 | 02
#0473-d54 @A: 08 30 01 13 | 07
#0474-d54 @A: 01 10 26 02 | 04
#0475-d54 @A: 23 01 10 04 | 11
#0476-d54 @A: 01 02 04 07 | 05
#0477-d54 @A: 01 18 33 24 | 09
#0478-d54 @A: 28 19 01 31 | 08
#0479-d54 @A: 12 09 20 01 | 03
#0480-d54 @A: 12 05 33 01 | 01
#0481-d54 @A: 20 15 27 11 | 12
#0482-d54 @A: 15 21 33 27 | 10
#0483-d54 @A: 30 34 26 27 | 06
#0484-d54 @A: 17 27 10 04 | 02
#0485-d54 @A: 27 24 13 17 | 07
#0486-d54 @A: 14 08 13 27 | 04
#0487-d54 @A: 27 12 14 02 | 11
#0488-d54 @A: 27 07 22 08 | 05
#0489-d54 @A: 16 32 04 27 | 09
#0490-d54 @A: 08 32 27 17 | 08
#0491-d54 @A: 31 07 27 20 | 03
#0492-d54 @A: 26 11 04 27 | 01
#0493-d54 @A: 20 04 27 34 | 12
#0494-d54 @A: 04 21 27 12 | 10
#0495-d54 @A: 27 08 23 21 | 06
#0496-d54 @A: 18 27 06 35 | 02
#0497-d54 @A: 35 18 27 33 | 07
#0498-d54 @A: 15 25 13 21 | 04
#0499-d54 @A: 28 22 15 25 | 11
#0500-d54 @A: 33 24 15 25 | 05
#0501-d54 @A: 15 19 04 25 | 09
#0502-d54 @A: 25 30 14 22 | 08
#0503-d54 @A: 25 10 07 14 | 03
#0504-d54 @A: 34 13 25 19 | 01
#0505-d54 @A: 28 25 19 02 | 12
#0506-d54 @A: 17 04 25 02 | 10
#0507-d54 @A: 22 25 32 18 | 06
#0508-d54 @A: 31 09 34 25 | 02
#0509-d54 @A: 16 09 11 25 | 07
#0510-d54 @A: 25 20 05 19 | 04
#0511-d54 @A: 12 28 25 04 | 11
#0512-d54 @A: 17 15 13 30 | 05
#0513-d54 @A: 30 15 07 21 | 09
#0514-d54 @A: 12 02 15 07 | 08
#0515-d54 @A: 18 15 08 20 | 03
#0516-d54 @A: 08 21 15 05 | 01
#0517-d54 @A: 15 05 12 26 | 12
#0518-d54 @A: 35 28 30 13 | 10
#0519-d54 @A: 32 30 22 21 | 06
#0520-d54 @A: 23 30 12 22 | 02
#0521-d54 @A: 23 19 30 24 | 07
#0522-d54 @A: 19 14 32 30 | 04
#0523-d54 @A: 34 23 05 30 | 11
#0524-d54 @A: 02 17 10 24 | 05
#0525-d54 @A: 07 10 16 32 | 09
#0526-d54 @A: 09 11 20 10 | 08
#0527-d54 @A: 09 06 10 04 | 03
#0528-d54 @A: 17 20 10 05 | 01
#0529-d54 @A: 21 28 35 10 | 12
#0530-d54 @A: 18 10 21 14 | 10
#0531-d54 @A: 02 13 33 12 | 06
#0532-d54 @A: 11 22 09 13 | 02
#0533-d54 @A: 18 13 26 22 | 07
#0534-d54 @A: 22 13 34 33 | 04
#0535-d54 @A: 19 24 13 33 | 11
#0536-d54 @A: 18 07 13 24 | 05
#0537-d54 @A: 19 16 13 17 | 09
#0538-d54 @A: 05 17 07 13 | 08
#0539-d54 @A: 33 16 13 26 | 03
#0540-d54 @A: 17 13 21 12 | 01
#0541-d54 @A: 33 05 13 09 | 12
#0542-d54 @A: 24 32 05 02 | 10
#0543-d54 @A: 08 32 02 28 | 06
#0544-d54 @A: 17 20 33 02 | 02
#0545-d54 @A: 32 22 11 23 | 07
#0546-d54 @A: 22 12 09 16 | 04
#0547-d54 @A: 22 14 21 34 | 11
#0548-d54 @A: 26 35 22 09 | 05
#0549-d54 @A: 28 24 32 07 | 09
#0550-d54 @A: 26 24 32 33 | 08
#0551-d54 @A: 33 34 31 24 | 03
#0552-d54 @A: 08 33 21 24 | 01
#0553-d54 @A: 12 05 24 08 | 12
#0554-d54 @A: 06 28 09 24 | 10
#0555-d54 @A: 17 18 12 24 | 06
#0556-d54 @A: 31 12 32 07 | 02
#0557-d54 @A: 32 11 18 07 | 07
#0558-d54 @A: 20 32 11 04 | 04
#0559-d54 @A: 18 34 32 33 | 11
#0560-d54 @A: 33 20 31 21 | 05
#0561-d54 @A: 28 23 09 31 | 09
#0562-d54 @A: 05 31 09 06 | 08
#0563-d54 @A: 31 06 33 05 | 03
#0564-d54 @A: 14 34 31 26 | 01
#0565-d54 @A: 34 18 11 08 | 12
#0566-d54 @A: 12 17 20 11 | 10
#0567-d54 @A: 19 04 16 09 | 06
#0568-d54 @A: 05 19 04 08 | 02
#0569-d54 @A: 04 19 14 28 | 07
#0570-d54 @A: 07 04 35 12 | 04
#0571-d54 @A: 09 08 06 07 | 11
#0572-d54 @A: 09 23 07 21 | 05
#0573-d54 @A: 14 20 05 16 | 09
#0574-d54 @A: 18 04 33 17 | 08
#0575-d54 @A: 33 12 18 08 | 03
#0576-d54 @A: 12 28 20 33 | 01
#0577-d54 @A: 18 03 25 29 | 12
#0578-d54 @A: 14 32 29 03 | 10
#0579-d54 @A: 16 27 29 17 | 06
#0580-d54 @A: 02 08 29 15 | 02
#0581-d54 @A: 29 11 06 15 | 07
#0582-d54 @A: 29 30 18 16 | 04
#0583-d54 @A: 30 29 26 28 | 11
#0584-d54 @A: 24 13 19 29 | 05
#0585-d54 @A: 29 35 13 33 | 09
#0586-d54 @A: 07 02 29 18 | 08
#0587-d54 @A: 28 29 02 33 | 03
#0588-d54 @A: 29 24 17 06 | 01
#0589-d54 @A: 29 32 26 34 | 12
#0590-d54 @A: 31 12 19 29 | 10
#0591-d54 @A: 20 29 11 23 | 06
#0592-d54 @A: 26 29 17 11 | 02
#0593-d54 @A: 29 20 16 19 | 07
#0594-d54 @A: 04 29 08 16 | 04
#0595-d54 @A: 29 28 05 18 | 11
#0596-d54 @A: 29 28 26 33 | 05
#0597-d54 @A: 14 23 29 18 | 09
#0598-d54 @A: 03 01 10 28 | 08
#0599-d54 @A: 27 21 24 03 | 03
#0600-d54 @A: 09 16 03 27 | 01
#0601-d54 @A: 03 30 17 25 | 12
#0602-d54 @A: 03 11 25 26 | 10
#0603-d54 @A: 03 16 15 20 | 06
#0604-d54 @A: 34 03 30 10 | 02
#0605-d54 @A: 08 03 11 10 | 07
#0606-d54 @A: 10 03 21 12 | 04
#0607-d54 @A: 03 19 13 05 | 11
#0608-d54 @A: 24 03 02 20 | 05
#0609-d54 @A: 14 03 33 16 | 09
#0610-d54 @A: 04 34 23 03 | 08
#0611-d54 @A: 03 23 17 12 | 03
#0612-d54 @A: 19 01 21 27 | 01
#0613-d54 @A: 01 04 06 25 | 12
#0614-d54 @A: 15 02 17 01 | 10
#0615-d54 @A: 15 01 19 23 | 06
#0616-d54 @A: 01 21 12 15 | 02
#0617-d54 @A: 21 01 30 16 | 07
#0618-d54 @A: 30 01 06 09 | 04
#0619-d54 @A: 31 10 11 01 | 11
#0620-d54 @A: 01 10 34 09 | 05
#0621-d54 @A: 12 13 24 01 | 09
#0622-d54 @A: 11 13 05 01 | 08
#0623-d54 @A: 11 01 13 33 | 03
#0624-d54 @A: 01 32 11 06 | 01
#0625-d54 @A: 01 20 16 26 | 12
#0626-d54 @A: 35 08 09 01 | 10
#0627-d54 @A: 14 20 01 21 | 06
#0628-d54 @A: 01 17 34 33 | 02
#0629-d54 @A: 25 21 32 27 | 07
#0630-d54 @A: 11 27 33 25 | 04
#0631-d54 @A: 19 25 27 09 | 11
#0632-d54 @A: 05 27 07 25 | 05
#0633-d54 @A: 17 27 02 30 | 09
#0634-d54 @A: 06 27 30 24 | 08
#0635-d54 @A: 27 24 26 10 | 03
#0636-d54 @A: 22 32 27 13 | 01
#0637-d54 @A: 13 27 12 07 | 12
#0638-d54 @A: 23 13 18 27 | 10
#0639-d54 @A: 18 07 19 27 | 06
#0640-d54 @A: 06 09 27 34 | 02
#0641-d54 @A: 30 26 19 25 | 07
#0642-d54 @A: 30 25 05 35 | 04
#0643-d54 @A: 09 10 18 25 | 11
#0644-d54 @A: 25 33 02 31 | 05
#0645-d54 @A: 25 07 17 22 | 09
#0646-d54 @A: 24 23 18 25 | 08
#0647-d54 @A: 11 31 21 25 | 03
#0648-d54 @A: 20 04 25 14 | 01
#0649-d54 @A: 04 25 35 34 | 12
#0650-d54 @A: 26 25 04 05 | 10
#0651-d54 @A: 25 35 26 20 | 06
#0652-d54 @A: 26 25 23 34 | 02
#0653-d54 @A: 12 06 09 25 | 07
#0654-d54 @A: 13 10 20 15 | 04
#0655-d54 @A: 16 21 10 15 | 11
#0656-d54 @A: 16 02 15 14 | 05
#0657-d54 @A: 07 22 09 15 | 09
#0658-d54 @A: 15 31 09 24 | 08
#0659-d54 @A: 24 28 15 18 | 03
#0660-d54 @A: 35 11 15 19 | 01
#0661-d54 @A: 19 20 21 15 | 12
#0662-d54 @A: 28 35 15 08 | 10
#0663-d54 @A: 12 15 34 17 | 06
#0664-d54 @A: 18 15 06 17 | 02
#0665-d54 @A: 10 16 30 20 | 07
#0666-d54 @A: 30 13 14 06 | 04
#0667-d54 @A: 31 22 30 08 | 11
#0668-d54 @A: 11 30 09 14 | 05
#0669-d54 @A: 08 14 20 30 | 09
#0670-d54 @A: 02 10 09 16 | 08
#0671-d54 @A: 07 10 24 21 | 03
#0672-d54 @A: 07 10 32 33 | 01
#0673-d54 @A: 10 08 32 05 | 12
#0674-d54 @A: 14 16 31 10 | 10
#0675-d54 @A: 28 05 31 10 | 06
#0676-d54 @A: 19 08 18 10 | 02
#0677-d54 @A: 10 08 34 14 | 07
#0678-d54 @A: 12 10 34 28 | 04
#0679-d54 @A: 23 14 09 10 | 11
#0680-d54 @A: 02 32 18 13 | 05
#0681-d54 @A: 13 19 02 12 | 09
#0682-d54 @A: 32 33 13 17 | 08
#0683-d54 @A: 13 31 07 26 | 03
#0684-d54 @A: 18 28 13 04 | 01
#0685-d54 @A: 06 23 13 21 | 12
#0686-d54 @A: 18 05 13 06 | 10
#0687-d54 @A: 07 22 06 02 | 06
#0688-d54 @A: 22 02 08 18 | 02
#0689-d54 @A: 28 11 02 24 | 07
#0690-d54 @A: 16 31 17 02 | 04
#0691-d54 @A: 06 23 04 02 | 11
#0692-d54 @A: 02 05 21 33 | 05
#0693-d54 @A: 07 24 20 22 | 09
#0694-d54 @A: 19 22 11 33 | 08
#0695-d54 @A: 19 35 08 22 | 03
#0696-d54 @A: 22 33 26 08 | 01
#0697-d54 @A: 24 32 17 19 | 12
#0698-d54 @A: 11 24 20 16 | 10
#0699-d54 @A: 23 24 08 04 | 06
#0700-d54 @A: 24 04 17 05 | 02
#0701-d54 @A: 12 04 06 24 | 07
#0702-d54 @A: 09 04 33 24 | 04
#0703-d54 @A: 08 20 24 21 | 11
#0704-d54 @A: 20 34 28 24 | 05
#0705-d54 @A: 20 06 23 24 | 09
#0706-d54 @A: 24 12 35 33 | 08
#0707-d54 @A: 14 09 24 05 | 03
#0708-d54 @A: 07 28 32 33 | 01
#0709-d54 @A: 32 14 16 18 | 12
#0710-d54 @A: 34 32 20 09 | 10
#0711-d54 @A: 32 20 18 06 | 06
#0712-d54 @A: 32 14 06 28 | 02
#0713-d54 @A: 08 31 12 11 | 07
#0714-d54 @A: 07 19 08 31 | 04
#0715-d54 @A: 20 31 23 35 | 11
#0716-d54 @A: 18 12 31 34 | 05
#0717-d54 @A: 35 07 06 11 | 09
#0718-d54 @A: 09 33 11 08 | 08
#0719-d54 @A: 21 28 11 20 | 03
#0720-d54 @A: 28 05 17 11 | 01
#0721-d54 @A: 33 18 11 28 | 12
#0722-d54 @A: 21 23 11 05 | 10
#0723-d54 @A: 26 35 11 14 | 06
#0724-d54 @A: 19 34 09 05 | 02
#0725-d54 @A: 23 12 07 16 | 07
#0726-d54 @A: 23 07 28 04 | 04
#0727-d54 @A: 33 14 07 06 | 11
#0728-d54 @A: 16 17 20 04 | 05
#0729-d54 @A: 16 12 04 33 | 09
#0730-d54 @A: 12 14 08 16 | 08
#0731-d54 @A: 34 16 20 06 | 03
#0732-d54 @A: 09 21 35 16 | 01
#0733-d54 @A: 16 23 09 18 | 12
#0734-d54 @A: 23 27 03 29 | 10
#0735-d54 @A: 06 13 27 29 | 06
#0736-d54 @A: 19 25 29 21 | 02
#0737-d54 @A: 22 29 17 15 | 07
#0738-d54 @A: 29 04 30 22 | 04
#0739-d54 @A: 24 34 30 29 | 11
#0740-d54 @A: 29 30 07 14 | 05
#0741-d54 @A: 35 29 21 13 | 09
#0742-d54 @A: 29 33 16 22 | 08
#0743-d54 @A: 08 07 24 29 | 03
#0744-d54 @A: 29 28 32 19 | 01
#0745-d54 @A: 32 17 07 29 | 12
#0746-d54 @A: 07 33 11 29 | 10
#0747-d54 @A: 28 20 04 29 | 06
#0748-d54 @A: 08 05 09 29 | 02
#0749-d54 @A: 29 05 21 26 | 07
#0750-d54 @A: 34 09 29 21 | 04
#0751-d54 @A: 12 09 29 33 | 11
#0752-d54 @A: 03 23 01 11 | 05
#0753-d54 @A: 07 35 03 25 | 09
#0754-d54 @A: 03 15 08 19 | 08
#0755-d54 @A: 03 10 06 22 | 03
#0756-d54 @A: 10 18 03 32 | 01
#0757-d54 @A: 03 13 06 31 | 12
#0758-d54 @A: 02 31 19 03 | 10
#0759-d54 @A: 14 03 17 22 | 06
#0760-d54 @A: 19 05 33 03 | 02
#0761-d54 @A: 03 08 07 04 | 07
#0762-d54 @A: 17 04 35 03 | 04
#0763-d54 @A: 03 09 17 34 | 11
#0764-d54 @A: 10 27 01 35 | 05
#0765-d54 @A: 27 02 01 33 | 09
#0766-d54 @A: 15 01 30 20 | 08
#0767-d54 @A: 01 35 11 30 | 03
#0768-d54 @A: 10 16 05 01 | 01
#0769-d54 @A: 13 14 01 31 | 12
#0770-d54 @A: 31 18 32 01 | 10
#0771-d54 @A: 32 12 04 01 | 06
#0772-d54 @A: 16 19 01 08 | 02
#0773-d54 @A: 19 06 01 05 | 07
#0774-d54 @A: 23 34 06 01 | 04
#0775-d54 @A: 35 01 18 12 | 11
#0776-d54 @A: 18 34 27 25 | 05
#0777-d54 @A: 05 15 22 27 | 09
#0778-d54 @A: 21 27 10 22 | 08
#0779-d54 @A: 10 27 33 22 | 03
#0780-d54 @A: 02 28 27 31 | 01
#0781-d54 @A: 28 27 05 04 | 12
#0782-d54 @A: 23 04 35 27 | 10
#0783-d54 @A: 08 33 28 27 | 06
#0784-d54 @A: 06 20 27 21 | 02
#0785-d54 @A: 12 27 20 23 | 07
#0786-d54 @A: 14 28 18 27 | 04
#0787-d54 @A: 35 34 12 27 | 11
#0788-d54 @A: 06 27 33 12 | 05
#0789-d54 @A: 15 30 25 09 | 09
#0790-d54 @A: 05 15 25 10 | 08
#0791-d54 @A: 15 02 25 20 | 03
#0792-d54 @A: 30 07 18 25 | 01
#0793-d54 @A: 11 32 10 25 | 12
#0794-d54 @A: 19 10 25 17 | 10
#0795-d54 @A: 06 11 02 25 | 06
#0796-d54 @A: 34 07 25 32 | 02
#0797-d54 @A: 06 23 32 25 | 07
#0798-d54 @A: 25 35 19 16 | 04
#0799-d54 @A: 14 21 25 16 | 11
#0800-d54 @A: 20 21 18 25 | 05
#0801-d54 @A: 23 25 21 12 | 09
#0802-d54 @A: 34 14 25 12 | 08
#0803-d54 @A: 15 31 05 11 | 03
#0804-d54 @A: 28 31 15 07 | 01
#0805-d54 @A: 14 11 15 08 | 12
#0806-d54 @A: 33 11 15 35 | 10
#0807-d54 @A: 20 04 15 23 | 06
#0808-d54 @A: 15 28 20 09 | 02
#0809-d54 @A: 21 14 15 23 | 07
#0810-d54 @A: 06 09 14 15 | 04
#0811-d54 @A: 31 30 12 10 | 11
#0812-d54 @A: 10 18 11 30 | 05
#0813-d54 @A: 05 30 07 10 | 09
#0814-d54 @A: 22 05 30 13 | 08
#0815-d54 @A: 30 19 09 13 | 03
#0816-d54 @A: 13 16 26 30 | 01
#0817-d54 @A: 30 34 22 11 | 12
#0818-d54 @A: 33 30 21 22 | 10
#0819-d54 @A: 31 30 06 19 | 06
#0820-d54 @A: 21 14 17 30 | 02
#0821-d54 @A: 13 07 10 09 | 07
#0822-d54 @A: 10 13 18 16 | 04
#0823-d54 @A: 32 02 10 31 | 11
#0824-d54 @A: 10 09 22 32 | 05
#0825-d54 @A: 10 11 33 05 | 09
#0826-d54 @A: 10 34 19 16 | 08
#0827-d54 @A: 19 10 08 33 | 03
#0828-d54 @A: 04 10 12 20 | 01
#0829-d54 @A: 06 21 34 10 | 12
#0830-d54 @A: 06 04 20 13 | 10
#0831-d54 @A: 13 12 04 23 | 06
#0832-d54 @A: 08 26 17 13 | 02
#0833-d54 @A: 08 18 35 13 | 07
#0834-d54 @A: 12 13 20 14 | 04
#0835-d54 @A: 34 14 23 13 | 11
#0836-d54 @A: 16 02 24 04 | 05
#0837-d54 @A: 02 34 11 16 | 09
#0838-d54 @A: 35 08 23 02 | 08
#0839-d54 @A: 28 05 35 02 | 03
#0840-d54 @A: 26 14 02 18 | 01
#0841-d54 @A: 32 07 22 04 | 12
#0842-d54 @A: 22 09 28 08 | 10
#0843-d54 @A: 22 14 18 09 | 06
#0844-d54 @A: 34 04 09 24 | 02
#0845-d54 @A: 05 28 24 21 | 07
#0846-d54 @A: 09 31 26 32 | 04
#0847-d54 @A: 32 14 08 04 | 11
#0848-d54 @A: 32 08 23 20 | 05
#0849-d54 @A: 32 26 18 08 | 09
#0850-d54 @A: 21 05 20 32 | 08
#0851-d54 @A: 23 17 32 21 | 03
#0852-d54 @A: 31 18 16 20 | 01
#0853-d54 @A: 04 23 14 31 | 12
#0854-d54 @A: 28 31 21 18 | 10
#0855-d54 @A: 26 06 20 11 | 06
#0856-d54 @A: 12 11 21 09 | 02
#0857-d54 @A: 09 11 05 18 | 07
#0858-d54 @A: 19 17 04 12 | 04
#0859-d54 @A: 20 17 28 19 | 11
#0860-d54 @A: 17 19 21 26 | 05
#0861-d54 @A: 06 14 19 17 | 09
#0862-d54 @A: 16 28 20 07 | 08
#0863-d54 @A: 05 07 18 08 | 03
#0864-d54 @A: 06 20 07 17 | 01
#0865-d54 @A: 34 33 12 07 | 12
#0866-d54 @A: 09 16 08 20 | 10
#0867-d54 @A: 21 23 20 16 | 06
#0868-d54 @A: 04 35 33 20 | 02
#0869-d54 @A: 06 04 21 33 | 07
#0870-d54 @A: 09 26 23 33 | 04
#0871-d54 @A: 31 21 03 29 | 11
#0872-d54 @A: 29 27 32 18 | 05
#0873-d54 @A: 29 33 27 05 | 09
#0874-d54 @A: 15 29 31 18 | 08
#0875-d54 @A: 32 10 29 21 | 03
#0876-d54 @A: 11 22 29 02 | 01
#0877-d54 @A: 19 02 26 29 | 12
#0878-d54 @A: 29 04 07 09 | 10
#0879-d54 @A: 29 09 18 20 | 06
#0880-d54 @A: 12 29 21 28 | 02
#0881-d54 @A: 35 28 29 23 | 07
#0882-d54 @A: 29 14 06 34 | 04
#0883-d54 @A: 32 01 03 21 | 11
#0884-d54 @A: 25 06 27 03 | 05
#0885-d54 @A: 27 17 03 33 | 09
#0886-d54 @A: 34 33 03 30 | 08
#0887-d54 @A: 33 03 10 24 | 03
#0888-d54 @A: 28 02 09 03 | 01
#0889-d54 @A: 23 22 07 03 | 12
#0890-d54 @A: 03 19 09 24 | 10
#0891-d54 @A: 32 11 28 03 | 06
#0892-d54 @A: 32 03 06 05 | 02
#0893-d54 @A: 11 14 03 31 | 07
#0894-d54 @A: 31 03 12 35 | 04
#0895-d54 @A: 09 03 11 07 | 11
#0896-d54 @A: 14 03 12 04 | 05
#0897-d54 @A: 03 08 05 17 | 09
#0898-d54 @A: 14 20 23 03 | 08
#0899-d54 @A: 27 01 02 11 | 03
#0900-d54 @A: 01 10 25 21 | 01
#0901-d54 @A: 10 15 01 33 | 12
#0902-d54 @A: 31 01 30 23 | 10
#0903-d54 @A: 13 10 06 01 | 06
#0904-d54 @A: 18 01 02 24 | 02
#0905-d54 @A: 22 19 20 01 | 07
#0906-d54 @A: 01 34 32 17 | 04
#0907-d54 @A: 05 32 01 09 | 11
#0908-d54 @A: 01 04 35 31 | 05
#0909-d54 @A: 21 31 01 05 | 09
#0910-d54 @A: 01 11 28 07 | 08
#0911-d54 @A: 14 35 28 01 | 03
#0912-d54 @A: 25 22 27 04 | 01
#0913-d54 @A: 27 16 25 23 | 12
#0914-d54 @A: 02 23 22 27 | 10
#0915-d54 @A: 21 07 02 27 | 06
#0916-d54 @A: 24 27 20 32 | 02
#0917-d54 @A: 16 18 27 24 | 07
#0918-d54 @A: 12 27 05 32 | 04
#0919-d54 @A: 16 06 27 31 | 11
#0920-d54 @A: 31 27 35 09 | 05
#0921-d54 @A: 17 23 28 27 | 09
#0922-d54 @A: 06 27 05 17 | 08
#0923-d54 @A: 15 06 25 31 | 03
#0924-d54 @A: 07 15 25 08 | 01
#0925-d54 @A: 26 25 16 10 | 12
#0926-d54 @A: 16 13 25 12 | 10
#0927-d54 @A: 25 31 07 04 | 06
#0928-d54 @A: 17 11 25 34 | 02
#0929-d54 @A: 19 04 33 25 | 07
#0930-d54 @A: 25 09 04 21 | 04
#0931-d54 @A: 35 25 33 08 | 11
#0932-d54 @A: 31 15 30 26 | 05
#0933-d54 @A: 13 04 32 15 | 09
#0934-d54 @A: 15 02 23 24 | 08
#0935-d54 @A: 15 02 35 31 | 03
#0936-d54 @A: 32 15 22 14 | 01
#0937-d54 @A: 22 31 15 20 | 12
#0938-d54 @A: 15 22 08 26 | 10
#0939-d54 @A: 16 11 15 26 | 06
#0940-d54 @A: 34 15 08 09 | 02
#0941-d54 @A: 21 28 17 15 | 07
#0942-d54 @A: 15 23 28 34 | 04
#0943-d54 @A: 21 30 10 04 | 11
#0944-d54 @A: 30 10 09 28 | 05
#0945-d54 @A: 30 11 32 08 | 09
#0946-d54 @A: 16 30 31 09 | 08
#0947-d54 @A: 30 28 34 31 | 03
#0948-d54 @A: 19 17 30 07 | 01
#0949-d54 @A: 30 16 19 12 | 12
#0950-d54 @A: 28 04 30 17 | 10
#0951-d54 @A: 30 08 35 26 | 06
#0952-d54 @A: 20 28 30 12 | 02
#0953-d54 @A: 14 35 30 23 | 07
#0954-d54 @A: 24 10 31 20 | 04
#0955-d54 @A: 31 10 18 33 | 11
#0956-d54 @A: 04 26 10 28 | 05
#0957-d54 @A: 06 18 28 10 | 09
#0958-d54 @A: 23 10 17 06 | 08
#0959-d54 @A: 14 13 24 32 | 03
#0960-d54 @A: 31 32 35 13 | 01
#0961-d54 @A: 13 32 11 34 | 12
#0962-d54 @A: 07 13 23 32 | 10
#0963-d54 @A: 13 28 12 31 | 06
#0964-d54 @A: 04 09 08 13 | 02
#0965-d54 @A: 13 34 04 17 | 07
#0966-d54 @A: 13 35 34 09 | 04
#0967-d54 @A: 26 02 11 31 | 11
#0968-d54 @A: 08 14 02 05 | 05
#0969-d54 @A: 35 02 21 20 | 09
#0970-d54 @A: 35 02 17 34 | 08
#0971-d54 @A: 09 34 02 18 | 03
#0972-d54 @A: 24 08 22 32 | 01
#0973-d54 @A: 22 19 24 12 | 12
#0974-d54 @A: 24 22 21 17 | 10
#0975-d54 @A: 11 19 22 21 | 06
#0976-d54 @A: 07 19 22 26 | 02
#0977-d54 @A: 04 05 22 23 | 07
#0978-d54 @A: 23 35 22 21 | 04
#0979-d54 @A: 21 09 22 06 | 11
#0980-d54 @A: 33 09 22 18 | 05
#0981-d54 @A: 06 19 24 07 | 09
#0982-d54 @A: 19 20 24 35 | 08
#0983-d54 @A: 28 26 24 08 | 03
#0984-d54 @A: 24 20 05 18 | 01
#0985-d54 @A: 34 24 23 17 | 12
#0986-d54 @A: 12 23 24 09 | 10
#0987-d54 @A: 16 19 32 33 | 06
#0988-d54 @A: 09 04 32 28 | 02
#0989-d54 @A: 32 33 20 05 | 07
#0990-d54 @A: 32 21 35 18 | 04
#0991-d54 @A: 08 18 23 31 | 11
#0992-d54 @A: 05 35 31 08 | 05
#0993-d54 @A: 21 35 31 14 | 09
#0994-d54 @A: 14 11 04 33 | 08
#0995-d54 @A: 11 06 12 34 | 03
#0996-d54 @A: 23 21 19 04 | 01
#0997-d54 @A: 23 20 33 19 | 12
#0998-d54 @A: 28 19 05 12 | 10
#0999-d54 @A: 12 21 06 19 | 06
#1000-d54 @A: 19 17 05 23 | 02
#1001-d54 @A: 23 33 18 19 | 07
#1002-d54 @A: 07 21 08 17 | 04
#1003-d54 @A: 07 18 28 09 | 11
#1004-d54 @A: 33 18 21 07 | 05
#1005-d54 @A: 04 12 16 18 | 09
#1006-d54 @A: 28 18 16 08 | 08
#1007-d54 @A: 21 06 08 16 | 03
#1008-d54 @A: 09 16 05 28 | 01
#1009-d54 @A: 09 16 33 28 | 12
#1010-d54 @A: 18 34 26 16 | 10
#1011-d54 @A: 33 04 26 06 | 06
#1012-d54 @A: 06 33 18 20 | 02
#1013-d54 @A: 23 35 33 21 | 07
#1014-d54 @A: 29 11 34 03 | 04
#1015-d54 @A: 07 06 29 03 | 11
#1016-d54 @A: 01 28 29 15 | 05
#1017-d54 @A: 26 01 31 29 | 09
#1018-d54 @A: 27 29 31 04 | 08
#1019-d54 @A: 29 25 06 10 | 03
#1020-d54 @A: 29 09 13 25 | 01
#1021-d54 @A: 29 19 30 15 | 12
#1022-d54 @A: 29 34 15 20 | 10
#1023-d54 @A: 33 15 29 18 | 06
#1024-d54 @A: 30 33 29 24 | 02
#1025-d54 @A: 17 29 30 31 | 07
#1026-d54 @A: 30 29 21 06 | 04
#1027-d54 @A: 22 12 13 29 | 11
#1028-d54 @A: 13 08 32 29 | 05
#1029-d54 @A: 05 04 29 13 | 09
#1030-d54 @A: 32 31 29 23 | 08
#1031-d54 @A: 29 06 16 32 | 03
#1032-d54 @A: 29 16 35 31 | 01
#1033-d54 @A: 19 08 11 29 | 12
#1034-d54 @A: 18 21 08 29 | 10
#1035-d54 @A: 09 35 06 29 | 06
#1036-d54 @A: 14 03 30 01 | 02
#1037-d54 @A: 25 09 32 03 | 07
#1038-d54 @A: 07 15 03 33 | 04
#1039-d54 @A: 03 15 21 35 | 11
#1040-d54 @A: 22 03 19 30 | 05
#1041-d54 @A: 32 03 30 20 | 09
#1042-d54 @A: 03 26 31 10 | 08
#1043-d54 @A: 21 03 13 02 | 03
#1044-d54 @A: 13 03 32 17 | 01
#1045-d54 @A: 03 06 04 28 | 12
#1046-d54 @A: 20 28 03 08 | 10
#1047-d54 @A: 03 23 21 28 | 06
#1048-d54 @A: 01 30 18 27 | 02
#1049-d54 @A: 25 12 01 30 | 07
#1050-d54 @A: 33 20 01 25 | 04
#1051-d54 @A: 15 01 13 35 | 11
#1052-d54 @A: 01 10 24 19 | 05
#1053-d54 @A: 01 07 17 10 | 09
#1054-d54 @A: 12 10 01 08 | 08
#1055-d54 @A: 13 07 01 21 | 03
#1056-d54 @A: 14 02 34 01 | 01
#1057-d54 @A: 01 07 22 05 | 12
#1058-d54 @A: 04 22 01 33 | 10
#1059-d54 @A: 16 32 23 01 | 06
#1060-d54 @A: 01 33 14 19 | 02
#1061-d54 @A: 28 06 01 21 | 07
#1062-d54 @A: 13 25 26 27 | 04
#1063-d54 @A: 15 30 27 28 | 11
#1064-d54 @A: 27 15 35 07 | 05
#1065-d54 @A: 05 23 10 27 | 09
#1066-d54 @A: 13 20 27 19 | 08
#1067-d54 @A: 17 27 22 18 | 03
#1068-d54 @A: 31 27 11 32 | 01
#1069-d54 @A: 26 27 08 31 | 12
#1070-d54 @A: 27 33 07 09 | 10
#1071-d54 @A: 27 08 05 20 | 06
#1072-d54 @A: 12 27 28 09 | 02
#1073-d54 @A: 17 35 21 27 | 07
#1074-d54 @A: 27 06 12 26 | 04
#1075-d54 @A: 26 15 25 32 | 11
#1076-d54 @A: 16 15 18 25 | 05
#1077-d54 @A: 34 06 30 25 | 09
#1078-d54 @A: 25 35 31 10 | 08
#1079-d54 @A: 25 35 13 02 | 03
#1080-d54 @A: 33 13 25 18 | 01
#1081-d54 @A: 19 06 22 25 | 12
#1082-d54 @A: 25 16 20 22 | 10
#1083-d54 @A: 33 25 22 12 | 06
#1084-d54 @A: 14 31 32 25 | 02
#1085-d54 @A: 21 33 16 25 | 07
#1086-d54 @A: 25 17 06 33 | 04
#1087-d54 @A: 15 30 18 02 | 11
#1088-d54 @A: 15 11 12 30 | 05
#1089-d54 @A: 06 15 30 16 | 09
#1090-d54 @A: 15 31 17 10 | 08
#1091-d54 @A: 15 24 05 13 | 03
#1092-d54 @A: 11 18 15 22 | 01
#1093-d54 @A: 09 23 15 05 | 12
#1094-d54 @A: 15 18 09 35 | 10
#1095-d54 @A: 10 06 30 02 | 06
#1096-d54 @A: 14 10 24 30 | 02
#1097-d54 @A: 02 22 35 30 | 07
#1098-d54 @A: 26 30 24 02 | 04
#1099-d54 @A: 16 08 30 24 | 11
#1100-d54 @A: 20 30 11 31 | 05
#1101-d54 @A: 28 19 30 11 | 09
#1102-d54 @A: 04 30 34 08 | 08
#1103-d54 @A: 08 28 21 30 | 03
#1104-d54 @A: 05 30 08 06 | 01
#1105-d54 @A: 10 11 12 13 | 12
#1106-d54 @A: 02 11 35 10 | 10
#1107-d54 @A: 08 02 07 10 | 06
#1108-d54 @A: 10 28 24 22 | 02
#1109-d54 @A: 19 04 22 10 | 07
#1110-d54 @A: 22 07 18 10 | 04
#1111-d54 @A: 35 23 12 10 | 11
#1112-d54 @A: 22 16 13 06 | 05
#1113-d54 @A: 14 13 35 04 | 09
#1114-d54 @A: 13 26 23 20 | 08
#1115-d54 @A: 34 28 21 13 | 03
#1116-d54 @A: 09 02 22 24 | 01
#1117-d54 @A: 16 32 02 21 | 12
#1118-d54 @A: 02 07 11 05 | 10
#1119-d54 @A: 11 04 02 12 | 06
#1120-d54 @A: 08 02 17 11 | 02
#1121-d54 @A: 14 19 02 23 | 07
#1122-d54 @A: 12 09 35 02 | 04
#1123-d54 @A: 33 24 06 22 | 11
#1124-d54 @A: 19 31 23 22 | 05
#1125-d54 @A: 31 21 22 07 | 09
#1126-d54 @A: 14 07 22 11 | 08
#1127-d54 @A: 08 22 12 04 | 03
#1128-d54 @A: 18 34 22 04 | 01
#1129-d54 @A: 22 23 28 20 | 12
#1130-d54 @A: 20 05 09 22 | 10
#1131-d54 @A: 07 20 24 33 | 06
#1132-d54 @A: 24 20 12 26 | 02
#1133-d54 @A: 05 24 35 23 | 07
#1134-d54 @A: 09 18 24 26 | 04
#1135-d54 @A: 32 31 17 28 | 11
#1136-d54 @A: 11 32 16 35 | 05
#1137-d54 @A: 11 26 12 32 | 09
#1138-d54 @A: 08 12 32 06 | 08
#1139-d54 @A: 12 17 32 35 | 03
#1140-d54 @A: 32 14 09 17 | 01
#1141-d54 @A: 32 12 23 14 | 12
#1142-d54 @A: 11 04 31 19 | 10
#1143-d54 @A: 26 05 31 19 | 06
#1144-d54 @A: 14 31 07 18 | 02
#1145-d54 @A: 31 09 12 14 | 07
#1146-d54 @A: 28 11 06 16 | 04
#1147-d54 @A: 17 11 09 06 | 11
#1148-d54 @A: 07 33 17 19 | 05
#1149-d54 @A: 19 12 23 34 | 09
#1150-d54 @A: 07 20 08 35 | 08
#1151-d54 @A: 05 28 07 26 | 03
#1152-d54 @A: 07 21 35 34 | 01
#1153-d54 @A: 12 07 26 17 | 12
#1154-d54 @A: 07 34 17 18 | 10
#1155-d54 @A: 06 33 34 08 | 06
#1156-d54 @A: 05 35 33 28 | 02
#1157-d54 @A: 17 26 35 33 | 07
#1158-d54 @A: 03 29 09 01 | 04
#1159-d54 @A: 03 22 29 24 | 11
#1160-d54 @A: 19 29 03 04 | 05
#1161-d54 @A: 01 29 13 18 | 09
#1162-d54 @A: 16 01 29 14 | 08
#1163-d54 @A: 15 23 25 29 | 03
#1164-d54 @A: 25 29 32 33 | 01
#1165-d54 @A: 17 35 25 29 | 12
#1166-d54 @A: 15 14 29 12 | 10
#1167-d54 @A: 30 29 35 20 | 06
#1168-d54 @A: 29 14 11 10 | 02
#1169-d54 @A: 29 10 12 07 | 07
#1170-d54 @A: 10 16 29 28 | 04
#1171-d54 @A: 12 32 24 29 | 11
#1172-d54 @A: 18 11 24 29 | 05
#1173-d54 @A: 14 08 29 17 | 09
#1174-d54 @A: 17 23 29 33 | 08
#1175-d54 @A: 17 29 34 05 | 03
#1176-d54 @A: 12 29 23 05 | 01
#1177-d54 @A: 35 29 05 14 | 12
#1178-d54 @A: 05 03 01 15 | 10
#1179-d54 @A: 02 03 27 08 | 06
#1180-d54 @A: 34 25 15 03 | 02
#1181-d54 @A: 14 03 13 25 | 07
#1182-d54 @A: 03 06 15 26 | 04
#1183-d54 @A: 11 06 30 03 | 11
#1184-d54 @A: 03 09 13 18 | 05
#1185-d54 @A: 07 03 02 17 | 09
#1186-d54 @A: 04 11 22 03 | 08
#1187-d54 @A: 19 21 07 03 | 03
#1188-d54 @A: 19 03 26 18 | 01
#1189-d54 @A: 16 08 03 23 | 12
#1190-d54 @A: 03 08 14 18 | 10
#1191-d54 @A: 03 34 28 26 | 06
#1192-d54 @A: 03 26 05 14 | 02
#1193-d54 @A: 06 22 01 27 | 07
#1194-d54 @A: 01 05 24 27 | 04
#1195-d54 @A: 01 18 19 25 | 11
#1196-d54 @A: 01 22 34 15 | 05
#1197-d54 @A: 28 30 24 01 | 09
#1198-d54 @A: 08 06 02 01 | 08
#1199-d54 @A: 11 01 08 24 | 03
#1200-d54 @A: 24 07 01 35 | 01
#1201-d54 @A: 33 16 31 01 | 12
#1202-d54 @A: 11 01 34 21 | 10
#1203-d54 @A: 04 01 18 09 | 06
#1204-d54 @A: 23 20 01 17 | 02
#1205-d54 @A: 28 23 01 12 | 07
#1206-d54 @A: 14 09 26 01 | 04
#1207-d54 @A: 15 25 27 17 | 11
#1208-d54 @A: 27 02 25 10 | 05
#1209-d54 @A: 27 08 35 25 | 09
#1210-d54 @A: 27 15 14 10 | 08
#1211-d54 @A: 09 13 27 15 | 03
#1212-d54 @A: 30 04 27 07 | 01
#1213-d54 @A: 27 22 14 31 | 12
#1214-d54 @A: 27 06 19 32 | 10
#1215-d54 @A: 32 27 34 23 | 06
#1216-d54 @A: 16 11 08 27 | 02
#1217-d54 @A: 10 25 30 23 | 07
#1218-d54 @A: 25 13 30 31 | 04
#1219-d54 @A: 25 13 28 10 | 11
#1220-d54 @A: 23 25 22 13 | 05
#1221-d54 @A: 25 02 31 18 | 09
#1222-d54 @A: 24 30 15 22 | 08
#1223-d54 @A: 35 30 15 04 | 03
#1224-d54 @A: 23 15 32 10 | 01
#1225-d54 @A: 11 23 15 13 | 12
#1226-d54 @A: 33 08 15 02 | 10
#1227-d54 @A: 19 34 24 15 | 06
#1228-d54 @A: 15 06 34 32 | 02
#1229-d54 @A: 16 05 17 15 | 07
#1230-d54 @A: 16 33 15 17 | 04
#1231-d54 @A: 33 04 15 05 | 11
#1232-d54 @A: 21 26 15 09 | 05
#1233-d54 @A: 34 13 30 02 | 09
#1234-d54 @A: 12 13 32 30 | 08
#1235-d54 @A: 20 30 07 13 | 03
#1236-d54 @A: 02 30 21 11 | 01
#1237-d54 @A: 30 34 32 16 | 12
#1238-d54 @A: 09 30 31 33 | 10
#1239-d54 @A: 16 30 17 23 | 06
#1240-d54 @A: 18 30 04 14 | 02
#1241-d54 @A: 14 28 30 05 | 07
#1242-d54 @A: 30 09 05 17 | 04
#1243-d54 @A: 12 14 26 30 | 11
#1244-d54 @A: 04 10 31 13 | 05
#1245-d54 @A: 10 22 08 16 | 09
#1246-d54 @A: 12 19 10 32 | 08
#1247-d54 @A: 31 19 10 09 | 03
#1248-d54 @A: 19 10 20 23 | 01
#1249-d54 @A: 33 10 20 26 | 12
#1250-d54 @A: 06 02 13 24 | 10
#1251-d54 @A: 07 02 13 28 | 06
#1252-d54 @A: 13 08 31 24 | 02
#1253-d54 @A: 19 13 35 23 | 07
#1254-d54 @A: 14 21 13 05 | 04
#1255-d54 @A: 32 02 07 35 | 11
#1256-d54 @A: 02 16 06 19 | 05
#1257-d54 @A: 02 18 35 04 | 09
#1258-d54 @A: 28 02 18 20 | 08
#1259-d54 @A: 02 23 05 20 | 03
#1260-d54 @A: 02 17 12 28 | 01
#1261-d54 @A: 26 14 02 33 | 12
#1262-d54 @A: 04 26 22 24 | 10
#1263-d54 @A: 31 06 22 32 | 06
#1264-d54 @A: 17 31 35 22 | 02
#1265-d54 @A: 18 16 19 22 | 07
#1266-d54 @A: 22 35 34 28 | 04
#1267-d54 @A: 16 12 24 34 | 11
#1268-d54 @A: 06 18 08 24 | 05
#1269-d54 @A: 06 35 34 24 | 09
#1270-d54 @A: 05 24 26 06 | 08
#1271-d54 @A: 18 34 14 24 | 03
#1272-d54 @A: 24 14 09 33 | 01
#1273-d54 @A: 32 28 20 35 | 12
#1274-d54 @A: 14 26 20 32 | 10
#1275-d54 @A: 32 28 05 23 | 06
#1276-d54 @A: 31 07 11 16 | 02
#1277-d54 @A: 11 33 23 31 | 07
#1278-d54 @A: 04 21 08 31 | 04
#1279-d54 @A: 34 31 06 08 | 11
#1280-d54 @A: 14 20 06 31 | 05
#1281-d54 @A: 06 23 12 31 | 09
#1282-d54 @A: 07 19 11 20 | 08
#1283-d54 @A: 11 33 20 34 | 03
#1284-d54 @A: 28 11 35 18 | 01
#1285-d54 @A: 21 26 11 33 | 12
#1286-d54 @A: 06 21 14 11 | 10
#1287-d54 @A: 04 35 19 06 | 06
#1288-d54 @A: 23 18 19 28 | 02
#1289-d54 @A: 19 35 12 26 | 07
#1290-d54 @A: 26 12 19 33 | 04
#1291-d54 @A: 18 19 09 06 | 11
#1292-d54 @A: 16 06 07 18 | 05
#1293-d54 @A: 07 14 05 23 | 09
#1294-d54 @A: 12 07 14 06 | 08
#1295-d54 @A: 21 34 16 04 | 03
#1296-d54 @A: 06 01 29 12 | 01
#1297-d54 @A: 04 29 15 24 | 12
#1298-d54 @A: 24 09 29 10 | 10
#1299-d54 @A: 13 07 29 16 | 06
#1300-d54 @A: 02 29 28 34 | 02
#1301-d54 @A: 29 17 12 09 | 07
#1302-d54 @A: 35 01 02 03 | 04
#1303-d54 @A: 01 17 03 31 | 11
#1304-d54 @A: 28 13 27 03 | 05
#1305-d54 @A: 27 03 34 31 | 09
#1306-d54 @A: 09 03 25 33 | 08
#1307-d54 @A: 14 15 03 28 | 03
#1308-d54 @A: 30 04 03 02 | 01
#1309-d54 @A: 09 03 26 30 | 12
#1310-d54 @A: 35 13 03 11 | 10
#1311-d54 @A: 26 03 12 13 | 06
#1312-d54 @A: 02 18 16 03 | 02
#1313-d54 @A: 18 24 35 03 | 07
#1314-d54 @A: 08 32 03 31 | 04
#1315-d54 @A: 32 03 26 07 | 11
#1316-d54 @A: 11 03 06 33 | 05
#1317-d54 @A: 19 35 28 03 | 09
#1318-d54 @A: 06 08 03 35 | 08
#1319-d54 @A: 21 03 34 20 | 03
#1320-d54 @A: 23 18 05 03 | 01
#1321-d54 @A: 14 32 27 01 | 12
#1322-d54 @A: 32 01 24 15 | 10
#1323-d54 @A: 20 32 01 10 | 06
#1324-d54 @A: 01 28 13 32 | 02
#1325-d54 @A: 01 19 09 02 | 07
#1326-d54 @A: 22 01 23 24 | 04
#1327-d54 @A: 22 21 01 08 | 11
#1328-d54 @A: 24 01 09 21 | 05
#1329-d54 @A: 33 07 01 16 | 09
#1330-d54 @A: 08 01 04 26 | 08
#1331-d54 @A: 35 09 33 01 | 03
#1332-d54 @A: 05 18 34 01 | 01
#1333-d54 @A: 28 25 27 11 | 12
#1334-d54 @A: 27 30 19 08 | 10
#1335-d54 @A: 14 27 16 30 | 06
#1336-d54 @A: 35 22 27 24 | 02
#1337-d54 @A: 27 22 28 19 | 07
#1338-d54 @A: 27 23 07 24 | 04
#1339-d54 @A: 11 17 07 27 | 11
#1340-d54 @A: 27 18 21 09 | 05
#1341-d54 @A: 14 06 23 27 | 09
#1342-d54 @A: 25 22 12 10 | 08
#1343-d54 @A: 25 07 06 13 | 03
#1344-d54 @A: 32 25 16 17 | 01
#1345-d54 @A: 25 12 32 20 | 12
#1346-d54 @A: 25 08 11 05 | 10
#1347-d54 @A: 33 35 07 25 | 06
#1348-d54 @A: 23 28 25 08 | 02
#1349-d54 @A: 09 14 25 08 | 07
#1350-d54 @A: 05 25 21 17 | 04
#1351-d54 @A: 35 06 21 25 | 11
#1352-d54 @A: 05 30 15 32 | 05
#1353-d54 @A: 15 12 10 24 | 09
#1354-d54 @A: 15 26 13 02 | 08
#1355-d54 @A: 31 34 15 13 | 03
#1356-d54 @A: 15 19 05 02 | 01
#1357-d54 @A: 02 28 04 15 | 12
#1358-d54 @A: 17 09 19 15 | 10
#1359-d54 @A: 02 30 09 07 | 06
#1360-d54 @A: 16 28 02 30 | 02
#1361-d54 @A: 12 30 24 07 | 07
#1362-d54 @A: 35 07 30 31 | 04
#1363-d54 @A: 21 30 34 19 | 11
#1364-d54 @A: 09 23 04 30 | 05
#1365-d54 @A: 04 30 26 06 | 09
#1366-d54 @A: 34 20 30 17 | 08
#1367-d54 @A: 30 12 21 35 | 03
#1368-d54 @A: 18 30 26 17 | 01
#1369-d54 @A: 06 35 30 33 | 12
#1370-d54 @A: 22 34 31 10 | 10
#1371-d54 @A: 11 10 07 23 | 06
#1372-d54 @A: 23 06 10 33 | 02
#1373-d54 @A: 26 09 12 10 | 07
#1374-d54 @A: 13 22 24 34 | 04
#1375-d54 @A: 22 20 21 13 | 11
#1376-d54 @A: 13 11 16 14 | 05
#1377-d54 @A: 18 17 14 13 | 09
#1378-d54 @A: 04 08 20 02 | 08
#1379-d54 @A: 21 02 14 28 | 03
#1380-d54 @A: 06 28 26 02 | 01
#1381-d54 @A: 02 18 21 06 | 12
#1382-d54 @A: 18 02 17 23 | 10
#1383-d54 @A: 34 33 09 02 | 06
#1384-d54 @A: 34 22 19 32 | 02
#1385-d54 @A: 09 22 17 04 | 07
#1386-d54 @A: 14 08 22 06 | 04
#1387-d54 @A: 22 26 12 21 | 11
#1388-d54 @A: 22 34 23 09 | 05
#1389-d54 @A: 05 14 33 22 | 09
#1390-d54 @A: 11 31 35 24 | 08
#1391-d54 @A: 23 14 11 24 | 03
#1392-d54 @A: 24 35 21 04 | 01
#1393-d54 @A: 21 24 14 12 | 12
#1394-d54 @A: 09 11 32 19 | 10
#1395-d54 @A: 17 04 32 26 | 06
#1396-d54 @A: 32 05 18 17 | 02
#1397-d54 @A: 06 26 32 35 | 07
#1398-d54 @A: 34 05 32 14 | 04
#1399-d54 @A: 34 11 31 23 | 11
#1400-d54 @A: 06 11 31 18 | 05
#1401-d54 @A: 33 17 31 08 | 09
#1402-d54 @A: 34 31 05 20 | 08
#1403-d54 @A: 04 14 34 11 | 03
#1404-d54 @A: 28 14 11 12 | 01
#1405-d54 @A: 17 35 11 23 | 12
#1406-d54 @A: 17 33 12 11 | 10
#1407-d54 @A: 11 05 26 34 | 06
#1408-d54 @A: 09 19 12 07 | 02
#1409-d54 @A: 09 19 08 23 | 07
#1410-d54 @A: 26 07 16 21 | 04
#1411-d54 @A: 07 33 04 08 | 11
#1412-d54 @A: 07 26 08 14 | 05
#1413-d54 @A: 07 05 20 12 | 09
#1414-d54 @A: 28 14 34 07 | 08
#1415-d54 @A: 06 16 05 23 | 03
#1416-d54 @A: 16 35 05 18 | 01
#1417-d54 @A: 23 33 08 14 | 12
#1418-d54 @A: 15 13 03 29 | 10
#1419-d54 @A: 03 29 10 35 | 06
#1420-d54 @A: 10 30 29 01 | 02
#1421-d54 @A: 29 01 35 34 | 07
#1422-d54 @A: 21 29 15 27 | 04
#1423-d54 @A: 02 29 09 27 | 11
#1424-d54 @A: 29 32 04 25 | 05
#1425-d54 @A: 29 10 15 26 | 09
#1426-d54 @A: 35 02 24 29 | 08
#1427-d54 @A: 29 05 32 11 | 03
#1428-d54 @A: 29 11 31 09 | 01
#1429-d54 @A: 20 26 08 29 | 12
#1430-d54 @A: 29 20 05 06 | 10
#1431-d54 @A: 33 29 14 20 | 06
#1432-d54 @A: 03 20 13 01 | 02
#1433-d54 @A: 12 07 03 01 | 07
#1434-d54 @A: 04 25 10 03 | 04
#1435-d54 @A: 22 21 25 03 | 11
#1436-d54 @A: 02 03 11 15 | 05
#1437-d54 @A: 22 15 03 12 | 09
#1438-d54 @A: 24 17 15 03 | 08
#1439-d54 @A: 22 13 08 03 | 03
#1440-d54 @A: 13 34 07 03 | 01
#1441-d54 @A: 24 11 12 03 | 12
#1442-d54 @A: 03 24 16 07 | 10
#1443-d54 @A: 03 31 07 05 | 06
#1444-d54 @A: 05 03 20 11 | 02
#1445-d54 @A: 03 12 18 28 | 07
#1446-d54 @A: 01 27 26 15 | 04
#1447-d54 @A: 20 01 28 27 | 11
#1448-d54 @A: 17 01 12 27 | 05
#1449-d54 @A: 14 15 01 25 | 09
#1450-d54 @A: 05 30 01 02 | 08
#1451-d54 @A: 01 13 23 02 | 03
#1452-d54 @A: 24 31 01 06 | 01
#1453-d54 @A: 17 24 01 16 | 12
#1454-d54 @A: 04 01 14 24 | 10
#1455-d54 @A: 14 11 17 01 | 06
#1456-d54 @A: 14 07 19 01 | 02
#1457-d54 @A: 05 01 20 04 | 07
#1458-d54 @A: 18 01 08 17 | 04
#1459-d54 @A: 26 05 01 23 | 11
#1460-d54 @A: 27 15 31 23 | 05
#1461-d54 @A: 10 30 27 13 | 09
#1462-d54 @A: 23 27 11 30 | 08
#1463-d54 @A: 26 02 27 32 | 03
#1464-d54 @A: 19 35 27 02 | 01
#1465-d54 @A: 20 02 27 16 | 12
#1466-d54 @A: 28 07 27 06 | 10
#1467-d54 @A: 20 16 33 27 | 06
#1468-d54 @A: 20 14 35 27 | 02
#1469-d54 @A: 26 28 27 35 | 07
#1470-d54 @A: 23 33 30 25 | 04
#1471-d54 @A: 10 08 24 25 | 11
#1472-d54 @A: 13 32 05 25 | 05
#1473-d54 @A: 18 13 25 11 | 09
#1474-d54 @A: 31 25 22 26 | 08
#1475-d54 @A: 35 32 24 25 | 03
#1476-d54 @A: 25 08 16 31 | 01
#1477-d54 @A: 12 25 31 17 | 12
#1478-d54 @A: 05 25 31 23 | 10
#1479-d54 @A: 14 19 11 25 | 06
#1480-d54 @A: 25 12 11 07 | 02
#1481-d54 @A: 25 04 23 11 | 07
#1482-d54 @A: 25 08 34 21 | 04
#1483-d54 @A: 26 33 25 14 | 11
#1484-d54 @A: 10 15 35 22 | 05
#1485-d54 @A: 18 12 15 13 | 09
#1486-d54 @A: 14 24 15 20 | 08
#1487-d54 @A: 32 15 18 19 | 03
#1488-d54 @A: 19 33 15 31 | 01
#1489-d54 @A: 31 16 15 12 | 12
#1490-d54 @A: 15 11 34 07 | 10
#1491-d54 @A: 04 15 21 11 | 06
#1492-d54 @A: 19 16 07 15 | 02
#1493-d54 @A: 08 04 17 15 | 07
#1494-d54 @A: 12 08 23 15 | 04
#1495-d54 @A: 35 34 26 15 | 11
#1496-d54 @A: 05 14 18 15 | 05
#1497-d54 @A: 17 10 32 30 | 09
#1498-d54 @A: 30 22 20 06 | 08
#1499-d54 @A: 28 30 22 18 | 03
#1500-d54 @A: 04 30 32 31 | 01
#1501-d54 @A: 26 07 33 30 | 12
#1502-d54 @A: 12 30 05 04 | 10
#1503-d54 @A: 30 08 17 12 | 06
#1504-d54 @A: 18 08 30 09 | 02
#1505-d54 @A: 05 26 30 20 | 07
#1506-d54 @A: 33 13 10 04 | 04
#1507-d54 @A: 35 10 32 14 | 11
#1508-d54 @A: 31 10 06 07 | 05
#1509-d54 @A: 10 28 19 07 | 09
#1510-d54 @A: 06 20 10 08 | 08
#1511-d54 @A: 23 08 26 10 | 03
#1512-d54 @A: 14 10 28 20 | 01
#1513-d54 @A: 10 18 05 26 | 12
#1514-d54 @A: 09 02 14 13 | 10
#1515-d54 @A: 13 14 28 22 | 06
#1516-d54 @A: 24 16 21 13 | 02
#1517-d54 @A: 21 31 09 13 | 07
#1518-d54 @A: 04 21 13 26 | 04
#1519-d54 @A: 13 08 20 33 | 11
#1520-d54 @A: 17 09 23 13 | 05
#1521-d54 @A: 05 35 13 26 | 09
#1522-d54 @A: 05 09 13 12 | 08
#1523-d54 @A: 13 26 34 06 | 03
#1524-d54 @A: 02 08 24 19 | 01
#1525-d54 @A: 11 32 14 02 | 12
#1526-d54 @A: 04 31 34 02 | 10
#1527-d54 @A: 33 02 19 35 | 06
#1528-d54 @A: 05 02 04 21 | 02
#1529-d54 @A: 06 09 20 02 | 07
#1530-d54 @A: 17 02 26 05 | 04
#1531-d54 @A: 05 34 02 06 | 11
#1532-d54 @A: 22 28 16 32 | 05
#1533-d54 @A: 22 26 05 32 | 09
#1534-d54 @A: 31 28 11 22 | 08
#1535-d54 @A: 22 35 31 33 | 03
#1536-d54 @A: 07 12 34 22 | 01
#1537-d54 @A: 08 22 17 23 | 12
#1538-d54 @A: 34 08 22 05 | 10
#1539-d54 @A: 22 28 06 12 | 06
#1540-d54 @A: 05 12 22 17 | 02
#1541-d54 @A: 26 32 23 24 | 07
#1542-d54 @A: 07 24 05 34 | 04
#1543-d54 @A: 33 16 23 24 | 11
#1544-d54 @A: 24 12 35 28 | 05
#1545-d54 @A: 24 35 17 26 | 09
#1546-d54 @A: 20 31 32 19 | 08
#1547-d54 @A: 32 26 16 19 | 03
#1548-d54 @A: 06 32 21 04 | 01
#1549-d54 @A: 35 32 34 08 | 12
#1550-d54 @A: 32 34 12 21 | 10
#1551-d54 @A: 19 31 16 21 | 06
#1552-d54 @A: 34 31 19 35 | 02
#1553-d54 @A: 31 26 04 12 | 07
#1554-d54 @A: 26 31 06 21 | 04
#1555-d54 @A: 35 31 26 18 | 11
#1556-d54 @A: 06 04 05 11 | 05
#1557-d54 @A: 08 21 11 35 | 09
#1558-d54 @A: 14 19 08 21 | 08
#1559-d54 @A: 18 26 07 04 | 03
#1560-d54 @A: 07 23 18 35 | 01
#1561-d54 @A: 04 35 16 28 | 12
#1562-d54 @A: 16 06 14 04 | 10
#1563-d54 @A: 35 20 16 12 | 06
#1564-d54 @A: 17 26 14 16 | 02
#1565-d54 @A: 18 26 05 33 | 07
#1566-d54 @A: 29 16 26 03 | 04
#1567-d54 @A: 11 30 29 25 | 11
#1568-d54 @A: 25 16 29 34 | 05
#1569-d54 @A: 10 13 34 29 | 09
#1570-d54 @A: 10 22 29 23 | 08
#1571-d54 @A: 19 05 29 10 | 03
#1572-d54 @A: 17 10 29 18 | 01
#1573-d54 @A: 29 26 13 14 | 12
#1574-d54 @A: 05 22 31 29 | 10
#1575-d54 @A: 35 22 18 29 | 06
#1576-d54 @A: 11 07 21 29 | 02
#1577-d54 @A: 34 29 19 18 | 07
#1578-d54 @A: 33 29 34 19 | 04
#1579-d54 @A: 26 29 35 04 | 11
#1580-d54 @A: 12 29 26 18 | 05
#1581-d54 @A: 01 26 03 33 | 09
#1582-d54 @A: 19 03 27 10 | 08
#1583-d54 @A: 24 30 03 13 | 03
#1584-d54 @A: 02 33 03 18 | 01
#1585-d54 @A: 22 35 03 32 | 12
#1586-d54 @A: 03 28 05 22 | 10
#1587-d54 @A: 26 04 20 03 | 06
#1588-d54 @A: 08 03 09 12 | 02
#1589-d54 @A: 25 17 13 01 | 07
#1590-d54 @A: 22 25 09 01 | 04
#1591-d54 @A: 28 01 25 16 | 11
#1592-d54 @A: 01 10 14 22 | 05
#1593-d54 @A: 12 16 02 01 | 09
#1594-d54 @A: 32 19 35 01 | 08
#1595-d54 @A: 09 01 31 07 | 03
#1596-d54 @A: 11 19 01 12 | 01
#1597-d54 @A: 01 04 28 34 | 12
#1598-d54 @A: 08 34 20 01 | 10
#1599-d54 @A: 01 06 35 20 | 06
#1600-d54 @A: 01 28 09 17 | 02
#1601-d54 @A: 05 17 01 35 | 07
#1602-d54 @A: 08 15 27 24 | 04
#1603-d54 @A: 18 10 27 31 | 11
#1604-d54 @A: 08 09 27 10 | 05
#1605-d54 @A: 05 27 13 31 | 09
#1606-d54 @A: 11 22 12 27 | 08
#1607-d54 @A: 27 24 11 09 | 03
#1608-d54 @A: 24 04 19 27 | 01
#1609-d54 @A: 27 19 17 31 | 12
#1610-d54 @A: 34 19 27 11 | 10
#1611-d54 @A: 08 12 27 18 | 06
#1612-d54 @A: 20 26 27 18 | 02
#1613-d54 @A: 27 26 05 09 | 07
#1614-d54 @A: 24 13 25 04 | 04
#1615-d54 @A: 07 02 16 25 | 11
#1616-d54 @A: 24 07 09 25 | 05
#1617-d54 @A: 06 24 16 25 | 09
#1618-d54 @A: 08 25 19 32 | 08
#1619-d54 @A: 08 18 25 04 | 03
#1620-d54 @A: 08 06 17 25 | 01
#1621-d54 @A: 08 12 26 25 | 12
#1622-d54 @A: 25 18 35 14 | 10
#1623-d54 @A: 05 25 33 34 | 06
#1624-d54 @A: 06 14 05 25 | 02
#1625-d54 @A: 25 26 06 18 | 07
#1626-d54 @A: 10 15 11 28 | 04
#1627-d54 @A: 10 19 15 06 | 11
#1628-d54 @A: 15 07 14 13 | 05
#1629-d54 @A: 13 16 15 28 | 09
#1630-d54 @A: 15 23 16 22 | 08
#1631-d54 @A: 15 32 12 28 | 03
#1632-d54 @A: 33 15 14 32 | 01
#1633-d54 @A: 19 28 15 26 | 12
#1634-d54 @A: 23 07 15 17 | 10
#1635-d54 @A: 17 20 26 15 | 06
#1636-d54 @A: 09 15 33 20 | 02
#1637-d54 @A: 15 26 34 33 | 07
#1638-d54 @A: 12 33 30 10 | 04
#1639-d54 @A: 31 14 02 30 | 11
#1640-d54 @A: 24 09 35 30 | 05
#1641-d54 @A: 30 05 11 16 | 09
#1642-d54 @A: 23 28 30 06 | 08
#1643-d54 @A: 30 17 06 35 | 03
#1644-d54 @A: 18 35 34 30 | 01
#1645-d54 @A: 32 26 10 13 | 12
#1646-d54 @A: 10 19 02 21 | 10
#1647-d54 @A: 18 10 02 12 | 06
#1648-d54 @A: 06 10 32 24 | 02
#1649-d54 @A: 34 10 32 04 | 07
#1650-d54 @A: 10 21 11 17 | 04
#1651-d54 @A: 35 07 26 10 | 11
#1652-d54 @A: 28 17 08 10 | 05
#1653-d54 @A: 18 20 35 10 | 09
#1654-d54 @A: 26 13 24 11 | 08
#1655-d54 @A: 23 28 24 13 | 03
#1656-d54 @A: 31 13 18 19 | 01
#1657-d54 @A: 13 31 07 33 | 12
#1658-d54 @A: 19 04 07 13 | 10
#1659-d54 @A: 20 13 05 28 | 06
#1660-d54 @A: 13 20 18 34 | 02
#1661-d54 @A: 13 12 06 35 | 07
#1662-d54 @A: 19 02 17 22 | 04
#1663-d54 @A: 31 02 09 08 | 11
#1664-d54 @A: 12 05 31 02 | 05
#1665-d54 @A: 02 07 20 26 | 09
#1666-d54 @A: 26 02 09 04 | 08
#1667-d54 @A: 20 14 02 17 | 03
#1668-d54 @A: 21 09 17 02 | 01
#1669-d54 @A: 06 02 14 35 | 12
#1670-d54 @A: 22 17 21 33 | 10
#1671-d54 @A: 21 24 11 32 | 06
#1672-d54 @A: 07 32 05 19 | 02
#1673-d54 @A: 23 18 04 32 | 07
#1674-d54 @A: 35 04 32 05 | 04
#1675-d54 @A: 06 31 17 04 | 11
#1676-d54 @A: 35 31 06 28 | 05
#1677-d54 @A: 17 09 18 31 | 09
#1678-d54 @A: 11 09 04 35 | 08
#1679-d54 @A: 11 26 18 21 | 03
#1680-d54 @A: 04 19 20 18 | 01
#1681-d54 @A: 06 19 08 26 | 12
#1682-d54 @A: 19 14 34 20 | 10
#1683-d54 @A: 35 21 19 05 | 06
#1684-d54 @A: 14 07 35 16 | 02
#1685-d54 @A: 05 23 33 07 | 07
#1686-d54 @A: 16 35 17 08 | 04
#1687-d54 @A: 28 17 16 34 | 11
#1688-d54 @A: 28 26 16 12 | 05
#1689-d54 @A: 34 16 35 23 | 09
