#0001-d70 @A: 21 17 32 13 | 04
#0002-d70 @A: 32 34 21 09 | 07
#0003-d70 @A: 13 01 19 32 | 11
#0004-d70 @A: 01 32 12 25 | 12
#0005-d70 @A: 32 35 19 10 | 01
#0006-d70 @A: 32 09 01 22 | 09
#0007-d70 @A: 32 09 05 11 | 03
#0008-d70 @A: 35 34 32 22 | 10
#0009-d70 @A: 01 16 15 32 | 08
#0010-d70 @A: 32 22 30 27 | 05
#0011-d70 @A: 32 29 10 30 | 02
#0012-d70 @A: 01 26 32 07 | 06
#0013-d70 @A: 02 27 32 25 | 04
#0014-d70 @A: 06 08 33 01 | 07
#0015-d70 @A: 22 21 19 06 | 11
#0016-d70 @A: 08 21 06 04 | 12
#0017-d70 @A: 26 06 03 05 | 01
#0018-d70 @A: 13 28 06 07 | 09
#0019-d70 @A: 12 06 07 09 | 03
#0020-d70 @A: 06 19 02 35 | 10
#0021-d70 @A: 16 15 06 09 | 08
#0022-d70 @A: 05 10 06 35 | 05
#0023-d70 @A: 18 06 02 24 | 02
#0024-d70 @A: 06 25 08 28 | 06
#0025-d70 @A: 34 30 06 05 | 04
#0026-d70 @A: 07 06 29 01 | 07
#0027-d70 @A: 11 06 18 27 | 11
#0028-d70 @A: 17 19 33 03 | 12
#0029-d70 @A: 33 31 30 20 | 01
#0030-d70 @A: 08 05 33 14 | 09
#0031-d70 @A: 18 33 27 10 | 03
#0032-d70 @A: 33 02 01 04 | 10
#0033-d70 @A: 23 33 20 18 | 08
#0034-d70 @A: 12 13 21 25 | 05
#0035-d70 @A: 13 23 21 22 | 02
#0036-d70 @A: 21 07 11 13 | 06
#0037-d70 @A: 34 35 12 21 | 04
#0038-d70 @A: 11 21 28 19 | 07
#0039-d70 @A: 19 34 21 27 | 11
#0040-d70 @A: 09 21 18 23 | 12
#0041-d70 @A: 21 25 35 22 | 01
#0042-d70 @A: 21 01 14 35 | 09
#0043-d70 @A: 24 14 11 21 | 03
#0044-d70 @A: 21 10 16 15 | 10
#0045-d70 @A: 34 26 28 21 | 08
#0046-d70 @A: 34 05 21 08 | 05
#0047-d70 @A: 21 18 07 34 | 02
#0048-d70 @A: 26 21 25 01 | 06
#0049-d70 @A: 34 21 25 23 | 04
#0050-d70 @A: 17 21 18 01 | 07
#0051-d70 @A: 02 15 21 34 | 11
#0052-d70 @A: 03 13 19 20 | 12
#0053-d70 @A: 13 28 02 03 | 01
#0054-d70 @A: 18 03 35 12 | 09
#0055-d70 @A: 03 31 09 26 | 03
#0056-d70 @A: 03 24 31 07 | 10
#0057-d70 @A: 16 03 31 20 | 08
#0058-d70 @A: 09 03 08 28 | 05
#0059-d70 @A: 03 28 34 15 | 02
#0060-d70 @A: 03 20 17 04 | 06
#0061-d70 @A: 01 18 08 03 | 04
#0062-d70 @A: 13 12 23 30 | 07
#0063-d70 @A: 19 25 30 13 | 11
#0064-d70 @A: 09 01 31 13 | 12
#0065-d70 @A: 18 16 13 35 | 01
#0066-d70 @A: 05 35 34 13 | 09
#0067-d70 @A: 26 13 24 14 | 03
#0068-d70 @A: 29 10 07 13 | 10
#0069-d70 @A: 13 11 15 17 | 08
#0070-d70 @A: 02 12 19 09 | 05
#0071-d70 @A: 09 12 15 31 | 02
#0072-d70 @A: 35 15 30 12 | 06
#0073-d70 @A: 30 04 24 12 | 04
#0074-d70 @A: 24 34 12 26 | 07
#0075-d70 @A: 14 30 12 20 | 11
#0076-d70 @A: 12 08 01 05 | 12
#0077-d70 @A: 15 07 27 12 | 01
#0078-d70 @A: 34 12 11 27 | 09
#0079-d70 @A: 25 29 12 23 | 03
#0080-d70 @A: 12 08 25 04 | 10
#0081-d70 @A: 02 25 12 10 | 08
#0082-d70 @A: 15 26 12 11 | 05
#0083-d70 @A: 19 04 35 31 | 02
#0084-d70 @A: 19 23 09 11 | 06
#0085-d70 @A: 23 19 22 16 | 04
#0086-d70 @A: 17 28 19 10 | 07
#0087-d70 @A: 01 19 27 10 | 11
#0088-d70 @A: 29 19 18 25 | 12
#0089-d70 @A: 01 23 19 34 | 01
#0090-d70 @A: 35 15 24 31 | 09
#0091-d70 @A: 34 31 30 35 | 03
#0092-d70 @A: 14 24 17 31 | 10
#0093-d70 @A: 07 05 22 31 | 08
#0094-d70 @A: 10 15 31 18 | 05
#0095-d70 @A: 20 01 26 31 | 02
#0096-d70 @A: 09 08 14 02 | 06
#0097-d70 @A: 07 27 29 09 | 04
#0098-d70 @A: 17 10 15 09 | 07
#0099-d70 @A: 09 04 20 01 | 11
#0100-d70 @A: 35 18 24 14 | 12
#0101-d70 @A: 28 26 04 35 | 01
#0102-d70 @A: 35 30 17 22 | 09
#0103-d70 @A: 20 10 07 35 | 03
#0104-d70 @A: 26 01 34 35 | 10
#0105-d70 @A: 24 25 14 22 | 08
#0106-d70 @A: 14 23 24 15 | 05
#0107-d70 @A: 15 07 24 34 | 02
#0108-d70 @A: 26 24 27 18 | 06
#0109-d70 @A: 25 17 20 24 | 04
#0110-d70 @A: 18 17 23 24 | 07
#0111-d70 @A: 20 10 24 26 | 11
#0112-d70 @A: 16 18 02 25 | 12
#0113-d70 @A: 04 16 20 11 | 01
#0114-d70 @A: 10 16 23 18 | 09
#0115-d70 @A: 18 15 16 20 | 03
#0116-d70 @A: 11 15 08 16 | 10
#0117-d70 @A: 30 28 05 14 | 08
#0118-d70 @A: 27 22 05 28 | 05
#0119-d70 @A: 28 15 17 04 | 02
#0120-d70 @A: 28 02 23 10 | 06
#0121-d70 @A: 14 30 25 02 | 04
#0122-d70 @A: 25 11 26 30 | 07
#0123-d70 @A: 30 10 26 04 | 11
#0124-d70 @A: 30 04 34 02 | 12
#0125-d70 @A: 07 34 22 14 | 01
#0126-d70 @A: 22 26 02 07 | 09
#0127-d70 @A: 29 23 27 22 | 03
#0128-d70 @A: 17 02 23 22 | 10
#0129-d70 @A: 05 14 27 15 | 08
#0130-d70 @A: 08 05 07 27 | 05
#0131-d70 @A: 05 18 04 07 | 02
#0132-d70 @A: 05 29 26 27 | 06
#0133-d70 @A: 25 27 23 05 | 04
#0134-d70 @A: 05 27 02 34 | 07
#0135-d70 @A: 20 23 29 05 | 11
#0136-d70 @A: 05 11 26 10 | 12
#0137-d70 @A: 29 07 14 04 | 01
#0138-d70 @A: 34 29 14 27 | 09
#0139-d70 @A: 27 20 08 14 | 03
#0140-d70 @A: 20 18 29 14 | 10
#0141-d70 @A: 14 04 11 17 | 08
#0142-d70 @A: 10 18 27 08 | 05
#0143-d70 @A: 13 32 06 31 | 02
#0144-d70 @A: 12 27 32 06 | 06
#0145-d70 @A: 02 05 32 06 | 04
#0146-d70 @A: 33 13 25 32 | 07
#0147-d70 @A: 32 01 33 28 | 11
#0148-d70 @A: 03 09 18 32 | 12
#0149-d70 @A: 24 03 32 01 | 01
#0150-d70 @A: 03 15 32 14 | 09
#0151-d70 @A: 35 05 25 32 | 03
#0152-d70 @A: 26 22 05 32 | 10
#0153-d70 @A: 07 34 32 05 | 08
#0154-d70 @A: 15 23 07 32 | 05
#0155-d70 @A: 26 09 33 06 | 02
#0156-d70 @A: 11 33 35 06 | 06
#0157-d70 @A: 33 10 30 06 | 04
#0158-d70 @A: 06 09 27 21 | 07
#0159-d70 @A: 04 06 21 01 | 11
#0160-d70 @A: 30 06 12 02 | 12
#0161-d70 @A: 06 27 31 35 | 01
#0162-d70 @A: 09 06 35 01 | 09
#0163-d70 @A: 06 14 05 24 | 03
#0164-d70 @A: 25 06 16 30 | 10
#0165-d70 @A: 28 18 30 06 | 08
#0166-d70 @A: 22 06 18 14 | 05
#0167-d70 @A: 07 06 15 10 | 02
#0168-d70 @A: 18 10 29 06 | 06
#0169-d70 @A: 15 06 04 34 | 04
#0170-d70 @A: 14 05 33 21 | 07
#0171-d70 @A: 15 03 24 33 | 11
#0172-d70 @A: 25 03 33 14 | 12
#0173-d70 @A: 09 33 12 20 | 01
#0174-d70 @A: 33 24 26 05 | 09
#0175-d70 @A: 33 11 28 16 | 03
#0176-d70 @A: 22 33 16 26 | 10
#0177-d70 @A: 16 33 08 17 | 08
#0178-d70 @A: 14 08 33 28 | 05
#0179-d70 @A: 30 13 29 21 | 02
#0180-d70 @A: 21 01 24 19 | 06
#0181-d70 @A: 20 19 21 10 | 04
#0182-d70 @A: 16 35 21 31 | 07
#0183-d70 @A: 17 09 21 05 | 11
#0184-d70 @A: 35 21 04 11 | 12
#0185-d70 @A: 21 24 16 29 | 01
#0186-d70 @A: 07 14 16 21 | 09
#0187-d70 @A: 29 08 21 14 | 03
#0188-d70 @A: 21 27 02 07 | 10
#0189-d70 @A: 21 02 29 17 | 08
#0190-d70 @A: 18 15 21 04 | 05
#0191-d70 @A: 10 21 08 15 | 02
#0192-d70 @A: 27 03 12 09 | 06
#0193-d70 @A: 31 03 11 30 | 04
#0194-d70 @A: 11 03 35 16 | 07
#0195-d70 @A: 03 35 04 05 | 11
#0196-d70 @A: 22 24 03 28 | 12
#0197-d70 @A: 28 16 03 18 | 01
#0198-d70 @A: 10 20 28 03 | 09
#0199-d70 @A: 22 20 29 03 | 03
#0200-d70 @A: 08 26 05 03 | 10
#0201-d70 @A: 17 08 03 14 | 08
#0202-d70 @A: 34 03 18 27 | 05
#0203-d70 @A: 04 19 13 28 | 02
#0204-d70 @A: 02 19 22 13 | 06
#0205-d70 @A: 25 13 24 11 | 04
#0206-d70 @A: 25 05 13 28 | 07
#0207-d70 @A: 07 13 17 30 | 11
#0208-d70 @A: 10 13 25 15 | 12
#0209-d70 @A: 19 12 18 24 | 01
#0210-d70 @A: 04 12 16 19 | 09
#0211-d70 @A: 31 12 29 05 | 03
#0212-d70 @A: 17 11 12 31 | 10
#0213-d70 @A: 05 09 34 12 | 08
#0214-d70 @A: 27 30 16 12 | 05
#0215-d70 @A: 01 26 12 27 | 02
#0216-d70 @A: 27 02 12 20 | 06
#0217-d70 @A: 12 04 26 02 | 04
#0218-d70 @A: 04 12 11 01 | 07
#0219-d70 @A: 30 31 19 23 | 11
#0220-d70 @A: 19 22 08 27 | 12
#0221-d70 @A: 04 08 34 19 | 01
#0222-d70 @A: 10 23 19 26 | 09
#0223-d70 @A: 19 15 26 20 | 03
#0224-d70 @A: 02 20 19 23 | 10
#0225-d70 @A: 22 31 23 09 | 08
#0226-d70 @A: 25 31 10 24 | 05
#0227-d70 @A: 31 16 14 29 | 02
#0228-d70 @A: 08 14 31 01 | 06
#0229-d70 @A: 29 20 31 25 | 04
#0230-d70 @A: 11 15 29 31 | 07
#0231-d70 @A: 31 08 20 34 | 11
#0232-d70 @A: 35 05 09 08 | 12
#0233-d70 @A: 09 28 34 27 | 01
#0234-d70 @A: 30 09 27 04 | 09
#0235-d70 @A: 09 26 07 11 | 03
#0236-d70 @A: 08 24 35 02 | 10
#0237-d70 @A: 01 35 16 20 | 08
#0238-d70 @A: 15 07 11 35 | 05
#0239-d70 @A: 35 04 10 27 | 02
#0240-d70 @A: 35 29 23 11 | 06
#0241-d70 @A: 35 10 18 01 | 04
#0242-d70 @A: 11 10 35 02 | 07
#0243-d70 @A: 29 26 25 16 | 11
#0244-d70 @A: 15 34 16 29 | 12
#0245-d70 @A: 26 16 10 34 | 01
#0246-d70 @A: 34 23 16 11 | 09
#0247-d70 @A: 08 30 10 28 | 03
#0248-d70 @A: 18 17 28 26 | 10
#0249-d70 @A: 34 18 23 28 | 08
#0250-d70 @A: 07 04 11 30 | 05
#0251-d70 @A: 30 01 34 27 | 02
#0252-d70 @A: 29 08 15 30 | 06
#0253-d70 @A: 20 30 10 17 | 04
#0254-d70 @A: 11 20 34 30 | 07
#0255-d70 @A: 22 08 05 04 | 11
#0256-d70 @A: 04 15 27 22 | 12
#0257-d70 @A: 27 01 22 02 | 01
#0258-d70 @A: 05 01 27 18 | 09
#0259-d70 @A: 29 02 04 05 | 03
#0260-d70 @A: 05 18 29 34 | 10
#0261-d70 @A: 05 01 02 10 | 08
#0262-d70 @A: 14 15 26 10 | 05
#0263-d70 @A: 18 34 14 15 | 02
#0264-d70 @A: 06 32 28 17 | 06
#0265-d70 @A: 07 06 22 32 | 04
#0266-d70 @A: 06 23 32 29 | 07
#0267-d70 @A: 25 32 04 06 | 11
#0268-d70 @A: 32 33 31 11 | 12
#0269-d70 @A: 29 21 32 19 | 01
#0270-d70 @A: 32 18 21 22 | 09
#0271-d70 @A: 08 32 13 11 | 03
#0272-d70 @A: 14 32 25 19 | 10
#0273-d70 @A: 29 09 32 16 | 08
#0274-d70 @A: 02 10 22 32 | 05
#0275-d70 @A: 27 15 32 10 | 02
#0276-d70 @A: 17 16 06 33 | 06
#0277-d70 @A: 33 14 06 02 | 04
#0278-d70 @A: 13 15 03 06 | 07
#0279-d70 @A: 06 05 12 25 | 11
#0280-d70 @A: 19 06 09 18 | 12
#0281-d70 @A: 11 16 06 19 | 01
#0282-d70 @A: 08 06 30 02 | 09
#0283-d70 @A: 01 22 11 06 | 03
#0284-d70 @A: 26 04 07 06 | 10
#0285-d70 @A: 29 27 25 06 | 08
#0286-d70 @A: 29 15 17 06 | 05
#0287-d70 @A: 03 33 21 28 | 02
#0288-d70 @A: 11 21 12 33 | 06
#0289-d70 @A: 22 21 33 17 | 04
#0290-d70 @A: 25 33 21 29 | 07
#0291-d70 @A: 03 33 23 12 | 11
#0292-d70 @A: 33 03 29 30 | 12
#0293-d70 @A: 03 33 29 08 | 01
#0294-d70 @A: 31 33 12 27 | 09
#0295-d70 @A: 10 33 19 07 | 03
#0296-d70 @A: 14 33 35 26 | 10
#0297-d70 @A: 33 30 27 24 | 08
#0298-d70 @A: 33 04 24 14 | 05
#0299-d70 @A: 11 05 29 33 | 02
#0300-d70 @A: 14 01 33 29 | 06
#0301-d70 @A: 18 29 33 17 | 04
#0302-d70 @A: 33 08 34 26 | 07
#0303-d70 @A: 19 13 18 21 | 11
#0304-d70 @A: 21 34 13 31 | 12
#0305-d70 @A: 26 05 21 13 | 01
#0306-d70 @A: 04 07 21 19 | 09
#0307-d70 @A: 23 35 21 30 | 03
#0308-d70 @A: 04 16 21 27 | 10
#0309-d70 @A: 28 14 02 21 | 08
#0310-d70 @A: 01 30 07 21 | 05
#0311-d70 @A: 15 29 07 21 | 02
#0312-d70 @A: 24 13 30 03 | 06
#0313-d70 @A: 15 12 02 03 | 04
#0314-d70 @A: 26 28 03 19 | 07
#0315-d70 @A: 22 19 04 03 | 11
#0316-d70 @A: 18 03 19 05 | 12
#0317-d70 @A: 19 34 03 11 | 01
#0318-d70 @A: 17 03 09 01 | 09
#0319-d70 @A: 20 03 34 09 | 03
#0320-d70 @A: 03 24 11 10 | 10
#0321-d70 @A: 22 05 03 10 | 08
#0322-d70 @A: 27 11 03 07 | 05
#0323-d70 @A: 17 03 26 02 | 02
#0324-d70 @A: 12 02 14 13 | 06
#0325-d70 @A: 13 26 12 07 | 04
#0326-d70 @A: 19 07 13 05 | 07
#0327-d70 @A: 28 13 29 35 | 11
#0328-d70 @A: 35 10 13 14 | 12
#0329-d70 @A: 24 05 13 01 | 01
#0330-d70 @A: 13 14 27 16 | 09
#0331-d70 @A: 28 18 22 13 | 03
#0332-d70 @A: 13 14 30 01 | 10
#0333-d70 @A: 13 23 04 15 | 08
#0334-d70 @A: 23 12 28 19 | 05
#0335-d70 @A: 12 23 16 31 | 02
#0336-d70 @A: 16 08 12 09 | 06
#0337-d70 @A: 35 29 12 02 | 04
#0338-d70 @A: 16 12 28 07 | 07
#0339-d70 @A: 01 20 29 12 | 11
#0340-d70 @A: 18 01 12 23 | 12
#0341-d70 @A: 20 31 19 09 | 01
#0342-d70 @A: 19 29 09 35 | 09
#0343-d70 @A: 19 22 07 35 | 03
#0344-d70 @A: 24 19 16 02 | 10
#0345-d70 @A: 07 14 30 19 | 08
#0346-d70 @A: 04 10 02 19 | 05
#0347-d70 @A: 02 31 09 24 | 02
#0348-d70 @A: 09 11 31 16 | 06
#0349-d70 @A: 31 29 30 09 | 04
#0350-d70 @A: 14 27 09 31 | 07
#0351-d70 @A: 24 08 22 31 | 11
#0352-d70 @A: 31 01 05 28 | 12
#0353-d70 @A: 29 31 02 07 | 01
#0354-d70 @A: 31 01 07 17 | 09
#0355-d70 @A: 31 29 27 08 | 03
#0356-d70 @A: 20 11 31 02 | 10
#0357-d70 @A: 18 07 09 35 | 08
#0358-d70 @A: 11 27 35 09 | 05
#0359-d70 @A: 09 22 27 24 | 02
#0360-d70 @A: 18 09 05 24 | 06
#0361-d70 @A: 28 09 01 30 | 04
#0362-d70 @A: 05 22 15 09 | 07
#0363-d70 @A: 23 25 09 04 | 11
#0364-d70 @A: 17 09 20 08 | 12
#0365-d70 @A: 01 10 09 23 | 01
#0366-d70 @A: 35 24 17 04 | 09
#0367-d70 @A: 23 05 15 35 | 03
#0368-d70 @A: 34 23 14 35 | 10
#0369-d70 @A: 25 35 34 27 | 08
#0370-d70 @A: 25 35 02 23 | 05
#0371-d70 @A: 11 08 35 34 | 02
#0372-d70 @A: 16 24 15 28 | 06
#0373-d70 @A: 24 04 05 28 | 04
#0374-d70 @A: 29 24 22 26 | 07
#0375-d70 @A: 26 17 07 24 | 11
#0376-d70 @A: 25 24 29 15 | 12
#0377-d70 @A: 24 01 02 20 | 01
#0378-d70 @A: 18 24 11 15 | 09
#0379-d70 @A: 34 18 24 08 | 03
#0380-d70 @A: 01 28 20 22 | 10
#0381-d70 @A: 28 11 14 29 | 08
#0382-d70 @A: 28 11 01 26 | 05
#0383-d70 @A: 15 07 18 30 | 02
#0384-d70 @A: 11 17 01 30 | 06
#0385-d70 @A: 02 23 30 15 | 04
#0386-d70 @A: 07 29 22 11 | 07
#0387-d70 @A: 22 04 01 17 | 11
#0388-d70 @A: 11 05 14 02 | 12
#0389-d70 @A: 10 05 29 15 | 01
#0390-d70 @A: 10 34 05 17 | 09
#0391-d70 @A: 11 08 05 17 | 03
#0392-d70 @A: 07 23 14 08 | 10
#0393-d70 @A: 07 18 02 14 | 08
#0394-d70 @A: 02 23 14 04 | 05
#0395-d70 @A: 07 26 08 29 | 02
#0396-d70 @A: 07 11 04 08 | 06
#0397-d70 @A: 34 01 10 08 | 04
#0398-d70 @A: 01 11 08 20 | 07
#0399-d70 @A: 33 32 35 16 | 11
#0400-d70 @A: 32 07 33 30 | 12
#0401-d70 @A: 02 33 23 32 | 01
#0402-d70 @A: 23 32 03 21 | 09
#0403-d70 @A: 32 12 20 21 | 03
#0404-d70 @A: 10 13 03 32 | 10
#0405-d70 @A: 14 13 32 34 | 08
#0406-d70 @A: 12 11 14 32 | 05
#0407-d70 @A: 11 32 04 19 | 02
#0408-d70 @A: 35 32 23 31 | 06
#0409-d70 @A: 31 32 27 16 | 04
#0410-d70 @A: 24 32 26 09 | 07
#0411-d70 @A: 20 35 28 32 | 11
#0412-d70 @A: 11 30 32 24 | 12
#0413-d70 @A: 02 14 32 16 | 01
#0414-d70 @A: 25 32 08 01 | 09
#0415-d70 @A: 01 23 11 32 | 03
#0416-d70 @A: 08 32 34 23 | 10
#0417-d70 @A: 33 12 18 06 | 08
#0418-d70 @A: 28 04 33 06 | 05
#0419-d70 @A: 06 21 35 29 | 02
#0420-d70 @A: 12 04 03 06 | 06
#0421-d70 @A: 07 19 06 03 | 04
#0422-d70 @A: 22 03 23 06 | 07
#0423-d70 @A: 11 28 06 12 | 11
#0424-d70 @A: 26 14 06 12 | 12
#0425-d70 @A: 27 19 30 06 | 01
#0426-d70 @A: 06 28 09 22 | 09
#0427-d70 @A: 17 06 30 14 | 03
#0428-d70 @A: 05 22 06 17 | 10
#0429-d70 @A: 18 08 14 06 | 08
#0430-d70 @A: 23 07 18 06 | 05
#0431-d70 @A: 27 34 06 23 | 02
#0432-d70 @A: 20 01 06 18 | 06
#0433-d70 @A: 24 16 33 13 | 04
#0434-d70 @A: 33 30 34 13 | 07
#0435-d70 @A: 07 13 14 33 | 11
#0436-d70 @A: 22 12 07 33 | 12
#0437-d70 @A: 14 33 12 17 | 01
#0438-d70 @A: 05 04 19 33 | 09
#0439-d70 @A: 19 23 27 33 | 03
#0440-d70 @A: 24 09 11 33 | 10
#0441-d70 @A: 33 05 07 09 | 08
#0442-d70 @A: 35 01 30 33 | 05
#0443-d70 @A: 02 30 33 16 | 02
#0444-d70 @A: 33 27 14 22 | 06
#0445-d70 @A: 25 33 07 15 | 04
#0446-d70 @A: 33 15 27 29 | 07
#0447-d70 @A: 33 25 26 18 | 11
#0448-d70 @A: 10 33 17 11 | 12
#0449-d70 @A: 02 11 18 33 | 01
#0450-d70 @A: 08 21 19 35 | 09
#0451-d70 @A: 31 21 09 07 | 03
#0452-d70 @A: 18 21 31 27 | 10
#0453-d70 @A: 35 27 05 21 | 08
#0454-d70 @A: 25 21 14 17 | 05
#0455-d70 @A: 21 07 10 26 | 02
#0456-d70 @A: 21 15 27 25 | 06
#0457-d70 @A: 25 08 21 27 | 04
#0458-d70 @A: 21 08 23 02 | 07
#0459-d70 @A: 03 12 16 25 | 11
#0460-d70 @A: 03 19 27 24 | 12
#0461-d70 @A: 31 03 02 05 | 01
#0462-d70 @A: 23 24 03 09 | 09
#0463-d70 @A: 03 05 24 34 | 03
#0464-d70 @A: 03 23 25 07 | 10
#0465-d70 @A: 01 07 03 20 | 08
#0466-d70 @A: 10 03 25 27 | 05
#0467-d70 @A: 26 03 08 27 | 02
#0468-d70 @A: 11 17 03 29 | 06
#0469-d70 @A: 01 34 03 04 | 04
#0470-d70 @A: 13 28 12 01 | 07
#0471-d70 @A: 16 19 13 10 | 11
#0472-d70 @A: 09 13 27 08 | 12
#0473-d70 @A: 18 30 13 27 | 01
#0474-d70 @A: 13 22 29 17 | 09
#0475-d70 @A: 20 07 13 08 | 03
#0476-d70 @A: 01 04 13 29 | 10
#0477-d70 @A: 01 13 34 17 | 08
#0478-d70 @A: 17 16 12 35 | 05
#0479-d70 @A: 18 16 22 12 | 02
#0480-d70 @A: 26 12 28 05 | 06
#0481-d70 @A: 30 18 34 12 | 04
#0482-d70 @A: 04 07 25 12 | 07
#0483-d70 @A: 12 26 02 08 | 11
#0484-d70 @A: 26 31 24 19 | 12
#0485-d70 @A: 31 19 01 16 | 01
#0486-d70 @A: 27 17 19 31 | 09
#0487-d70 @A: 24 09 19 04 | 03
#0488-d70 @A: 25 09 19 10 | 10
#0489-d70 @A: 22 34 19 28 | 08
#0490-d70 @A: 19 28 25 20 | 05
#0491-d70 @A: 27 11 22 19 | 02
#0492-d70 @A: 25 09 05 31 | 06
#0493-d70 @A: 24 01 30 31 | 04
#0494-d70 @A: 05 16 31 10 | 07
#0495-d70 @A: 31 10 28 14 | 11
#0496-d70 @A: 22 30 02 31 | 12
#0497-d70 @A: 31 04 05 20 | 01
#0498-d70 @A: 20 31 10 27 | 09
#0499-d70 @A: 31 17 15 25 | 03
#0500-d70 @A: 34 10 04 31 | 10
#0501-d70 @A: 04 09 02 16 | 08
#0502-d70 @A: 15 30 09 14 | 05
#0503-d70 @A: 22 09 02 14 | 02
#0504-d70 @A: 22 09 18 10 | 06
#0505-d70 @A: 29 26 17 09 | 04
#0506-d70 @A: 15 09 26 04 | 07
#0507-d70 @A: 16 25 35 14 | 11
#0508-d70 @A: 28 05 35 17 | 12
#0509-d70 @A: 28 08 26 35 | 01
#0510-d70 @A: 35 22 11 14 | 09
#0511-d70 @A: 17 35 25 07 | 03
#0512-d70 @A: 26 25 15 35 | 10
#0513-d70 @A: 35 20 04 23 | 08
#0514-d70 @A: 24 20 30 22 | 05
#0515-d70 @A: 14 10 08 24 | 02
#0516-d70 @A: 17 27 24 08 | 06
#0517-d70 @A: 20 04 08 24 | 04
#0518-d70 @A: 28 16 23 05 | 07
#0519-d70 @A: 28 25 16 04 | 11
#0520-d70 @A: 23 28 08 16 | 12
#0521-d70 @A: 07 02 17 16 | 01
#0522-d70 @A: 16 02 27 23 | 09
#0523-d70 @A: 29 17 16 20 | 03
#0524-d70 @A: 04 27 08 28 | 10
#0525-d70 @A: 10 11 27 28 | 08
#0526-d70 @A: 02 26 28 25 | 05
#0527-d70 @A: 29 22 30 05 | 02
#0528-d70 @A: 30 34 26 07 | 06
#0529-d70 @A: 23 29 30 04 | 04
#0530-d70 @A: 29 11 30 18 | 07
#0531-d70 @A: 07 22 27 20 | 11
#0532-d70 @A: 07 22 01 15 | 12
#0533-d70 @A: 15 02 25 22 | 01
#0534-d70 @A: 22 18 34 26 | 09
#0535-d70 @A: 05 20 01 25 | 03
#0536-d70 @A: 17 05 15 26 | 10
#0537-d70 @A: 23 11 05 17 | 08
#0538-d70 @A: 05 34 20 26 | 05
#0539-d70 @A: 29 23 14 26 | 02
#0540-d70 @A: 07 02 08 01 | 06
#0541-d70 @A: 32 06 21 10 | 04
#0542-d70 @A: 31 32 21 02 | 07
#0543-d70 @A: 12 32 03 30 | 11
#0544-d70 @A: 17 22 32 03 | 12
#0545-d70 @A: 35 13 04 32 | 01
#0546-d70 @A: 32 15 12 24 | 09
#0547-d70 @A: 19 16 17 32 | 03
#0548-d70 @A: 30 32 19 18 | 10
#0549-d70 @A: 23 19 32 05 | 08
#0550-d70 @A: 24 22 31 32 | 05
#0551-d70 @A: 31 32 29 28 | 02
#0552-d70 @A: 07 32 20 31 | 06
#0553-d70 @A: 32 09 35 30 | 04
#0554-d70 @A: 14 32 23 30 | 07
#0555-d70 @A: 04 30 01 32 | 11
#0556-d70 @A: 27 17 32 11 | 12
#0557-d70 @A: 34 17 32 15 | 01
#0558-d70 @A: 32 34 26 02 | 09
#0559-d70 @A: 03 33 06 27 | 03
#0560-d70 @A: 33 06 22 15 | 10
#0561-d70 @A: 09 06 03 10 | 08
#0562-d70 @A: 05 13 11 06 | 05
#0563-d70 @A: 15 12 19 06 | 02
#0564-d70 @A: 05 29 19 06 | 06
#0565-d70 @A: 34 25 09 06 | 04
#0566-d70 @A: 08 29 35 06 | 07
#0567-d70 @A: 16 01 06 05 | 11
#0568-d70 @A: 06 30 04 22 | 12
#0569-d70 @A: 06 25 22 26 | 01
#0570-d70 @A: 08 06 23 17 | 09
#0571-d70 @A: 34 18 06 17 | 03
#0572-d70 @A: 21 33 15 31 | 10
#0573-d70 @A: 21 35 02 33 | 08
#0574-d70 @A: 24 20 33 21 | 05
#0575-d70 @A: 33 21 23 04 | 02
#0576-d70 @A: 03 26 10 33 | 06
#0577-d70 @A: 13 08 19 33 | 04
#0578-d70 @A: 13 33 22 10 | 07
#0579-d70 @A: 12 25 33 24 | 11
#0580-d70 @A: 10 12 33 28 | 12
#0581-d70 @A: 33 12 05 15 | 01
#0582-d70 @A: 24 33 22 19 | 09
#0583-d70 @A: 35 33 07 31 | 03
#0584-d70 @A: 23 09 14 33 | 10
#0585-d70 @A: 29 35 22 33 | 08
#0586-d70 @A: 14 10 33 16 | 05
#0587-d70 @A: 18 30 04 33 | 02
#0588-d70 @A: 33 22 20 02 | 06
#0589-d70 @A: 18 22 08 33 | 04
#0590-d70 @A: 30 03 21 25 | 07
#0591-d70 @A: 05 21 03 20 | 11
#0592-d70 @A: 21 35 20 13 | 12
#0593-d70 @A: 27 24 13 21 | 01
#0594-d70 @A: 08 21 13 17 | 09
#0595-d70 @A: 28 21 12 17 | 03
#0596-d70 @A: 23 21 05 31 | 10
#0597-d70 @A: 14 26 31 21 | 08
#0598-d70 @A: 11 09 20 21 | 05
#0599-d70 @A: 24 21 22 07 | 02
#0600-d70 @A: 20 21 18 30 | 06
#0601-d70 @A: 14 22 20 21 | 04
#0602-d70 @A: 01 11 21 29 | 07
#0603-d70 @A: 02 20 04 21 | 11
#0604-d70 @A: 34 03 13 12 | 12
#0605-d70 @A: 13 03 31 17 | 01
#0606-d70 @A: 03 01 19 14 | 09
#0607-d70 @A: 02 35 22 03 | 03
#0608-d70 @A: 26 16 03 24 | 10
#0609-d70 @A: 14 03 28 27 | 08
#0610-d70 @A: 20 30 27 03 | 05
#0611-d70 @A: 03 22 08 07 | 02
#0612-d70 @A: 15 03 17 27 | 06
#0613-d70 @A: 03 10 29 34 | 04
#0614-d70 @A: 26 03 29 01 | 07
#0615-d70 @A: 04 03 10 18 | 11
#0616-d70 @A: 01 11 02 03 | 12
#0617-d70 @A: 15 12 18 13 | 01
#0618-d70 @A: 31 13 19 29 | 09
#0619-d70 @A: 31 15 28 13 | 03
#0620-d70 @A: 09 26 28 13 | 10
#0621-d70 @A: 13 16 30 04 | 08
#0622-d70 @A: 26 30 22 13 | 05
#0623-d70 @A: 08 04 13 14 | 02
#0624-d70 @A: 04 27 13 07 | 06
#0625-d70 @A: 07 23 13 34 | 04
#0626-d70 @A: 26 10 13 02 | 07
#0627-d70 @A: 13 15 01 26 | 11
#0628-d70 @A: 02 13 34 18 | 12
#0629-d70 @A: 12 01 35 19 | 01
#0630-d70 @A: 12 22 26 19 | 09
#0631-d70 @A: 12 19 23 08 | 03
#0632-d70 @A: 12 34 22 31 | 10
#0633-d70 @A: 12 18 09 28 | 08
#0634-d70 @A: 02 12 16 05 | 05
#0635-d70 @A: 30 22 25 12 | 02
#0636-d70 @A: 14 23 22 12 | 06
#0637-d70 @A: 20 22 12 11 | 04
#0638-d70 @A: 25 12 17 27 | 07
#0639-d70 @A: 12 04 23 27 | 11
#0640-d70 @A: 01 10 12 17 | 12
#0641-d70 @A: 29 28 19 24 | 01
#0642-d70 @A: 19 11 07 24 | 09
#0643-d70 @A: 16 18 19 26 | 03
#0644-d70 @A: 10 30 05 19 | 10
#0645-d70 @A: 26 02 14 19 | 08
#0646-d70 @A: 23 19 07 29 | 05
#0647-d70 @A: 15 27 18 19 | 02
#0648-d70 @A: 23 15 25 19 | 06
#0649-d70 @A: 04 18 23 19 | 04
#0650-d70 @A: 31 23 08 09 | 07
#0651-d70 @A: 26 31 28 16 | 11
#0652-d70 @A: 30 16 15 31 | 12
#0653-d70 @A: 31 17 28 34 | 01
#0654-d70 @A: 27 05 31 30 | 09
#0655-d70 @A: 30 31 14 18 | 03
#0656-d70 @A: 31 07 23 10 | 10
#0657-d70 @A: 11 31 26 27 | 08
#0658-d70 @A: 23 31 02 26 | 05
#0659-d70 @A: 31 34 15 26 | 02
#0660-d70 @A: 34 20 23 31 | 06
#0661-d70 @A: 09 22 35 04 | 04
#0662-d70 @A: 20 24 16 09 | 07
#0663-d70 @A: 09 17 28 24 | 11
#0664-d70 @A: 27 17 09 23 | 12
#0665-d70 @A: 09 10 27 26 | 01
#0666-d70 @A: 26 09 18 02 | 09
#0667-d70 @A: 18 09 11 01 | 03
#0668-d70 @A: 17 35 10 26 | 10
#0669-d70 @A: 02 17 34 35 | 08
#0670-d70 @A: 11 34 18 35 | 05
#0671-d70 @A: 24 26 30 28 | 02
#0672-d70 @A: 04 24 27 34 | 06
#0673-d70 @A: 24 20 29 11 | 04
#0674-d70 @A: 15 17 24 01 | 07
#0675-d70 @A: 24 01 26 04 | 11
#0676-d70 @A: 30 05 16 11 | 12
#0677-d70 @A: 16 05 22 20 | 01
#0678-d70 @A: 14 01 22 16 | 09
#0679-d70 @A: 18 16 11 14 | 03
#0680-d70 @A: 07 34 25 16 | 10
#0681-d70 @A: 27 29 10 16 | 08
#0682-d70 @A: 28 30 02 11 | 05
#0683-d70 @A: 04 28 02 07 | 02
#0684-d70 @A: 28 34 20 02 | 06
#0685-d70 @A: 07 30 25 27 | 04
#0686-d70 @A: 30 10 23 11 | 07
#0687-d70 @A: 11 15 05 04 | 11
#0688-d70 @A: 17 07 14 15 | 12
#0689-d70 @A: 34 14 08 25 | 01
#0690-d70 @A: 08 25 15 07 | 09
#0691-d70 @A: 11 29 08 02 | 03
#0692-d70 @A: 06 32 33 34 | 10
#0693-d70 @A: 06 32 15 30 | 08
#0694-d70 @A: 20 32 03 33 | 05
#0695-d70 @A: 19 33 12 32 | 02
#0696-d70 @A: 18 33 32 14 | 06
#0697-d70 @A: 28 32 11 13 | 04
#0698-d70 @A: 07 35 32 12 | 07
#0699-d70 @A: 31 32 30 25 | 11
#0700-d70 @A: 32 01 31 18 | 12
#0701-d70 @A: 30 16 20 32 | 01
#0702-d70 @A: 22 16 32 25 | 09
#0703-d70 @A: 04 05 32 16 | 03
#0704-d70 @A: 07 32 27 14 | 10
#0705-d70 @A: 17 07 18 32 | 08
#0706-d70 @A: 25 10 32 26 | 05
#0707-d70 @A: 32 25 34 18 | 02
#0708-d70 @A: 04 23 32 34 | 06
#0709-d70 @A: 28 06 15 21 | 04
#0710-d70 @A: 34 21 14 06 | 07
#0711-d70 @A: 20 14 06 03 | 11
#0712-d70 @A: 25 13 06 18 | 12
#0713-d70 @A: 06 23 19 17 | 01
#0714-d70 @A: 02 28 06 31 | 09
#0715-d70 @A: 05 15 06 31 | 03
#0716-d70 @A: 11 06 31 34 | 10
#0717-d70 @A: 35 28 06 34 | 08
#0718-d70 @A: 23 28 26 06 | 05
#0719-d70 @A: 20 22 06 08 | 02
#0720-d70 @A: 25 01 15 06 | 06
#0721-d70 @A: 15 06 02 11 | 04
#0722-d70 @A: 31 33 04 03 | 07
#0723-d70 @A: 16 33 01 12 | 11
#0724-d70 @A: 30 33 26 12 | 12
#0725-d70 @A: 34 12 02 33 | 01
#0726-d70 @A: 31 10 33 09 | 09
#0727-d70 @A: 33 31 28 18 | 03
#0728-d70 @A: 17 31 33 05 | 10
#0729-d70 @A: 27 09 02 33 | 08
#0730-d70 @A: 15 18 09 33 | 05
#0731-d70 @A: 33 24 28 02 | 02
#0732-d70 @A: 08 24 33 11 | 06
#0733-d70 @A: 28 34 05 33 | 04
#0734-d70 @A: 17 30 15 33 | 07
#0735-d70 @A: 10 23 25 33 | 11
#0736-d70 @A: 01 21 31 03 | 12
#0737-d70 @A: 14 21 10 03 | 01
#0738-d70 @A: 21 10 28 13 | 09
#0739-d70 @A: 14 23 21 19 | 03
#0740-d70 @A: 24 31 04 21 | 10
#0741-d70 @A: 21 16 09 01 | 08
#0742-d70 @A: 25 28 09 21 | 05
#0743-d70 @A: 23 21 24 28 | 02
#0744-d70 @A: 16 08 21 07 | 06
#0745-d70 @A: 28 08 01 21 | 04
#0746-d70 @A: 01 22 10 21 | 07
#0747-d70 @A: 21 05 02 25 | 11
#0748-d70 @A: 20 01 21 34 | 12
#0749-d70 @A: 27 03 05 13 | 01
#0750-d70 @A: 22 01 12 03 | 09
#0751-d70 @A: 07 03 12 14 | 03
#0752-d70 @A: 08 25 03 19 | 10
#0753-d70 @A: 27 31 03 29 | 08
#0754-d70 @A: 02 09 03 30 | 05
#0755-d70 @A: 03 07 04 09 | 02
#0756-d70 @A: 14 29 03 35 | 06
#0757-d70 @A: 02 14 03 24 | 04
#0758-d70 @A: 03 23 17 10 | 07
#0759-d70 @A: 11 03 18 26 | 11
#0760-d70 @A: 13 12 31 04 | 12
#0761-d70 @A: 08 31 13 12 | 01
#0762-d70 @A: 18 13 31 05 | 09
#0763-d70 @A: 09 13 16 34 | 03
#0764-d70 @A: 24 28 13 34 | 10
#0765-d70 @A: 22 15 13 24 | 08
#0766-d70 @A: 13 02 24 17 | 05
#0767-d70 @A: 08 30 13 26 | 02
#0768-d70 @A: 27 29 13 11 | 06
#0769-d70 @A: 17 20 13 27 | 04
#0770-d70 @A: 20 13 25 02 | 07
#0771-d70 @A: 13 11 04 02 | 11
#0772-d70 @A: 19 29 12 14 | 12
#0773-d70 @A: 35 26 09 12 | 01
#0774-d70 @A: 17 35 12 08 | 09
#0775-d70 @A: 18 04 17 12 | 03
#0776-d70 @A: 12 34 23 15 | 10
#0777-d70 @A: 10 14 19 24 | 08
#0778-d70 @A: 19 27 16 20 | 05
#0779-d70 @A: 01 19 26 05 | 02
#0780-d70 @A: 02 27 19 29 | 06
#0781-d70 @A: 19 17 15 02 | 04
#0782-d70 @A: 18 10 34 19 | 07
#0783-d70 @A: 08 26 19 18 | 11
#0784-d70 @A: 05 26 35 31 | 12
#0785-d70 @A: 05 31 11 24 | 01
#0786-d70 @A: 16 31 17 22 | 09
#0787-d70 @A: 34 31 02 16 | 03
#0788-d70 @A: 22 27 31 25 | 10
#0789-d70 @A: 15 31 20 14 | 08
#0790-d70 @A: 01 27 31 04 | 05
#0791-d70 @A: 25 01 34 31 | 02
#0792-d70 @A: 35 09 24 34 | 06
#0793-d70 @A: 09 24 07 14 | 04
#0794-d70 @A: 18 09 30 16 | 07
#0795-d70 @A: 07 09 02 10 | 11
#0796-d70 @A: 10 07 08 09 | 12
#0797-d70 @A: 02 09 34 29 | 01
#0798-d70 @A: 26 34 23 09 | 09
#0799-d70 @A: 22 27 35 26 | 03
#0800-d70 @A: 26 29 07 35 | 10
#0801-d70 @A: 34 35 07 04 | 08
#0802-d70 @A: 35 29 34 20 | 05
#0803-d70 @A: 29 35 01 15 | 02
#0804-d70 @A: 23 35 17 01 | 06
#0805-d70 @A: 16 10 24 01 | 04
#0806-d70 @A: 25 07 24 28 | 07
#0807-d70 @A: 29 14 24 30 | 11
#0808-d70 @A: 24 26 25 23 | 12
#0809-d70 @A: 24 01 11 34 | 01
#0810-d70 @A: 05 08 16 25 | 09
#0811-d70 @A: 29 20 16 08 | 03
#0812-d70 @A: 01 23 07 28 | 10
#0813-d70 @A: 08 29 17 28 | 08
#0814-d70 @A: 28 10 29 26 | 05
#0815-d70 @A: 34 28 04 11 | 02
#0816-d70 @A: 11 15 23 28 | 06
#0817-d70 @A: 29 30 02 01 | 04
#0818-d70 @A: 30 25 18 23 | 07
#0819-d70 @A: 30 25 08 11 | 11
#0820-d70 @A: 30 17 23 34 | 12
#0821-d70 @A: 30 01 20 15 | 01
#0822-d70 @A: 17 18 27 22 | 09
#0823-d70 @A: 29 08 10 22 | 03
#0824-d70 @A: 10 04 20 22 | 10
#0825-d70 @A: 07 17 29 05 | 08
#0826-d70 @A: 05 34 25 11 | 05
#0827-d70 @A: 14 11 07 23 | 02
#0828-d70 @A: 04 14 15 25 | 06
#0829-d70 @A: 02 14 20 10 | 04
#0830-d70 @A: 07 02 17 08 | 07
#0831-d70 @A: 17 15 08 18 | 11
#0832-d70 @A: 01 32 14 06 | 12
#0833-d70 @A: 01 21 32 05 | 01
#0834-d70 @A: 03 07 32 16 | 09
#0835-d70 @A: 32 25 28 03 | 03
#0836-d70 @A: 22 12 32 13 | 10
#0837-d70 @A: 07 32 13 24 | 08
#0838-d70 @A: 32 13 20 05 | 05
#0839-d70 @A: 32 24 34 19 | 02
#0840-d70 @A: 32 24 18 28 | 06
#0841-d70 @A: 32 24 27 05 | 04
#0842-d70 @A: 32 30 34 28 | 07
#0843-d70 @A: 32 23 28 22 | 11
#0844-d70 @A: 32 07 08 28 | 12
#0845-d70 @A: 01 34 32 10 | 01
#0846-d70 @A: 18 26 20 32 | 09
#0847-d70 @A: 32 18 15 02 | 03
#0848-d70 @A: 33 06 21 07 | 10
#0849-d70 @A: 21 06 03 02 | 08
#0850-d70 @A: 21 06 12 23 | 05
#0851-d70 @A: 18 03 31 06 | 02
#0852-d70 @A: 31 10 06 19 | 06
#0853-d70 @A: 04 16 06 31 | 04
#0854-d70 @A: 09 23 06 02 | 07
#0855-d70 @A: 11 06 09 08 | 11
#0856-d70 @A: 24 23 30 06 | 12
#0857-d70 @A: 22 24 06 34 | 01
#0858-d70 @A: 28 27 06 16 | 09
#0859-d70 @A: 16 06 23 14 | 03
#0860-d70 @A: 02 06 22 29 | 10
#0861-d70 @A: 05 06 27 07 | 08
#0862-d70 @A: 11 25 23 06 | 05
#0863-d70 @A: 01 13 33 21 | 02
#0864-d70 @A: 10 34 21 33 | 06
#0865-d70 @A: 33 05 03 01 | 04
#0866-d70 @A: 13 29 12 33 | 07
#0867-d70 @A: 19 33 13 11 | 11
#0868-d70 @A: 13 33 31 26 | 12
#0869-d70 @A: 09 04 13 33 | 01
#0870-d70 @A: 13 23 17 33 | 09
#0871-d70 @A: 34 19 15 33 | 03
#0872-d70 @A: 31 24 33 23 | 10
#0873-d70 @A: 31 33 30 08 | 08
#0874-d70 @A: 23 33 35 28 | 05
#0875-d70 @A: 35 05 33 20 | 02
#0876-d70 @A: 15 16 33 04 | 06
#0877-d70 @A: 25 22 28 33 | 04
#0878-d70 @A: 33 11 14 30 | 07
#0879-d70 @A: 33 04 11 27 | 11
#0880-d70 @A: 26 34 27 33 | 12
#0881-d70 @A: 33 08 15 04 | 01
#0882-d70 @A: 33 18 01 34 | 09
#0883-d70 @A: 21 03 04 13 | 03
#0884-d70 @A: 21 12 29 03 | 10
#0885-d70 @A: 21 18 03 24 | 08
#0886-d70 @A: 30 21 03 08 | 05
#0887-d70 @A: 31 12 19 21 | 02
#0888-d70 @A: 24 02 21 12 | 06
#0889-d70 @A: 35 21 19 17 | 04
#0890-d70 @A: 21 29 22 31 | 07
#0891-d70 @A: 31 11 21 10 | 11
#0892-d70 @A: 26 09 22 21 | 12
#0893-d70 @A: 14 21 09 29 | 01
#0894-d70 @A: 21 02 16 22 | 09
#0895-d70 @A: 27 20 29 21 | 03
#0896-d70 @A: 29 18 26 21 | 10
#0897-d70 @A: 15 23 21 26 | 08
#0898-d70 @A: 11 21 26 08 | 05
#0899-d70 @A: 29 03 09 13 | 02
#0900-d70 @A: 03 13 26 23 | 06
#0901-d70 @A: 12 28 03 31 | 04
#0902-d70 @A: 29 03 19 15 | 07
#0903-d70 @A: 35 30 26 03 | 11
#0904-d70 @A: 23 03 08 35 | 12
#0905-d70 @A: 30 05 23 03 | 01
#0906-d70 @A: 03 29 18 07 | 09
#0907-d70 @A: 04 25 03 11 | 03
#0908-d70 @A: 03 25 34 26 | 10
#0909-d70 @A: 13 17 05 12 | 08
#0910-d70 @A: 13 31 35 22 | 05
#0911-d70 @A: 14 31 25 13 | 02
#0912-d70 @A: 13 07 35 02 | 06
#0913-d70 @A: 35 08 25 13 | 04
#0914-d70 @A: 13 17 16 28 | 07
#0915-d70 @A: 28 20 13 30 | 11
#0916-d70 @A: 13 22 04 34 | 12
#0917-d70 @A: 02 13 29 23 | 01
#0918-d70 @A: 13 17 10 18 | 09
#0919-d70 @A: 12 05 19 20 | 03
#0920-d70 @A: 17 12 30 09 | 10
#0921-d70 @A: 11 12 35 25 | 08
#0922-d70 @A: 12 29 07 24 | 05
#0923-d70 @A: 14 12 15 16 | 02
#0924-d70 @A: 12 29 30 28 | 06
#0925-d70 @A: 12 07 02 01 | 04
#0926-d70 @A: 12 11 29 10 | 07
#0927-d70 @A: 23 26 17 12 | 11
#0928-d70 @A: 17 09 19 22 | 12
#0929-d70 @A: 20 19 35 30 | 01
#0930-d70 @A: 24 17 05 19 | 09
#0931-d70 @A: 30 19 22 01 | 03
#0932-d70 @A: 34 19 30 29 | 10
#0933-d70 @A: 15 14 22 19 | 08
#0934-d70 @A: 19 07 26 27 | 05
#0935-d70 @A: 28 09 35 31 | 02
#0936-d70 @A: 31 18 24 16 | 06
#0937-d70 @A: 28 31 23 25 | 04
#0938-d70 @A: 22 26 10 31 | 07
#0939-d70 @A: 20 17 18 31 | 11
#0940-d70 @A: 22 16 07 09 | 12
#0941-d70 @A: 14 26 09 01 | 01
#0942-d70 @A: 09 11 25 29 | 09
#0943-d70 @A: 17 34 09 04 | 03
#0944-d70 @A: 35 16 04 29 | 10
#0945-d70 @A: 16 10 35 08 | 08
#0946-d70 @A: 22 30 35 08 | 05
#0947-d70 @A: 20 15 35 27 | 02
#0948-d70 @A: 15 04 35 02 | 06
#0949-d70 @A: 35 18 20 08 | 04
#0950-d70 @A: 24 01 28 14 | 07
#0951-d70 @A: 22 02 24 05 | 11
#0952-d70 @A: 18 22 24 01 | 12
#0953-d70 @A: 04 25 24 18 | 01
#0954-d70 @A: 24 10 34 23 | 09
#0955-d70 @A: 28 16 22 29 | 03
#0956-d70 @A: 07 20 16 26 | 10
#0957-d70 @A: 02 16 29 11 | 08
#0958-d70 @A: 26 02 16 01 | 05
#0959-d70 @A: 27 23 28 30 | 02
#0960-d70 @A: 22 26 28 15 | 06
#0961-d70 @A: 25 27 18 28 | 04
#0962-d70 @A: 02 15 27 28 | 07
#0963-d70 @A: 20 28 15 29 | 11
#0964-d70 @A: 10 28 25 34 | 12
#0965-d70 @A: 15 28 01 18 | 01
#0966-d70 @A: 15 30 27 11 | 09
#0967-d70 @A: 29 17 25 30 | 03
#0968-d70 @A: 17 30 01 08 | 10
#0969-d70 @A: 34 05 23 22 | 08
#0970-d70 @A: 25 07 18 22 | 05
#0971-d70 @A: 10 22 07 17 | 02
#0972-d70 @A: 22 02 08 25 | 06
#0973-d70 @A: 22 17 34 08 | 04
#0974-d70 @A: 23 22 18 11 | 07
#0975-d70 @A: 05 10 23 14 | 11
#0976-d70 @A: 04 05 25 26 | 12
#0977-d70 @A: 01 05 15 34 | 01
#0978-d70 @A: 15 23 08 05 | 09
#0979-d70 @A: 26 14 27 04 | 03
#0980-d70 @A: 25 01 23 14 | 10
#0981-d70 @A: 14 26 34 17 | 08
#0982-d70 @A: 01 04 08 26 | 05
#0983-d70 @A: 33 32 29 24 | 02
#0984-d70 @A: 32 25 21 24 | 06
#0985-d70 @A: 32 21 14 04 | 04
#0986-d70 @A: 20 21 32 08 | 07
#0987-d70 @A: 13 16 26 32 | 11
#0988-d70 @A: 13 02 32 30 | 12
#0989-d70 @A: 23 32 12 09 | 01
#0990-d70 @A: 28 12 32 04 | 09
#0991-d70 @A: 05 12 18 32 | 03
#0992-d70 @A: 12 32 29 26 | 10
#0993-d70 @A: 09 32 19 07 | 08
#0994-d70 @A: 22 20 19 32 | 05
#0995-d70 @A: 09 02 28 32 | 02
#0996-d70 @A: 32 28 16 10 | 06
#0997-d70 @A: 22 15 32 11 | 04
#0998-d70 @A: 32 29 07 25 | 07
#0999-d70 @A: 07 32 02 11 | 11
#1000-d70 @A: 29 27 01 32 | 12
#1001-d70 @A: 29 32 02 20 | 01
#1002-d70 @A: 04 32 15 20 | 09
#1003-d70 @A: 06 25 33 19 | 03
#1004-d70 @A: 33 06 24 01 | 10
#1005-d70 @A: 03 06 28 29 | 08
#1006-d70 @A: 27 22 13 06 | 05
#1007-d70 @A: 13 05 06 08 | 02
#1008-d70 @A: 12 16 06 29 | 06
#1009-d70 @A: 06 07 12 08 | 04
#1010-d70 @A: 09 31 17 06 | 07
#1011-d70 @A: 27 06 14 10 | 11
#1012-d70 @A: 06 17 07 11 | 12
#1013-d70 @A: 06 27 26 02 | 01
#1014-d70 @A: 11 10 20 06 | 09
#1015-d70 @A: 30 21 33 09 | 03
#1016-d70 @A: 16 21 33 18 | 10
#1017-d70 @A: 33 03 35 34 | 08
#1018-d70 @A: 28 30 33 19 | 05
#1019-d70 @A: 33 20 14 19 | 02
#1020-d70 @A: 33 09 28 29 | 06
#1021-d70 @A: 33 27 35 17 | 04
#1022-d70 @A: 23 33 07 16 | 07
#1023-d70 @A: 33 01 27 07 | 11
#1024-d70 @A: 27 33 25 20 | 12
#1025-d70 @A: 02 26 29 33 | 01
#1026-d70 @A: 33 25 11 01 | 09
#1027-d70 @A: 23 01 15 33 | 03
#1028-d70 @A: 07 03 35 21 | 10
#1029-d70 @A: 12 08 22 21 | 08
#1030-d70 @A: 21 18 14 12 | 05
#1031-d70 @A: 21 16 19 25 | 02
#1032-d70 @A: 20 16 23 21 | 06
#1033-d70 @A: 28 05 21 29 | 04
#1034-d70 @A: 17 21 07 23 | 07
#1035-d70 @A: 17 21 15 20 | 11
#1036-d70 @A: 25 13 35 03 | 12
#1037-d70 @A: 13 08 24 03 | 01
#1038-d70 @A: 03 13 01 16 | 09
#1039-d70 @A: 03 11 13 14 | 03
#1040-d70 @A: 11 03 05 12 | 10
#1041-d70 @A: 31 03 23 14 | 08
#1042-d70 @A: 03 11 31 08 | 05
#1043-d70 @A: 29 04 24 03 | 02
#1044-d70 @A: 16 03 27 22 | 06
#1045-d70 @A: 02 04 03 27 | 04
#1046-d70 @A: 20 25 03 15 | 07
#1047-d70 @A: 02 04 03 08 | 11
#1048-d70 @A: 12 35 13 24 | 12
#1049-d70 @A: 13 08 02 31 | 01
#1050-d70 @A: 18 13 09 14 | 09
#1051-d70 @A: 15 07 13 20 | 03
#1052-d70 @A: 13 20 29 26 | 10
#1053-d70 @A: 08 13 34 29 | 08
#1054-d70 @A: 25 17 04 13 | 05
#1055-d70 @A: 18 13 11 20 | 02
#1056-d70 @A: 19 12 30 11 | 06
#1057-d70 @A: 07 17 19 12 | 04
#1058-d70 @A: 20 31 12 35 | 07
#1059-d70 @A: 10 16 12 09 | 11
#1060-d70 @A: 10 35 12 23 | 12
#1061-d70 @A: 28 12 02 22 | 01
#1062-d70 @A: 08 12 14 30 | 09
#1063-d70 @A: 04 14 10 12 | 03
#1064-d70 @A: 12 11 18 07 | 10
#1065-d70 @A: 11 19 14 31 | 08
#1066-d70 @A: 09 19 34 14 | 05
#1067-d70 @A: 15 35 28 19 | 02
#1068-d70 @A: 19 11 05 35 | 06
#1069-d70 @A: 14 16 05 19 | 04
#1070-d70 @A: 19 34 02 07 | 07
#1071-d70 @A: 29 19 04 20 | 11
#1072-d70 @A: 19 25 26 17 | 12
#1073-d70 @A: 11 19 17 18 | 01
#1074-d70 @A: 19 01 02 18 | 09
#1075-d70 @A: 31 18 25 35 | 03
#1076-d70 @A: 15 08 31 35 | 10
#1077-d70 @A: 31 05 28 08 | 08
#1078-d70 @A: 17 31 25 08 | 05
#1079-d70 @A: 20 35 14 09 | 02
#1080-d70 @A: 30 08 24 09 | 06
#1081-d70 @A: 16 09 25 27 | 04
#1082-d70 @A: 28 04 09 14 | 07
#1083-d70 @A: 28 23 20 09 | 11
#1084-d70 @A: 01 09 29 05 | 12
#1085-d70 @A: 07 34 01 09 | 01
#1086-d70 @A: 15 09 01 27 | 09
#1087-d70 @A: 08 29 09 04 | 03
#1088-d70 @A: 20 09 10 29 | 10
#1089-d70 @A: 01 08 18 09 | 08
#1090-d70 @A: 16 35 22 15 | 05
#1091-d70 @A: 28 35 10 22 | 02
#1092-d70 @A: 18 22 20 35 | 06
#1093-d70 @A: 08 35 27 01 | 04
#1094-d70 @A: 16 22 04 24 | 07
#1095-d70 @A: 24 23 29 01 | 11
#1096-d70 @A: 16 14 20 28 | 12
#1097-d70 @A: 08 16 30 27 | 01
#1098-d70 @A: 23 30 16 01 | 09
#1099-d70 @A: 16 01 25 17 | 03
#1100-d70 @A: 16 17 11 26 | 10
#1101-d70 @A: 29 28 34 07 | 08
#1102-d70 @A: 01 28 29 25 | 05
#1103-d70 @A: 11 25 17 28 | 02
#1104-d70 @A: 01 28 17 02 | 06
#1105-d70 @A: 07 08 18 30 | 04
#1106-d70 @A: 15 30 34 25 | 07
#1107-d70 @A: 29 01 22 34 | 11
#1108-d70 @A: 20 25 23 22 | 12
#1109-d70 @A: 22 17 26 20 | 01
#1110-d70 @A: 23 10 22 15 | 09
#1111-d70 @A: 22 11 10 08 | 03
#1112-d70 @A: 29 25 14 05 | 10
#1113-d70 @A: 07 05 15 02 | 08
#1114-d70 @A: 04 27 17 05 | 05
#1115-d70 @A: 25 18 15 05 | 02
#1116-d70 @A: 05 02 17 20 | 06
#1117-d70 @A: 10 20 05 18 | 04
#1118-d70 @A: 05 10 20 08 | 07
#1119-d70 @A: 14 04 01 18 | 11
#1120-d70 @A: 11 08 27 23 | 12
#1121-d70 @A: 24 32 06 35 | 01
#1122-d70 @A: 18 16 32 06 | 09
#1123-d70 @A: 32 27 06 08 | 03
#1124-d70 @A: 09 33 32 17 | 10
#1125-d70 @A: 32 13 27 09 | 08
#1126-d70 @A: 23 13 32 18 | 05
#1127-d70 @A: 27 32 28 19 | 02
#1128-d70 @A: 09 32 25 08 | 06
#1129-d70 @A: 17 32 35 14 | 04
#1130-d70 @A: 28 14 26 32 | 07
#1131-d70 @A: 04 18 27 32 | 11
#1132-d70 @A: 32 27 20 34 | 12
#1133-d70 @A: 04 10 32 08 | 01
#1134-d70 @A: 06 13 16 21 | 09
#1135-d70 @A: 24 21 06 17 | 03
#1136-d70 @A: 05 18 06 21 | 10
#1137-d70 @A: 06 21 20 26 | 08
#1138-d70 @A: 06 16 34 03 | 05
#1139-d70 @A: 01 03 06 30 | 02
#1140-d70 @A: 13 10 06 12 | 06
#1141-d70 @A: 30 06 13 09 | 04
#1142-d70 @A: 02 01 13 06 | 07
#1143-d70 @A: 24 06 31 12 | 11
#1144-d70 @A: 19 24 06 20 | 12
#1145-d70 @A: 19 04 06 14 | 01
#1146-d70 @A: 09 05 04 06 | 09
#1147-d70 @A: 35 18 06 04 | 03
#1148-d70 @A: 06 27 15 24 | 10
#1149-d70 @A: 11 06 24 26 | 08
#1150-d70 @A: 06 16 10 22 | 05
#1151-d70 @A: 02 17 04 06 | 02
#1152-d70 @A: 02 06 34 10 | 06
#1153-d70 @A: 15 06 23 20 | 04
#1154-d70 @A: 08 33 09 21 | 07
#1155-d70 @A: 02 07 33 03 | 11
#1156-d70 @A: 13 35 33 15 | 12
#1157-d70 @A: 08 12 33 27 | 01
#1158-d70 @A: 09 33 19 01 | 09
#1159-d70 @A: 16 19 33 29 | 03
#1160-d70 @A: 31 33 01 22 | 10
#1161-d70 @A: 17 34 24 33 | 08
#1162-d70 @A: 28 14 33 15 | 05
#1163-d70 @A: 07 26 28 33 | 02
#1164-d70 @A: 17 20 28 33 | 06
#1165-d70 @A: 04 33 20 26 | 04
#1166-d70 @A: 15 10 33 02 | 07
#1167-d70 @A: 19 09 21 03 | 11
#1168-d70 @A: 27 26 21 03 | 12
#1169-d70 @A: 21 09 13 02 | 01
#1170-d70 @A: 04 09 21 12 | 09
#1171-d70 @A: 08 31 18 21 | 03
#1172-d70 @A: 15 09 21 24 | 10
#1173-d70 @A: 24 21 35 26 | 08
#1174-d70 @A: 08 21 24 25 | 05
#1175-d70 @A: 16 21 34 05 | 02
#1176-d70 @A: 20 25 21 07 | 06
#1177-d70 @A: 25 21 11 18 | 04
#1178-d70 @A: 21 17 04 26 | 07
#1179-d70 @A: 02 11 26 21 | 11
#1180-d70 @A: 22 13 07 03 | 12
#1181-d70 @A: 12 03 10 19 | 01
#1182-d70 @A: 03 19 23 35 | 09
#1183-d70 @A: 19 16 30 03 | 03
#1184-d70 @A: 03 20 24 35 | 10
#1185-d70 @A: 28 03 01 35 | 08
#1186-d70 @A: 04 15 30 03 | 05
#1187-d70 @A: 17 25 05 03 | 02
#1188-d70 @A: 17 03 18 14 | 06
#1189-d70 @A: 17 13 09 35 | 04
#1190-d70 @A: 01 13 27 35 | 07
#1191-d70 @A: 13 29 24 18 | 11
#1192-d70 @A: 11 22 13 16 | 12
#1193-d70 @A: 13 16 08 18 | 01
#1194-d70 @A: 01 10 11 13 | 09
#1195-d70 @A: 01 13 20 23 | 03
#1196-d70 @A: 07 30 31 12 | 10
#1197-d70 @A: 26 31 25 12 | 08
#1198-d70 @A: 35 28 27 12 | 05
#1199-d70 @A: 14 05 12 35 | 02
#1200-d70 @A: 28 14 12 34 | 06
#1201-d70 @A: 30 05 12 01 | 04
#1202-d70 @A: 12 04 29 15 | 07
#1203-d70 @A: 11 02 23 12 | 11
#1204-d70 @A: 34 31 05 19 | 12
#1205-d70 @A: 28 19 09 16 | 01
#1206-d70 @A: 16 15 19 07 | 09
#1207-d70 @A: 01 19 25 07 | 03
#1208-d70 @A: 29 11 26 19 | 10
#1209-d70 @A: 15 10 19 11 | 08
#1210-d70 @A: 20 19 11 01 | 05
#1211-d70 @A: 24 27 31 28 | 02
#1212-d70 @A: 31 04 30 28 | 06
#1213-d70 @A: 22 14 04 31 | 04
#1214-d70 @A: 31 07 27 34 | 07
#1215-d70 @A: 25 11 31 07 | 11
#1216-d70 @A: 26 18 07 31 | 12
#1217-d70 @A: 01 15 31 02 | 01
#1218-d70 @A: 05 02 09 35 | 09
#1219-d70 @A: 10 09 28 05 | 03
#1220-d70 @A: 23 30 09 07 | 10
#1221-d70 @A: 30 09 34 10 | 08
#1222-d70 @A: 18 29 04 09 | 05
#1223-d70 @A: 35 28 16 02 | 02
#1224-d70 @A: 30 18 35 05 | 06
#1225-d70 @A: 27 35 30 29 | 04
#1226-d70 @A: 35 05 22 01 | 07
#1227-d70 @A: 17 30 24 16 | 11
#1228-d70 @A: 16 05 25 24 | 12
#1229-d70 @A: 22 11 24 17 | 01
#1230-d70 @A: 07 24 04 20 | 09
#1231-d70 @A: 29 17 27 24 | 03
#1232-d70 @A: 15 24 10 04 | 10
#1233-d70 @A: 26 23 24 08 | 08
#1234-d70 @A: 07 10 16 11 | 05
#1235-d70 @A: 28 30 07 22 | 02
#1236-d70 @A: 04 29 28 27 | 06
#1237-d70 @A: 26 28 27 20 | 04
#1238-d70 @A: 17 23 28 29 | 07
#1239-d70 @A: 02 29 18 28 | 11
#1240-d70 @A: 10 28 01 04 | 12
#1241-d70 @A: 08 20 28 02 | 01
#1242-d70 @A: 30 26 17 27 | 09
#1243-d70 @A: 02 10 27 30 | 03
#1244-d70 @A: 01 18 30 26 | 10
#1245-d70 @A: 18 29 15 22 | 08
#1246-d70 @A: 08 22 01 23 | 05
#1247-d70 @A: 20 14 07 05 | 02
#1248-d70 @A: 07 05 23 26 | 06
#1249-d70 @A: 27 05 11 20 | 04
#1250-d70 @A: 05 02 18 23 | 07
#1251-d70 @A: 14 07 25 26 | 11
#1252-d70 @A: 14 02 27 17 | 12
#1253-d70 @A: 14 11 26 20 | 01
#1254-d70 @A: 14 15 11 01 | 09
#1255-d70 @A: 32 04 22 33 | 03
#1256-d70 @A: 03 16 08 32 | 10
#1257-d70 @A: 13 29 32 15 | 08
#1258-d70 @A: 34 12 16 32 | 05
#1259-d70 @A: 08 32 26 31 | 02
#1260-d70 @A: 09 14 10 32 | 06
#1261-d70 @A: 32 29 18 35 | 04
#1262-d70 @A: 11 35 26 32 | 07
#1263-d70 @A: 24 14 20 32 | 11
#1264-d70 @A: 05 30 32 08 | 12
#1265-d70 @A: 15 08 22 32 | 01
#1266-d70 @A: 23 32 27 26 | 09
#1267-d70 @A: 29 11 32 34 | 03
#1268-d70 @A: 01 20 17 32 | 10
#1269-d70 @A: 10 32 18 11 | 08
#1270-d70 @A: 06 21 30 11 | 05
#1271-d70 @A: 06 34 03 08 | 02
#1272-d70 @A: 19 13 06 34 | 06
#1273-d70 @A: 14 13 06 29 | 04
#1274-d70 @A: 06 17 12 20 | 07
#1275-d70 @A: 34 12 01 06 | 11
#1276-d70 @A: 24 06 08 19 | 12
#1277-d70 @A: 06 35 14 15 | 01
#1278-d70 @A: 06 25 20 35 | 09
#1279-d70 @A: 26 16 06 08 | 03
#1280-d70 @A: 07 20 06 34 | 10
#1281-d70 @A: 04 10 06 23 | 08
#1282-d70 @A: 01 10 06 26 | 05
#1283-d70 @A: 06 18 15 26 | 02
#1284-d70 @A: 16 03 33 09 | 06
#1285-d70 @A: 11 22 03 33 | 04
#1286-d70 @A: 13 33 28 27 | 07
#1287-d70 @A: 02 33 13 05 | 11
#1288-d70 @A: 27 05 16 33 | 12
#1289-d70 @A: 20 34 16 33 | 01
#1290-d70 @A: 29 04 10 33 | 09
#1291-d70 @A: 33 34 29 23 | 03
#1292-d70 @A: 21 10 12 30 | 10
#1293-d70 @A: 21 22 12 27 | 08
#1294-d70 @A: 28 21 31 20 | 05
#1295-d70 @A: 30 31 21 17 | 02
#1296-d70 @A: 10 05 24 21 | 06
#1297-d70 @A: 10 27 17 21 | 04
#1298-d70 @A: 20 03 26 12 | 07
#1299-d70 @A: 19 03 31 25 | 11
#1300-d70 @A: 03 31 10 35 | 12
#1301-d70 @A: 28 11 09 03 | 01
#1302-d70 @A: 14 03 05 09 | 09
#1303-d70 @A: 03 23 16 29 | 03
#1304-d70 @A: 16 03 10 02 | 10
#1305-d70 @A: 17 03 30 28 | 08
#1306-d70 @A: 05 03 07 28 | 05
#1307-d70 @A: 14 30 03 34 | 02
#1308-d70 @A: 30 10 07 03 | 06
#1309-d70 @A: 03 01 23 27 | 04
#1310-d70 @A: 20 18 02 03 | 07
#1311-d70 @A: 23 03 15 18 | 11
#1312-d70 @A: 12 20 16 13 | 12
#1313-d70 @A: 19 26 35 13 | 01
#1314-d70 @A: 14 19 13 17 | 09
#1315-d70 @A: 31 10 30 13 | 03
#1316-d70 @A: 20 09 13 22 | 10
#1317-d70 @A: 09 23 13 05 | 08
#1318-d70 @A: 13 16 05 29 | 05
#1319-d70 @A: 15 05 30 13 | 02
#1320-d70 @A: 13 10 05 04 | 06
#1321-d70 @A: 25 27 26 13 | 04
#1322-d70 @A: 34 13 27 15 | 07
#1323-d70 @A: 13 23 08 10 | 11
#1324-d70 @A: 11 26 13 34 | 12
#1325-d70 @A: 01 15 13 08 | 01
#1326-d70 @A: 19 12 25 34 | 09
#1327-d70 @A: 31 18 02 12 | 03
#1328-d70 @A: 25 09 12 14 | 10
#1329-d70 @A: 28 20 12 24 | 08
#1330-d70 @A: 25 12 15 28 | 05
#1331-d70 @A: 34 12 28 08 | 02
#1332-d70 @A: 10 12 34 07 | 06
#1333-d70 @A: 25 18 20 12 | 04
#1334-d70 @A: 15 20 12 10 | 07
#1335-d70 @A: 07 28 19 31 | 11
#1336-d70 @A: 31 18 22 19 | 12
#1337-d70 @A: 19 17 29 01 | 01
#1338-d70 @A: 19 08 02 10 | 09
#1339-d70 @A: 18 31 09 34 | 03
#1340-d70 @A: 35 14 31 02 | 10
#1341-d70 @A: 29 17 31 35 | 08
#1342-d70 @A: 35 31 11 01 | 05
#1343-d70 @A: 31 07 04 15 | 02
#1344-d70 @A: 31 27 15 23 | 06
#1345-d70 @A: 29 04 31 26 | 04
#1346-d70 @A: 31 10 29 01 | 07
#1347-d70 @A: 25 31 02 04 | 11
#1348-d70 @A: 16 35 23 09 | 12
#1349-d70 @A: 11 22 30 09 | 01
#1350-d70 @A: 08 26 22 09 | 09
#1351-d70 @A: 20 07 09 17 | 03
#1352-d70 @A: 01 09 02 25 | 10
#1353-d70 @A: 10 09 04 11 | 08
#1354-d70 @A: 15 20 09 02 | 05
#1355-d70 @A: 15 34 11 09 | 02
#1356-d70 @A: 28 35 24 11 | 06
#1357-d70 @A: 01 35 07 24 | 04
#1358-d70 @A: 30 25 35 28 | 07
#1359-d70 @A: 07 35 27 23 | 11
#1360-d70 @A: 04 25 01 35 | 12
#1361-d70 @A: 08 35 17 04 | 01
#1362-d70 @A: 35 10 15 34 | 09
#1363-d70 @A: 23 26 35 18 | 03
#1364-d70 @A: 18 24 10 30 | 10
#1365-d70 @A: 05 24 20 15 | 08
#1366-d70 @A: 34 08 24 07 | 05
#1367-d70 @A: 25 01 24 27 | 02
#1368-d70 @A: 23 27 24 20 | 06
#1369-d70 @A: 02 29 10 24 | 04
#1370-d70 @A: 11 24 23 04 | 07
#1371-d70 @A: 24 15 02 26 | 11
#1372-d70 @A: 30 16 22 34 | 12
#1373-d70 @A: 30 14 26 16 | 01
#1374-d70 @A: 01 11 16 27 | 09
#1375-d70 @A: 25 16 20 10 | 03
#1376-d70 @A: 15 11 25 16 | 10
#1377-d70 @A: 17 16 10 04 | 08
#1378-d70 @A: 10 18 28 07 | 05
#1379-d70 @A: 20 07 11 28 | 02
#1380-d70 @A: 08 28 18 04 | 06
#1381-d70 @A: 08 30 34 27 | 04
#1382-d70 @A: 22 15 20 34 | 07
#1383-d70 @A: 34 22 11 02 | 11
#1384-d70 @A: 26 14 05 18 | 12
#1385-d70 @A: 07 25 10 05 | 01
#1386-d70 @A: 07 05 11 01 | 09
#1387-d70 @A: 25 27 11 14 | 03
#1388-d70 @A: 14 29 15 02 | 10
#1389-d70 @A: 14 20 34 25 | 08
#1390-d70 @A: 08 25 29 23 | 05
#1391-d70 @A: 11 06 03 32 | 02
#1392-d70 @A: 32 33 10 05 | 06
#1393-d70 @A: 32 33 26 15 | 04
#1394-d70 @A: 15 21 35 32 | 07
#1395-d70 @A: 16 11 32 21 | 11
#1396-d70 @A: 32 21 30 26 | 12
#1397-d70 @A: 02 03 19 32 | 01
#1398-d70 @A: 34 03 32 31 | 09
#1399-d70 @A: 32 03 29 05 | 03
#1400-d70 @A: 03 04 32 26 | 10
#1401-d70 @A: 32 12 31 10 | 08
#1402-d70 @A: 32 17 02 12 | 05
#1403-d70 @A: 15 31 32 19 | 02
#1404-d70 @A: 32 31 04 09 | 06
#1405-d70 @A: 26 32 17 31 | 04
#1406-d70 @A: 25 32 15 09 | 07
#1407-d70 @A: 14 08 32 35 | 11
#1408-d70 @A: 15 32 28 05 | 12
#1409-d70 @A: 17 30 05 32 | 01
#1410-d70 @A: 32 04 17 29 | 09
#1411-d70 @A: 18 32 08 29 | 03
#1412-d70 @A: 17 32 23 25 | 10
#1413-d70 @A: 20 11 32 25 | 08
#1414-d70 @A: 23 20 32 10 | 05
#1415-d70 @A: 13 20 06 33 | 02
#1416-d70 @A: 29 33 06 31 | 06
#1417-d70 @A: 23 33 05 06 | 04
#1418-d70 @A: 25 21 06 31 | 07
#1419-d70 @A: 03 17 06 35 | 11
#1420-d70 @A: 06 24 13 04 | 12
#1421-d70 @A: 13 06 26 17 | 01
#1422-d70 @A: 08 15 06 12 | 09
#1423-d70 @A: 06 31 26 30 | 03
#1424-d70 @A: 10 31 06 08 | 10
#1425-d70 @A: 29 06 09 24 | 08
#1426-d70 @A: 14 06 09 11 | 05
#1427-d70 @A: 26 06 35 16 | 02
#1428-d70 @A: 30 07 35 06 | 06
#1429-d70 @A: 10 24 06 28 | 04
#1430-d70 @A: 20 16 02 06 | 07
#1431-d70 @A: 30 29 06 20 | 11
#1432-d70 @A: 06 27 17 01 | 12
#1433-d70 @A: 27 20 06 04 | 01
#1434-d70 @A: 26 34 29 06 | 09
#1435-d70 @A: 26 21 33 19 | 03
#1436-d70 @A: 04 12 33 35 | 10
#1437-d70 @A: 35 33 18 19 | 08
#1438-d70 @A: 35 33 24 10 | 05
#1439-d70 @A: 35 33 08 07 | 02
#1440-d70 @A: 30 33 23 22 | 06
#1441-d70 @A: 33 25 30 05 | 04
#1442-d70 @A: 05 33 22 18 | 07
#1443-d70 @A: 07 34 33 11 | 11
#1444-d70 @A: 17 02 33 25 | 12
#1445-d70 @A: 04 25 33 34 | 01
#1446-d70 @A: 08 33 25 10 | 09
#1447-d70 @A: 17 01 33 26 | 03
#1448-d70 @A: 23 08 20 33 | 10
#1449-d70 @A: 15 20 11 33 | 08
#1450-d70 @A: 17 21 03 16 | 05
#1451-d70 @A: 03 22 34 21 | 02
#1452-d70 @A: 15 21 13 14 | 06
#1453-d70 @A: 21 26 12 16 | 04
#1454-d70 @A: 12 01 15 21 | 07
#1455-d70 @A: 30 24 34 21 | 11
#1456-d70 @A: 28 21 30 16 | 12
#1457-d70 @A: 27 01 28 21 | 01
#1458-d70 @A: 30 04 05 21 | 09
#1459-d70 @A: 29 21 10 23 | 03
#1460-d70 @A: 21 04 25 10 | 10
#1461-d70 @A: 11 34 21 17 | 08
#1462-d70 @A: 10 18 02 21 | 05
#1463-d70 @A: 02 01 21 23 | 02
#1464-d70 @A: 12 24 17 03 | 06
#1465-d70 @A: 22 03 31 15 | 04
#1466-d70 @A: 25 09 22 03 | 07
#1467-d70 @A: 18 03 30 22 | 11
#1468-d70 @A: 14 03 26 22 | 12
#1469-d70 @A: 03 17 07 34 | 01
#1470-d70 @A: 03 26 15 07 | 09
#1471-d70 @A: 03 01 18 25 | 03
#1472-d70 @A: 03 15 01 10 | 10
#1473-d70 @A: 15 08 20 03 | 08
#1474-d70 @A: 27 13 12 19 | 05
#1475-d70 @A: 19 15 09 13 | 02
#1476-d70 @A: 23 13 19 24 | 06
#1477-d70 @A: 07 16 31 13 | 04
#1478-d70 @A: 09 13 24 10 | 07
#1479-d70 @A: 13 22 08 28 | 11
#1480-d70 @A: 22 14 13 05 | 12
#1481-d70 @A: 18 01 13 07 | 01
#1482-d70 @A: 18 04 26 13 | 09
#1483-d70 @A: 20 34 13 10 | 03
#1484-d70 @A: 01 12 31 14 | 10
#1485-d70 @A: 24 01 12 09 | 08
#1486-d70 @A: 09 29 12 22 | 05
#1487-d70 @A: 24 05 12 23 | 02
#1488-d70 @A: 14 27 12 24 | 06
#1489-d70 @A: 22 17 15 12 | 04
#1490-d70 @A: 27 18 29 12 | 07
#1491-d70 @A: 12 29 34 17 | 11
#1492-d70 @A: 29 20 08 12 | 12
#1493-d70 @A: 12 04 34 20 | 01
#1494-d70 @A: 19 14 35 27 | 09
#1495-d70 @A: 30 24 19 15 | 03
#1496-d70 @A: 05 08 19 16 | 10
#1497-d70 @A: 05 02 28 19 | 08
#1498-d70 @A: 28 19 11 08 | 05
#1499-d70 @A: 22 29 19 10 | 02
#1500-d70 @A: 07 18 20 19 | 06
#1501-d70 @A: 19 04 27 25 | 04
#1502-d70 @A: 28 31 22 11 | 07
#1503-d70 @A: 31 04 23 17 | 11
#1504-d70 @A: 18 04 31 11 | 12
#1505-d70 @A: 09 25 30 24 | 01
#1506-d70 @A: 26 16 09 05 | 09
#1507-d70 @A: 17 09 16 14 | 03
#1508-d70 @A: 28 15 07 09 | 10
#1509-d70 @A: 18 27 20 09 | 08
#1510-d70 @A: 09 25 18 17 | 05
#1511-d70 @A: 25 09 26 20 | 02
#1512-d70 @A: 09 08 34 15 | 06
#1513-d70 @A: 24 27 16 35 | 04
#1514-d70 @A: 23 22 35 24 | 07
#1515-d70 @A: 05 24 35 29 | 11
#1516-d70 @A: 35 16 30 10 | 12
#1517-d70 @A: 30 35 04 14 | 01
#1518-d70 @A: 02 27 18 35 | 09
#1519-d70 @A: 25 10 29 35 | 03
#1520-d70 @A: 18 15 35 17 | 10
#1521-d70 @A: 02 35 20 26 | 08
#1522-d70 @A: 01 08 24 16 | 05
#1523-d70 @A: 15 24 28 08 | 02
#1524-d70 @A: 05 07 30 24 | 06
#1525-d70 @A: 11 27 24 02 | 04
#1526-d70 @A: 24 25 34 02 | 07
#1527-d70 @A: 24 18 20 34 | 11
#1528-d70 @A: 16 08 14 22 | 12
#1529-d70 @A: 16 17 18 05 | 01
#1530-d70 @A: 18 07 27 16 | 09
#1531-d70 @A: 16 27 15 26 | 03
#1532-d70 @A: 16 18 01 29 | 10
#1533-d70 @A: 16 18 04 34 | 08
#1534-d70 @A: 34 16 02 08 | 05
#1535-d70 @A: 05 28 11 18 | 02
#1536-d70 @A: 07 17 28 27 | 06
#1537-d70 @A: 02 26 05 30 | 04
#1538-d70 @A: 30 20 25 04 | 07
#1539-d70 @A: 25 30 01 10 | 11
#1540-d70 @A: 02 17 30 18 | 12
#1541-d70 @A: 23 30 04 08 | 01
#1542-d70 @A: 23 26 20 30 | 09
#1543-d70 @A: 23 04 07 22 | 03
#1544-d70 @A: 22 10 34 27 | 10
#1545-d70 @A: 22 29 04 25 | 08
#1546-d70 @A: 22 25 34 17 | 05
#1547-d70 @A: 25 22 10 11 | 02
#1548-d70 @A: 04 22 18 02 | 06
#1549-d70 @A: 17 05 14 01 | 04
#1550-d70 @A: 14 34 04 05 | 07
#1551-d70 @A: 04 23 01 05 | 11
#1552-d70 @A: 10 07 01 14 | 12
#1553-d70 @A: 27 20 01 14 | 01
#1554-d70 @A: 23 27 14 18 | 09
#1555-d70 @A: 25 18 14 10 | 03
#1556-d70 @A: 20 14 17 23 | 10
#1557-d70 @A: 02 15 08 27 | 08
#1558-d70 @A: 20 25 08 26 | 05
#1559-d70 @A: 23 25 18 08 | 02
#1560-d70 @A: 06 26 19 32 | 06
#1561-d70 @A: 06 32 09 20 | 04
#1562-d70 @A: 33 27 32 21 | 07
#1563-d70 @A: 33 32 08 02 | 11
#1564-d70 @A: 28 32 07 21 | 12
#1565-d70 @A: 27 32 03 35 | 01
#1566-d70 @A: 32 12 24 08 | 09
#1567-d70 @A: 08 32 19 17 | 03
#1568-d70 @A: 14 05 31 32 | 10
#1569-d70 @A: 01 02 35 32 | 08
#1570-d70 @A: 16 23 32 24 | 05
#1571-d70 @A: 24 10 32 17 | 02
#1572-d70 @A: 04 02 32 24 | 06
#1573-d70 @A: 32 29 14 22 | 04
#1574-d70 @A: 04 07 32 10 | 07
#1575-d70 @A: 25 06 03 24 | 11
#1576-d70 @A: 13 06 23 35 | 12
#1577-d70 @A: 35 22 12 06 | 01
#1578-d70 @A: 19 06 28 01 | 09
#1579-d70 @A: 20 22 31 06 | 03
#1580-d70 @A: 06 31 14 07 | 10
#1581-d70 @A: 01 23 06 31 | 08
#1582-d70 @A: 16 06 24 07 | 05
#1583-d70 @A: 20 28 05 06 | 02
#1584-d70 @A: 06 28 14 25 | 06
#1585-d70 @A: 06 25 02 07 | 04
#1586-d70 @A: 04 29 06 11 | 07
#1587-d70 @A: 25 10 17 06 | 11
#1588-d70 @A: 13 03 18 33 | 12
#1589-d70 @A: 33 31 19 02 | 01
#1590-d70 @A: 31 33 25 16 | 09
#1591-d70 @A: 34 14 33 31 | 03
#1592-d70 @A: 09 25 33 35 | 10
#1593-d70 @A: 33 34 22 09 | 08
#1594-d70 @A: 24 18 33 07 | 05
#1595-d70 @A: 29 07 33 20 | 02
#1596-d70 @A: 07 33 04 17 | 06
#1597-d70 @A: 01 10 20 33 | 04
#1598-d70 @A: 23 33 26 11 | 07
#1599-d70 @A: 03 11 21 15 | 11
#1600-d70 @A: 05 21 07 12 | 12
#1601-d70 @A: 19 21 02 30 | 01
#1602-d70 @A: 05 15 21 19 | 09
#1603-d70 @A: 10 09 21 35 | 03
#1604-d70 @A: 18 21 35 28 | 10
#1605-d70 @A: 04 22 21 28 | 08
#1606-d70 @A: 15 22 21 30 | 05
#1607-d70 @A: 30 27 21 14 | 02
#1608-d70 @A: 21 05 11 22 | 06
#1609-d70 @A: 23 21 11 27 | 04
#1610-d70 @A: 34 21 29 04 | 07
#1611-d70 @A: 03 08 12 10 | 11
#1612-d70 @A: 09 15 35 03 | 12
#1613-d70 @A: 16 15 03 05 | 01
#1614-d70 @A: 14 04 16 03 | 09
#1615-d70 @A: 04 03 23 28 | 03
#1616-d70 @A: 25 02 03 29 | 10
#1617-d70 @A: 03 20 11 23 | 08
#1618-d70 @A: 02 23 03 34 | 05
#1619-d70 @A: 11 12 13 09 | 02
#1620-d70 @A: 20 13 24 31 | 06
#1621-d70 @A: 02 13 31 27 | 04
#1622-d70 @A: 23 13 31 11 | 07
#1623-d70 @A: 07 09 13 25 | 11
#1624-d70 @A: 13 30 11 35 | 12
#1625-d70 @A: 23 25 13 16 | 01
#1626-d70 @A: 02 15 13 16 | 09
#1627-d70 @A: 14 28 23 13 | 03
#1628-d70 @A: 25 01 22 13 | 10
#1629-d70 @A: 04 14 13 20 | 08
#1630-d70 @A: 10 27 13 23 | 05
#1631-d70 @A: 25 34 13 29 | 02
#1632-d70 @A: 24 12 11 16 | 06
#1633-d70 @A: 12 24 10 22 | 04
#1634-d70 @A: 22 04 05 12 | 07
#1635-d70 @A: 10 12 27 05 | 11
#1636-d70 @A: 07 12 23 20 | 12
#1637-d70 @A: 10 12 26 18 | 01
#1638-d70 @A: 11 18 12 08 | 09
#1639-d70 @A: 31 08 07 19 | 03
#1640-d70 @A: 19 09 30 26 | 10
#1641-d70 @A: 27 05 09 19 | 08
#1642-d70 @A: 09 15 19 08 | 05
#1643-d70 @A: 25 24 19 35 | 02
#1644-d70 @A: 16 35 34 19 | 06
#1645-d70 @A: 28 19 14 18 | 04
#1646-d70 @A: 17 19 04 30 | 07
#1647-d70 @A: 30 19 08 20 | 11
#1648-d70 @A: 05 19 25 22 | 12
#1649-d70 @A: 19 11 14 08 | 01
#1650-d70 @A: 01 29 08 19 | 09
#1651-d70 @A: 25 02 19 11 | 03
#1652-d70 @A: 34 20 17 19 | 10
#1653-d70 @A: 19 26 34 04 | 08
#1654-d70 @A: 19 04 15 01 | 05
#1655-d70 @A: 29 34 31 24 | 02
#1656-d70 @A: 31 04 08 16 | 06
#1657-d70 @A: 23 29 18 31 | 04
#1658-d70 @A: 31 02 10 17 | 07
#1659-d70 @A: 20 09 05 30 | 11
#1660-d70 @A: 09 23 15 29 | 12
#1661-d70 @A: 11 09 02 17 | 01
#1662-d70 @A: 30 02 24 35 | 09
#1663-d70 @A: 35 05 16 07 | 03
#1664-d70 @A: 28 14 35 07 | 10
#1665-d70 @A: 11 17 20 35 | 08
#1666-d70 @A: 34 14 24 16 | 05
#1667-d70 @A: 29 08 05 24 | 02
#1668-d70 @A: 27 10 24 07 | 06
#1669-d70 @A: 07 02 23 24 | 04
#1670-d70 @A: 28 01 16 34 | 07
#1671-d70 @A: 16 29 07 30 | 11
#1672-d70 @A: 04 16 01 07 | 12
#1673-d70 @A: 27 17 16 34 | 01
#1674-d70 @A: 23 15 17 16 | 09
#1675-d70 @A: 16 26 23 04 | 03
#1676-d70 @A: 30 28 10 15 | 10
#1677-d70 @A: 17 14 22 28 | 08
#1678-d70 @A: 20 18 04 28 | 05
#1679-d70 @A: 10 30 14 22 | 02
#1680-d70 @A: 02 20 30 07 | 06
#1681-d70 @A: 15 29 26 30 | 04
#1682-d70 @A: 11 04 26 22 | 07
#1683-d70 @A: 26 23 22 01 | 11
#1684-d70 @A: 05 02 18 08 | 12
#1685-d70 @A: 10 17 29 14 | 01
#1686-d70 @A: 11 34 14 10 | 09
#1687-d70 @A: 15 14 08 26 | 03
#1688-d70 @A: 34 14 02 01 | 10
#1689-d70 @A: 17 08 26 10 | 08
