#0001-d96 @A: 29 18 33 15 | 08
#0002-d96 @A: 31 33 22 15 | 09
#0003-d96 @A: 15 04 23 33 | 05
#0004-d96 @A: 06 33 15 32 | 01
#0005-d96 @A: 21 33 15 02 | 03
#0006-d96 @A: 33 07 06 13 | 10
#0007-d96 @A: 35 13 02 33 | 02
#0008-d96 @A: 33 28 13 03 | 04
#0009-d96 @A: 07 16 09 33 | 07
#0010-d96 @A: 33 01 24 07 | 12
#0011-d96 @A: 33 27 09 31 | 06
#0012-d96 @A: 08 33 35 09 | 11
#0013-d96 @A: 09 28 33 11 | 08
#0014-d96 @A: 22 28 33 01 | 09
#0015-d96 @A: 33 32 30 23 | 05
#0016-d96 @A: 33 34 32 29 | 01
#0017-d96 @A: 33 30 02 19 | 03
#0018-d96 @A: 33 34 01 27 | 10
#0019-d96 @A: 33 10 19 20 | 02
#0020-d96 @A: 06 11 05 33 | 04
#0021-d96 @A: 33 26 17 23 | 07
#0022-d96 @A: 04 13 10 15 | 12
#0023-d96 @A: 18 15 01 35 | 06
#0024-d96 @A: 15 26 19 32 | 11
#0025-d96 @A: 35 21 15 11 | 08
#0026-d96 @A: 15 10 16 02 | 09
#0027-d96 @A: 15 06 24 28 | 05
#0028-d96 @A: 11 12 15 06 | 01
#0029-d96 @A: 26 23 15 12 | 03
#0030-d96 @A: 14 10 19 15 | 10
#0031-d96 @A: 17 21 20 15 | 02
#0032-d96 @A: 23 15 05 21 | 04
#0033-d96 @A: 26 35 18 13 | 07
#0034-d96 @A: 03 07 13 24 | 12
#0035-d96 @A: 04 31 13 25 | 06
#0036-d96 @A: 35 05 13 31 | 11
#0037-d96 @A: 16 23 09 13 | 08
#0038-d96 @A: 04 13 19 12 | 09
#0039-d96 @A: 13 25 16 22 | 05
#0040-d96 @A: 13 27 17 32 | 01
#0041-d96 @A: 01 27 35 13 | 03
#0042-d96 @A: 14 02 13 28 | 10
#0043-d96 @A: 28 13 08 23 | 02
#0044-d96 @A: 34 13 25 24 | 04
#0045-d96 @A: 13 10 12 06 | 07
#0046-d96 @A: 29 13 20 14 | 12
#0047-d96 @A: 27 19 18 31 | 06
#0048-d96 @A: 26 16 18 04 | 11
#0049-d96 @A: 24 04 18 05 | 08
#0050-d96 @A: 12 18 17 04 | 09
#0051-d96 @A: 04 06 18 29 | 05
#0052-d96 @A: 01 18 22 27 | 01
#0053-d96 @A: 30 32 05 18 | 03
#0054-d96 @A: 18 06 32 14 | 10
#0055-d96 @A: 17 25 18 24 | 02
#0056-d96 @A: 14 18 20 17 | 04
#0057-d96 @A: 19 18 26 25 | 07
#0058-d96 @A: 09 02 07 10 | 12
#0059-d96 @A: 05 09 26 07 | 06
#0060-d96 @A: 04 24 21 07 | 11
#0061-d96 @A: 04 17 14 07 | 08
#0062-d96 @A: 08 07 11 32 | 09
#0063-d96 @A: 11 19 28 07 | 05
#0064-d96 @A: 07 05 28 17 | 01
#0065-d96 @A: 14 07 06 19 | 03
#0066-d96 @A: 07 26 19 17 | 10
#0067-d96 @A: 35 09 31 30 | 02
#0068-d96 @A: 31 09 05 21 | 04
#0069-d96 @A: 19 14 22 31 | 07
#0070-d96 @A: 20 32 35 31 | 12
#0071-d96 @A: 02 05 26 31 | 06
#0072-d96 @A: 31 23 27 16 | 11
#0073-d96 @A: 31 05 24 16 | 08
#0074-d96 @A: 16 34 03 31 | 09
#0075-d96 @A: 27 34 24 31 | 05
#0076-d96 @A: 31 17 05 12 | 01
#0077-d96 @A: 20 10 31 11 | 03
#0078-d96 @A: 17 09 04 10 | 10
#0079-d96 @A: 20 22 09 14 | 02
#0080-d96 @A: 32 23 35 09 | 04
#0081-d96 @A: 03 24 16 09 | 07
#0082-d96 @A: 27 34 19 09 | 12
#0083-d96 @A: 09 01 19 10 | 06
#0084-d96 @A: 20 29 03 09 | 11
#0085-d96 @A: 30 22 23 04 | 08
#0086-d96 @A: 03 22 04 02 | 09
#0087-d96 @A: 04 25 34 14 | 05
#0088-d96 @A: 21 04 01 10 | 01
#0089-d96 @A: 01 06 04 11 | 03
#0090-d96 @A: 21 04 14 20 | 10
#0091-d96 @A: 26 25 04 29 | 02
#0092-d96 @A: 22 30 26 32 | 04
#0093-d96 @A: 16 01 22 32 | 07
#0094-d96 @A: 05 22 35 30 | 12
#0095-d96 @A: 17 02 22 26 | 06
#0096-d96 @A: 20 08 22 03 | 11
#0097-d96 @A: 05 11 22 08 | 08
#0098-d96 @A: 23 14 22 12 | 09
#0099-d96 @A: 22 03 29 01 | 05
#0100-d96 @A: 22 10 20 05 | 01
#0101-d96 @A: 32 19 02 35 | 03
#0102-d96 @A: 32 30 20 28 | 10
#0103-d96 @A: 21 16 02 32 | 02
#0104-d96 @A: 17 16 29 32 | 04
#0105-d96 @A: 19 32 01 05 | 07
#0106-d96 @A: 10 19 32 11 | 12
#0107-d96 @A: 23 21 26 32 | 06
#0108-d96 @A: 25 17 32 05 | 11
#0109-d96 @A: 35 23 25 28 | 08
#0110-d96 @A: 08 06 29 35 | 09
#0111-d96 @A: 12 11 29 35 | 05
#0112-d96 @A: 10 29 01 35 | 01
#0113-d96 @A: 03 30 34 28 | 03
#0114-d96 @A: 25 29 34 30 | 10
#0115-d96 @A: 26 03 06 30 | 02
#0116-d96 @A: 06 08 02 23 | 04
#0117-d96 @A: 26 19 02 12 | 07
#0118-d96 @A: 14 02 01 26 | 12
#0119-d96 @A: 20 05 19 02 | 06
#0120-d96 @A: 26 02 23 03 | 11
#0121-d96 @A: 17 26 25 02 | 08
#0122-d96 @A: 16 12 19 28 | 09
#0123-d96 @A: 28 24 27 12 | 05
#0124-d96 @A: 27 23 28 05 | 01
#0125-d96 @A: 08 28 20 12 | 03
#0126-d96 @A: 20 28 05 11 | 10
#0127-d96 @A: 29 26 28 19 | 02
#0128-d96 @A: 16 10 34 26 | 04
#0129-d96 @A: 10 14 23 16 | 07
#0130-d96 @A: 19 10 16 21 | 12
#0131-d96 @A: 10 17 05 16 | 06
#0132-d96 @A: 11 26 16 17 | 11
#0133-d96 @A: 06 16 05 03 | 08
#0134-d96 @A: 14 16 06 17 | 09
#0135-d96 @A: 19 24 27 17 | 05
#0136-d96 @A: 03 08 27 05 | 01
#0137-d96 @A: 27 20 21 12 | 03
#0138-d96 @A: 29 27 12 17 | 10
#0139-d96 @A: 29 27 14 25 | 02
#0140-d96 @A: 17 12 34 01 | 04
#0141-d96 @A: 19 03 10 34 | 07
#0142-d96 @A: 17 21 34 05 | 12
#0143-d96 @A: 20 26 08 25 | 06
#0144-d96 @A: 11 14 25 08 | 11
#0145-d96 @A: 13 15 33 17 | 08
#0146-d96 @A: 33 01 04 18 | 09
#0147-d96 @A: 31 06 33 24 | 05
#0148-d96 @A: 09 21 24 33 | 01
#0149-d96 @A: 22 05 33 04 | 03
#0150-d96 @A: 04 30 33 17 | 10
#0151-d96 @A: 33 04 11 14 | 02
#0152-d96 @A: 22 12 02 33 | 04
#0153-d96 @A: 22 33 23 20 | 07
#0154-d96 @A: 28 29 02 33 | 12
#0155-d96 @A: 05 03 33 02 | 06
#0156-d96 @A: 20 24 33 16 | 11
#0157-d96 @A: 33 25 27 05 | 08
#0158-d96 @A: 01 08 33 10 | 09
#0159-d96 @A: 08 19 33 05 | 05
#0160-d96 @A: 33 12 17 06 | 01
#0161-d96 @A: 01 11 20 33 | 03
#0162-d96 @A: 15 13 18 08 | 10
#0163-d96 @A: 15 19 13 24 | 02
#0164-d96 @A: 18 02 15 31 | 04
#0165-d96 @A: 21 15 22 07 | 07
#0166-d96 @A: 28 01 15 07 | 12
#0167-d96 @A: 19 15 35 31 | 06
#0168-d96 @A: 27 15 31 12 | 11
#0169-d96 @A: 26 15 04 35 | 08
#0170-d96 @A: 04 02 15 14 | 09
#0171-d96 @A: 15 05 22 24 | 05
#0172-d96 @A: 25 01 35 15 | 01
#0173-d96 @A: 15 30 17 27 | 03
#0174-d96 @A: 30 12 15 05 | 10
#0175-d96 @A: 26 15 25 16 | 02
#0176-d96 @A: 12 24 08 15 | 04
#0177-d96 @A: 11 17 05 15 | 07
#0178-d96 @A: 15 03 29 23 | 12
#0179-d96 @A: 25 09 13 12 | 06
#0180-d96 @A: 27 04 30 13 | 11
#0181-d96 @A: 32 13 35 10 | 08
#0182-d96 @A: 01 32 13 28 | 09
#0183-d96 @A: 25 14 30 13 | 05
#0184-d96 @A: 24 13 02 12 | 01
#0185-d96 @A: 17 24 13 28 | 03
#0186-d96 @A: 01 13 20 21 | 10
#0187-d96 @A: 23 03 20 13 | 02
#0188-d96 @A: 18 20 02 07 | 04
#0189-d96 @A: 22 17 31 18 | 07
#0190-d96 @A: 30 18 31 12 | 12
#0191-d96 @A: 14 28 04 18 | 06
#0192-d96 @A: 30 08 27 18 | 11
#0193-d96 @A: 30 18 24 29 | 08
#0194-d96 @A: 18 14 27 24 | 09
#0195-d96 @A: 10 26 18 24 | 05
#0196-d96 @A: 10 12 05 18 | 01
#0197-d96 @A: 19 14 12 18 | 03
#0198-d96 @A: 18 20 26 01 | 10
#0199-d96 @A: 17 09 31 07 | 02
#0200-d96 @A: 07 31 06 04 | 04
#0201-d96 @A: 31 25 07 30 | 07
#0202-d96 @A: 34 07 14 31 | 12
#0203-d96 @A: 07 32 24 34 | 06
#0204-d96 @A: 07 19 24 16 | 11
#0205-d96 @A: 20 08 17 07 | 08
#0206-d96 @A: 08 05 07 23 | 09
#0207-d96 @A: 03 06 07 08 | 05
#0208-d96 @A: 07 12 25 23 | 01
#0209-d96 @A: 17 07 12 21 | 03
#0210-d96 @A: 03 07 10 21 | 10
#0211-d96 @A: 26 07 21 06 | 02
#0212-d96 @A: 29 02 04 31 | 04
#0213-d96 @A: 21 22 31 24 | 07
#0214-d96 @A: 31 32 25 12 | 12
#0215-d96 @A: 08 31 26 35 | 06
#0216-d96 @A: 31 01 21 30 | 11
#0217-d96 @A: 28 20 31 02 | 08
#0218-d96 @A: 11 31 16 02 | 09
#0219-d96 @A: 24 31 01 02 | 05
#0220-d96 @A: 27 28 25 31 | 01
#0221-d96 @A: 12 19 31 29 | 03
#0222-d96 @A: 01 23 06 31 | 10
#0223-d96 @A: 14 11 31 26 | 02
#0224-d96 @A: 03 23 05 31 | 04
#0225-d96 @A: 17 31 23 14 | 07
#0226-d96 @A: 14 16 04 09 | 12
#0227-d96 @A: 24 09 01 22 | 06
#0228-d96 @A: 09 30 32 03 | 11
#0229-d96 @A: 20 09 32 16 | 08
#0230-d96 @A: 02 09 14 30 | 09
#0231-d96 @A: 25 09 17 28 | 05
#0232-d96 @A: 27 09 16 10 | 01
#0233-d96 @A: 06 16 34 09 | 03
#0234-d96 @A: 27 09 14 06 | 10
#0235-d96 @A: 08 12 05 09 | 02
#0236-d96 @A: 14 19 26 09 | 04
#0237-d96 @A: 04 30 20 24 | 07
#0238-d96 @A: 28 04 21 34 | 12
#0239-d96 @A: 29 04 20 28 | 06
#0240-d96 @A: 19 08 04 01 | 11
#0241-d96 @A: 29 04 12 03 | 08
#0242-d96 @A: 20 10 23 04 | 09
#0243-d96 @A: 23 06 05 04 | 05
#0244-d96 @A: 05 35 22 25 | 01
#0245-d96 @A: 22 21 02 30 | 03
#0246-d96 @A: 30 24 22 14 | 10
#0247-d96 @A: 14 28 22 27 | 02
#0248-d96 @A: 10 08 22 14 | 04
#0249-d96 @A: 29 08 19 22 | 07
#0250-d96 @A: 12 05 19 22 | 12
#0251-d96 @A: 17 03 22 10 | 06
#0252-d96 @A: 21 06 20 22 | 11
#0253-d96 @A: 32 34 08 30 | 08
#0254-d96 @A: 11 12 32 16 | 09
#0255-d96 @A: 32 20 19 12 | 05
#0256-d96 @A: 01 10 32 14 | 01
#0257-d96 @A: 32 03 29 19 | 03
#0258-d96 @A: 02 01 35 11 | 10
#0259-d96 @A: 35 16 25 27 | 02
#0260-d96 @A: 05 06 12 35 | 04
#0261-d96 @A: 20 06 14 35 | 07
#0262-d96 @A: 20 26 35 17 | 12
#0263-d96 @A: 19 35 06 11 | 06
#0264-d96 @A: 03 35 29 21 | 11
#0265-d96 @A: 17 02 30 34 | 08
#0266-d96 @A: 02 03 30 29 | 09
#0267-d96 @A: 30 34 01 16 | 05
#0268-d96 @A: 27 30 20 14 | 01
#0269-d96 @A: 25 20 30 12 | 03
#0270-d96 @A: 30 01 03 19 | 10
#0271-d96 @A: 03 30 23 11 | 02
#0272-d96 @A: 19 30 25 23 | 04
#0273-d96 @A: 10 02 29 06 | 07
#0274-d96 @A: 02 05 10 14 | 12
#0275-d96 @A: 21 10 26 02 | 06
#0276-d96 @A: 17 11 02 21 | 11
#0277-d96 @A: 28 24 21 14 | 08
#0278-d96 @A: 21 28 10 12 | 09
#0279-d96 @A: 17 06 26 28 | 05
#0280-d96 @A: 29 12 16 26 | 01
#0281-d96 @A: 20 21 16 26 | 03
#0282-d96 @A: 19 16 29 14 | 10
#0283-d96 @A: 11 27 25 24 | 02
#0284-d96 @A: 27 01 21 05 | 04
#0285-d96 @A: 25 24 12 08 | 07
#0286-d96 @A: 29 21 24 06 | 12
#0287-d96 @A: 08 34 14 19 | 06
#0288-d96 @A: 06 25 12 34 | 11
#0289-d96 @A: 21 20 25 05 | 08
#0290-d96 @A: 30 35 15 33 | 09
#0291-d96 @A: 08 33 16 13 | 05
#0292-d96 @A: 33 17 18 32 | 01
#0293-d96 @A: 05 35 33 18 | 03
#0294-d96 @A: 30 33 10 18 | 10
#0295-d96 @A: 22 33 29 09 | 02
#0296-d96 @A: 14 33 35 23 | 04
#0297-d96 @A: 33 30 24 12 | 07
#0298-d96 @A: 33 10 26 12 | 12
#0299-d96 @A: 14 12 20 33 | 06
#0300-d96 @A: 12 11 33 21 | 11
#0301-d96 @A: 23 29 33 10 | 08
#0302-d96 @A: 20 03 33 06 | 09
#0303-d96 @A: 29 11 25 33 | 05
#0304-d96 @A: 21 33 06 23 | 01
#0305-d96 @A: 30 03 15 13 | 03
#0306-d96 @A: 13 15 34 26 | 10
#0307-d96 @A: 07 31 05 15 | 02
#0308-d96 @A: 07 15 20 35 | 04
#0309-d96 @A: 31 15 09 29 | 07
#0310-d96 @A: 11 31 15 30 | 12
#0311-d96 @A: 09 25 08 15 | 06
#0312-d96 @A: 15 06 30 04 | 11
#0313-d96 @A: 30 25 04 15 | 08
#0314-d96 @A: 22 35 12 15 | 09
#0315-d96 @A: 27 22 15 06 | 05
#0316-d96 @A: 34 05 35 15 | 01
#0317-d96 @A: 19 34 02 15 | 03
#0318-d96 @A: 26 06 15 02 | 10
#0319-d96 @A: 17 15 24 16 | 02
#0320-d96 @A: 10 27 23 15 | 04
#0321-d96 @A: 15 03 01 08 | 07
#0322-d96 @A: 19 17 12 15 | 12
#0323-d96 @A: 18 13 30 06 | 06
#0324-d96 @A: 10 01 18 13 | 11
#0325-d96 @A: 13 25 07 01 | 08
#0326-d96 @A: 29 13 23 07 | 09
#0327-d96 @A: 13 04 14 31 | 05
#0328-d96 @A: 31 02 13 30 | 01
#0329-d96 @A: 31 19 20 13 | 03
#0330-d96 @A: 02 03 13 09 | 10
#0331-d96 @A: 34 17 22 13 | 02
#0332-d96 @A: 08 10 13 05 | 04
#0333-d96 @A: 05 13 01 12 | 07
#0334-d96 @A: 23 13 25 17 | 12
#0335-d96 @A: 01 18 16 31 | 06
#0336-d96 @A: 27 09 18 12 | 11
#0337-d96 @A: 35 25 18 04 | 08
#0338-d96 @A: 18 04 30 03 | 09
#0339-d96 @A: 08 22 32 18 | 05
#0340-d96 @A: 22 02 18 35 | 01
#0341-d96 @A: 22 24 19 18 | 03
#0342-d96 @A: 19 21 18 32 | 10
#0343-d96 @A: 21 28 18 35 | 02
#0344-d96 @A: 29 18 11 10 | 04
#0345-d96 @A: 05 17 26 18 | 07
#0346-d96 @A: 03 07 02 31 | 12
#0347-d96 @A: 07 31 26 28 | 06
#0348-d96 @A: 04 07 22 10 | 11
#0349-d96 @A: 16 04 07 02 | 08
#0350-d96 @A: 07 11 04 27 | 09
#0351-d96 @A: 23 07 22 32 | 05
#0352-d96 @A: 32 07 25 28 | 01
#0353-d96 @A: 11 34 02 07 | 03
#0354-d96 @A: 19 01 02 07 | 10
#0355-d96 @A: 27 21 16 07 | 02
#0356-d96 @A: 24 23 25 07 | 04
#0357-d96 @A: 12 07 10 29 | 07
#0358-d96 @A: 07 12 19 03 | 12
#0359-d96 @A: 01 03 23 07 | 06
#0360-d96 @A: 23 20 07 26 | 11
#0361-d96 @A: 31 05 04 32 | 08
#0362-d96 @A: 04 31 16 10 | 09
#0363-d96 @A: 31 32 10 08 | 05
#0364-d96 @A: 31 25 35 10 | 01
#0365-d96 @A: 20 30 26 31 | 03
#0366-d96 @A: 31 25 21 02 | 10
#0367-d96 @A: 31 19 28 34 | 02
#0368-d96 @A: 19 17 08 31 | 04
#0369-d96 @A: 03 31 29 14 | 07
#0370-d96 @A: 19 31 03 06 | 12
#0371-d96 @A: 09 04 28 19 | 06
#0372-d96 @A: 10 22 09 23 | 11
#0373-d96 @A: 28 09 21 32 | 08
#0374-d96 @A: 32 17 09 24 | 09
#0375-d96 @A: 35 20 09 25 | 05
#0376-d96 @A: 12 11 19 09 | 01
#0377-d96 @A: 17 09 12 14 | 03
#0378-d96 @A: 17 20 01 09 | 10
#0379-d96 @A: 17 09 11 06 | 02
#0380-d96 @A: 03 14 09 11 | 04
#0381-d96 @A: 17 05 09 19 | 07
#0382-d96 @A: 27 21 04 22 | 12
#0383-d96 @A: 04 02 28 32 | 06
#0384-d96 @A: 16 23 04 32 | 11
#0385-d96 @A: 04 24 35 14 | 08
#0386-d96 @A: 04 35 34 12 | 09
#0387-d96 @A: 34 29 04 30 | 05
#0388-d96 @A: 25 22 32 19 | 01
#0389-d96 @A: 20 01 35 22 | 03
#0390-d96 @A: 05 22 02 16 | 10
#0391-d96 @A: 24 22 02 29 | 02
#0392-d96 @A: 03 28 24 22 | 04
#0393-d96 @A: 19 22 01 21 | 07
#0394-d96 @A: 20 29 26 22 | 12
#0395-d96 @A: 03 22 05 26 | 06
#0396-d96 @A: 16 32 14 27 | 11
#0397-d96 @A: 32 01 25 11 | 08
#0398-d96 @A: 01 29 06 32 | 09
#0399-d96 @A: 30 24 35 01 | 05
#0400-d96 @A: 28 11 35 23 | 01
#0401-d96 @A: 16 35 21 24 | 03
#0402-d96 @A: 26 35 12 21 | 10
#0403-d96 @A: 35 03 10 11 | 02
#0404-d96 @A: 17 29 05 35 | 04
#0405-d96 @A: 12 06 19 30 | 07
#0406-d96 @A: 11 05 29 30 | 12
#0407-d96 @A: 14 24 02 16 | 06
#0408-d96 @A: 29 14 02 08 | 11
#0409-d96 @A: 27 28 16 08 | 08
#0410-d96 @A: 27 34 28 20 | 09
#0411-d96 @A: 06 29 16 20 | 05
#0412-d96 @A: 11 23 29 16 | 01
#0413-d96 @A: 03 16 23 21 | 03
#0414-d96 @A: 26 27 10 05 | 10
#0415-d96 @A: 17 25 20 27 | 02
#0416-d96 @A: 06 27 29 11 | 04
#0417-d96 @A: 27 14 23 11 | 07
#0418-d96 @A: 24 21 34 23 | 12
#0419-d96 @A: 03 12 24 21 | 06
#0420-d96 @A: 26 20 06 24 | 11
#0421-d96 @A: 26 34 21 08 | 08
#0422-d96 @A: 26 11 34 19 | 09
#0423-d96 @A: 17 34 14 29 | 05
#0424-d96 @A: 33 28 15 20 | 01
#0425-d96 @A: 13 09 33 04 | 03
#0426-d96 @A: 03 33 07 30 | 10
#0427-d96 @A: 31 08 33 30 | 02
#0428-d96 @A: 19 33 21 31 | 04
#0429-d96 @A: 33 20 25 04 | 07
#0430-d96 @A: 33 22 32 11 | 12
#0431-d96 @A: 33 35 01 21 | 06
#0432-d96 @A: 33 02 10 27 | 11
#0433-d96 @A: 33 28 34 23 | 08
#0434-d96 @A: 21 17 33 10 | 09
#0435-d96 @A: 05 17 20 33 | 05
#0436-d96 @A: 15 14 13 35 | 01
#0437-d96 @A: 15 34 01 31 | 03
#0438-d96 @A: 15 09 27 35 | 10
#0439-d96 @A: 06 10 15 35 | 02
#0440-d96 @A: 19 15 16 30 | 04
#0441-d96 @A: 16 01 06 15 | 07
#0442-d96 @A: 27 06 15 25 | 12
#0443-d96 @A: 08 15 26 10 | 06
#0444-d96 @A: 23 15 08 11 | 11
#0445-d96 @A: 20 27 13 18 | 08
#0446-d96 @A: 31 01 09 13 | 09
#0447-d96 @A: 30 10 13 09 | 05
#0448-d96 @A: 08 27 13 09 | 01
#0449-d96 @A: 02 10 13 22 | 03
#0450-d96 @A: 05 21 13 32 | 10
#0451-d96 @A: 30 20 17 13 | 02
#0452-d96 @A: 02 13 34 29 | 04
#0453-d96 @A: 19 13 02 08 | 07
#0454-d96 @A: 13 11 02 05 | 12
#0455-d96 @A: 16 10 13 24 | 06
#0456-d96 @A: 13 11 21 16 | 11
#0457-d96 @A: 24 13 21 27 | 08
#0458-d96 @A: 27 13 34 12 | 09
#0459-d96 @A: 06 13 26 27 | 05
#0460-d96 @A: 11 12 14 13 | 01
#0461-d96 @A: 29 11 01 13 | 03
#0462-d96 @A: 19 21 06 13 | 10
#0463-d96 @A: 09 11 18 32 | 02
#0464-d96 @A: 09 18 35 17 | 04
#0465-d96 @A: 08 18 09 24 | 07
#0466-d96 @A: 18 12 21 22 | 12
#0467-d96 @A: 27 18 23 32 | 06
#0468-d96 @A: 18 32 01 34 | 11
#0469-d96 @A: 10 30 18 25 | 08
#0470-d96 @A: 28 34 26 18 | 09
#0471-d96 @A: 18 34 16 12 | 05
#0472-d96 @A: 08 10 18 06 | 01
#0473-d96 @A: 18 20 08 19 | 03
#0474-d96 @A: 01 14 18 03 | 10
#0475-d96 @A: 23 11 20 18 | 02
#0476-d96 @A: 05 18 25 29 | 04
#0477-d96 @A: 03 06 18 17 | 07
#0478-d96 @A: 09 07 06 23 | 12
#0479-d96 @A: 23 07 28 04 | 06
#0480-d96 @A: 29 22 35 07 | 11
#0481-d96 @A: 30 07 35 06 | 08
#0482-d96 @A: 02 07 30 23 | 09
#0483-d96 @A: 12 14 07 08 | 05
#0484-d96 @A: 21 23 14 07 | 01
#0485-d96 @A: 31 19 09 16 | 03
#0486-d96 @A: 31 10 22 34 | 10
#0487-d96 @A: 32 17 31 02 | 02
#0488-d96 @A: 32 19 31 24 | 04
#0489-d96 @A: 28 31 17 30 | 07
#0490-d96 @A: 10 31 28 24 | 12
#0491-d96 @A: 31 08 20 16 | 06
#0492-d96 @A: 31 25 11 34 | 11
#0493-d96 @A: 12 06 20 31 | 08
#0494-d96 @A: 20 29 31 21 | 09
#0495-d96 @A: 31 05 20 14 | 05
#0496-d96 @A: 04 09 03 35 | 01
#0497-d96 @A: 35 06 09 22 | 03
#0498-d96 @A: 09 34 03 22 | 10
#0499-d96 @A: 26 21 09 22 | 02
#0500-d96 @A: 35 09 02 20 | 04
#0501-d96 @A: 08 09 01 30 | 07
#0502-d96 @A: 20 27 05 09 | 12
#0503-d96 @A: 26 09 06 12 | 06
#0504-d96 @A: 29 05 09 06 | 11
#0505-d96 @A: 28 22 08 04 | 08
#0506-d96 @A: 24 12 32 04 | 09
#0507-d96 @A: 04 17 35 02 | 05
#0508-d96 @A: 16 04 35 06 | 01
#0509-d96 @A: 19 02 04 27 | 03
#0510-d96 @A: 28 10 04 06 | 10
#0511-d96 @A: 04 27 16 03 | 02
#0512-d96 @A: 16 11 04 20 | 04
#0513-d96 @A: 23 08 04 12 | 07
#0514-d96 @A: 14 01 23 04 | 12
#0515-d96 @A: 20 05 04 26 | 06
#0516-d96 @A: 11 23 17 04 | 11
#0517-d96 @A: 22 02 14 32 | 08
#0518-d96 @A: 29 12 22 06 | 09
#0519-d96 @A: 25 22 17 06 | 05
#0520-d96 @A: 32 35 12 14 | 01
#0521-d96 @A: 28 11 34 32 | 03
#0522-d96 @A: 08 05 32 28 | 10
#0523-d96 @A: 32 16 06 24 | 02
#0524-d96 @A: 21 29 27 32 | 04
#0525-d96 @A: 03 23 32 34 | 07
#0526-d96 @A: 25 32 34 26 | 12
#0527-d96 @A: 29 14 32 11 | 06
#0528-d96 @A: 21 32 14 03 | 11
#0529-d96 @A: 20 30 35 11 | 08
#0530-d96 @A: 34 08 35 28 | 09
#0531-d96 @A: 16 27 35 20 | 05
#0532-d96 @A: 27 35 14 34 | 01
#0533-d96 @A: 03 01 35 05 | 03
#0534-d96 @A: 26 14 35 29 | 10
#0535-d96 @A: 21 23 19 35 | 02
#0536-d96 @A: 27 24 26 30 | 04
#0537-d96 @A: 30 21 12 23 | 07
#0538-d96 @A: 06 30 10 20 | 12
#0539-d96 @A: 30 11 10 21 | 06
#0540-d96 @A: 27 02 28 01 | 11
#0541-d96 @A: 34 02 28 06 | 08
#0542-d96 @A: 16 25 12 02 | 09
#0543-d96 @A: 03 14 02 12 | 05
#0544-d96 @A: 02 05 17 01 | 01
#0545-d96 @A: 23 11 02 19 | 03
#0546-d96 @A: 29 19 02 21 | 10
#0547-d96 @A: 28 16 25 29 | 02
#0548-d96 @A: 28 29 14 12 | 04
#0549-d96 @A: 14 11 16 08 | 07
#0550-d96 @A: 16 12 20 23 | 12
#0551-d96 @A: 16 23 05 01 | 06
#0552-d96 @A: 01 21 14 16 | 11
#0553-d96 @A: 19 11 25 16 | 08
#0554-d96 @A: 08 34 17 27 | 09
#0555-d96 @A: 12 26 03 27 | 05
#0556-d96 @A: 27 19 29 05 | 01
#0557-d96 @A: 27 21 23 17 | 03
#0558-d96 @A: 21 27 19 14 | 10
#0559-d96 @A: 01 24 12 23 | 02
#0560-d96 @A: 24 05 21 10 | 04
#0561-d96 @A: 17 14 10 24 | 07
#0562-d96 @A: 03 24 19 11 | 12
#0563-d96 @A: 17 05 24 03 | 06
#0564-d96 @A: 01 34 11 08 | 11
#0565-d96 @A: 34 20 19 06 | 08
#0566-d96 @A: 08 25 26 03 | 09
#0567-d96 @A: 29 20 25 23 | 05
#0568-d96 @A: 18 33 08 28 | 01
#0569-d96 @A: 05 33 07 34 | 03
#0570-d96 @A: 04 03 33 31 | 10
#0571-d96 @A: 33 30 05 09 | 02
#0572-d96 @A: 09 33 02 17 | 04
#0573-d96 @A: 02 33 01 32 | 07
#0574-d96 @A: 32 26 33 28 | 12
#0575-d96 @A: 35 33 34 25 | 06
#0576-d96 @A: 03 33 26 35 | 11
#0577-d96 @A: 16 14 30 33 | 08
#0578-d96 @A: 17 33 28 16 | 09
#0579-d96 @A: 23 27 33 24 | 05
#0580-d96 @A: 11 17 33 19 | 01
#0581-d96 @A: 28 13 11 15 | 03
#0582-d96 @A: 16 29 15 13 | 10
#0583-d96 @A: 15 11 07 09 | 02
#0584-d96 @A: 19 07 15 27 | 04
#0585-d96 @A: 15 31 03 26 | 07
#0586-d96 @A: 05 04 15 09 | 12
#0587-d96 @A: 10 15 09 24 | 06
#0588-d96 @A: 22 15 11 02 | 11
#0589-d96 @A: 15 24 11 32 | 08
#0590-d96 @A: 30 14 15 23 | 09
#0591-d96 @A: 03 24 02 15 | 05
#0592-d96 @A: 23 28 19 15 | 01
#0593-d96 @A: 15 12 01 10 | 03
#0594-d96 @A: 10 29 15 20 | 10
#0595-d96 @A: 15 10 03 05 | 02
#0596-d96 @A: 20 15 11 26 | 04
#0597-d96 @A: 07 18 28 13 | 07
#0598-d96 @A: 18 13 25 32 | 12
#0599-d96 @A: 19 09 13 07 | 06
#0600-d96 @A: 13 31 11 32 | 11
#0601-d96 @A: 09 26 13 17 | 08
#0602-d96 @A: 04 05 13 17 | 09
#0603-d96 @A: 13 32 19 34 | 05
#0604-d96 @A: 35 06 24 13 | 01
#0605-d96 @A: 13 06 28 20 | 03
#0606-d96 @A: 14 13 34 16 | 10
#0607-d96 @A: 01 34 13 03 | 02
#0608-d96 @A: 29 13 12 21 | 04
#0609-d96 @A: 13 10 29 19 | 07
#0610-d96 @A: 13 23 21 10 | 12
#0611-d96 @A: 13 26 21 14 | 06
#0612-d96 @A: 08 07 18 35 | 11
#0613-d96 @A: 02 04 10 18 | 08
#0614-d96 @A: 24 20 32 18 | 09
#0615-d96 @A: 19 18 28 30 | 05
#0616-d96 @A: 03 28 12 18 | 01
#0617-d96 @A: 25 03 28 18 | 03
#0618-d96 @A: 18 03 08 16 | 10
#0619-d96 @A: 34 18 25 01 | 02
#0620-d96 @A: 06 18 26 11 | 04
#0621-d96 @A: 07 10 25 04 | 07
#0622-d96 @A: 22 30 08 07 | 12
#0623-d96 @A: 16 07 26 32 | 06
#0624-d96 @A: 07 35 27 26 | 11
#0625-d96 @A: 01 11 07 30 | 08
#0626-d96 @A: 27 07 12 02 | 09
#0627-d96 @A: 07 12 06 16 | 05
#0628-d96 @A: 07 23 34 27 | 01
#0629-d96 @A: 07 01 21 08 | 03
#0630-d96 @A: 03 11 17 07 | 10
#0631-d96 @A: 04 22 31 01 | 02
#0632-d96 @A: 05 31 22 28 | 04
#0633-d96 @A: 23 25 16 31 | 07
#0634-d96 @A: 11 29 31 24 | 12
#0635-d96 @A: 27 09 21 02 | 06
#0636-d96 @A: 05 34 09 02 | 11
#0637-d96 @A: 25 34 16 09 | 08
#0638-d96 @A: 24 09 12 29 | 09
#0639-d96 @A: 09 03 24 25 | 05
#0640-d96 @A: 08 09 17 29 | 01
#0641-d96 @A: 19 09 06 08 | 03
#0642-d96 @A: 09 06 01 25 | 10
#0643-d96 @A: 04 10 29 32 | 02
#0644-d96 @A: 08 35 04 27 | 04
#0645-d96 @A: 28 04 17 27 | 07
#0646-d96 @A: 25 14 04 28 | 12
#0647-d96 @A: 04 27 12 25 | 06
#0648-d96 @A: 27 01 29 04 | 11
#0649-d96 @A: 04 08 26 17 | 08
#0650-d96 @A: 20 17 04 06 | 09
#0651-d96 @A: 11 21 19 04 | 05
#0652-d96 @A: 22 16 03 30 | 01
#0653-d96 @A: 26 16 22 27 | 03
#0654-d96 @A: 21 16 34 22 | 10
#0655-d96 @A: 25 34 03 22 | 02
#0656-d96 @A: 25 10 22 20 | 04
#0657-d96 @A: 11 29 17 22 | 07
#0658-d96 @A: 14 22 11 21 | 12
#0659-d96 @A: 22 29 05 21 | 06
#0660-d96 @A: 35 08 21 32 | 11
#0661-d96 @A: 25 30 32 16 | 08
#0662-d96 @A: 27 32 08 02 | 09
#0663-d96 @A: 01 11 32 21 | 05
#0664-d96 @A: 32 06 05 26 | 01
#0665-d96 @A: 02 12 35 30 | 03
#0666-d96 @A: 35 27 30 19 | 10
#0667-d96 @A: 35 30 34 21 | 02
#0668-d96 @A: 25 35 02 29 | 04
#0669-d96 @A: 12 23 27 35 | 07
#0670-d96 @A: 05 24 19 35 | 12
#0671-d96 @A: 17 19 35 34 | 06
#0672-d96 @A: 20 23 29 35 | 11
#0673-d96 @A: 26 23 35 06 | 08
#0674-d96 @A: 17 21 35 14 | 09
#0675-d96 @A: 28 08 30 10 | 05
#0676-d96 @A: 30 06 11 08 | 01
#0677-d96 @A: 10 03 30 12 | 03
#0678-d96 @A: 05 03 30 20 | 10
#0679-d96 @A: 30 21 06 17 | 02
#0680-d96 @A: 05 30 21 14 | 04
#0681-d96 @A: 24 28 02 19 | 07
#0682-d96 @A: 11 28 02 10 | 12
#0683-d96 @A: 06 27 02 24 | 06
#0684-d96 @A: 06 20 02 01 | 11
#0685-d96 @A: 02 20 03 10 | 08
#0686-d96 @A: 28 03 27 06 | 09
#0687-d96 @A: 28 29 21 08 | 05
#0688-d96 @A: 29 03 11 28 | 01
#0689-d96 @A: 28 14 03 23 | 03
#0690-d96 @A: 12 16 14 05 | 10
#0691-d96 @A: 16 26 03 01 | 02
#0692-d96 @A: 05 11 12 27 | 04
#0693-d96 @A: 10 27 25 26 | 07
#0694-d96 @A: 20 26 19 27 | 12
#0695-d96 @A: 19 27 03 23 | 06
#0696-d96 @A: 19 24 23 08 | 11
#0697-d96 @A: 24 29 01 05 | 08
#0698-d96 @A: 10 24 23 11 | 09
#0699-d96 @A: 25 29 24 06 | 05
#0700-d96 @A: 24 06 23 17 | 01
#0701-d96 @A: 11 05 10 34 | 03
#0702-d96 @A: 10 06 34 17 | 10
#0703-d96 @A: 05 23 34 29 | 02
#0704-d96 @A: 01 25 23 08 | 04
#0705-d96 @A: 14 12 19 25 | 07
#0706-d96 @A: 24 15 33 26 | 12
#0707-d96 @A: 18 13 33 12 | 06
#0708-d96 @A: 01 13 30 33 | 11
#0709-d96 @A: 34 13 21 33 | 08
#0710-d96 @A: 33 26 19 13 | 09
#0711-d96 @A: 33 31 20 18 | 05
#0712-d96 @A: 33 07 04 26 | 01
#0713-d96 @A: 07 33 22 17 | 03
#0714-d96 @A: 12 32 31 33 | 10
#0715-d96 @A: 04 21 16 33 | 02
#0716-d96 @A: 21 03 22 33 | 04
#0717-d96 @A: 33 06 02 16 | 07
#0718-d96 @A: 26 34 33 02 | 12
#0719-d96 @A: 27 33 12 16 | 06
#0720-d96 @A: 33 16 25 24 | 11
#0721-d96 @A: 33 11 03 16 | 08
#0722-d96 @A: 27 33 14 05 | 09
#0723-d96 @A: 17 33 01 14 | 05
#0724-d96 @A: 21 24 18 15 | 01
#0725-d96 @A: 25 15 11 18 | 03
#0726-d96 @A: 18 15 23 06 | 10
#0727-d96 @A: 32 31 16 15 | 02
#0728-d96 @A: 15 23 34 09 | 04
#0729-d96 @A: 15 09 05 25 | 07
#0730-d96 @A: 20 22 15 32 | 12
#0731-d96 @A: 28 22 26 15 | 06
#0732-d96 @A: 15 22 23 16 | 11
#0733-d96 @A: 15 32 14 25 | 08
#0734-d96 @A: 14 15 03 27 | 09
#0735-d96 @A: 05 06 15 19 | 05
#0736-d96 @A: 13 18 32 16 | 01
#0737-d96 @A: 18 19 13 11 | 03
#0738-d96 @A: 17 07 35 13 | 10
#0739-d96 @A: 05 30 13 07 | 02
#0740-d96 @A: 13 34 07 10 | 04
#0741-d96 @A: 31 29 27 13 | 07
#0742-d96 @A: 31 34 08 13 | 12
#0743-d96 @A: 12 09 13 22 | 06
#0744-d96 @A: 13 09 32 06 | 11
#0745-d96 @A: 32 04 03 13 | 08
#0746-d96 @A: 04 24 11 13 | 09
#0747-d96 @A: 13 08 04 29 | 05
#0748-d96 @A: 20 13 22 24 | 01
#0749-d96 @A: 30 12 13 16 | 03
#0750-d96 @A: 27 02 23 13 | 10
#0751-d96 @A: 25 13 28 34 | 02
#0752-d96 @A: 13 26 10 20 | 04
#0753-d96 @A: 13 29 05 26 | 07
#0754-d96 @A: 01 09 07 18 | 12
#0755-d96 @A: 04 21 18 31 | 06
#0756-d96 @A: 20 25 18 31 | 11
#0757-d96 @A: 03 09 05 18 | 08
#0758-d96 @A: 06 28 22 18 | 09
#0759-d96 @A: 03 02 18 32 | 05
#0760-d96 @A: 18 02 30 01 | 01
#0761-d96 @A: 02 24 18 17 | 03
#0762-d96 @A: 18 11 21 05 | 10
#0763-d96 @A: 18 21 26 29 | 02
#0764-d96 @A: 04 05 01 07 | 04
#0765-d96 @A: 07 06 02 22 | 07
#0766-d96 @A: 19 07 32 30 | 12
#0767-d96 @A: 07 35 11 24 | 06
#0768-d96 @A: 17 34 16 07 | 11
#0769-d96 @A: 06 07 01 27 | 08
#0770-d96 @A: 10 08 19 07 | 09
#0771-d96 @A: 26 10 07 01 | 05
#0772-d96 @A: 11 20 06 07 | 01
#0773-d96 @A: 26 14 03 07 | 03
#0774-d96 @A: 31 34 26 09 | 10
#0775-d96 @A: 31 03 30 24 | 02
#0776-d96 @A: 06 31 28 16 | 04
#0777-d96 @A: 06 11 31 34 | 07
#0778-d96 @A: 12 31 10 23 | 12
#0779-d96 @A: 06 21 31 14 | 06
#0780-d96 @A: 04 09 06 24 | 11
#0781-d96 @A: 22 16 09 08 | 08
#0782-d96 @A: 12 09 34 30 | 09
#0783-d96 @A: 02 26 24 09 | 05
#0784-d96 @A: 01 05 11 09 | 01
#0785-d96 @A: 03 21 09 19 | 03
#0786-d96 @A: 09 25 14 21 | 10
#0787-d96 @A: 22 20 04 12 | 02
#0788-d96 @A: 01 32 35 04 | 04
#0789-d96 @A: 20 32 27 04 | 07
#0790-d96 @A: 02 05 08 04 | 12
#0791-d96 @A: 16 04 29 24 | 06
#0792-d96 @A: 34 04 05 27 | 11
#0793-d96 @A: 10 12 04 11 | 08
#0794-d96 @A: 23 04 29 19 | 09
#0795-d96 @A: 05 14 04 29 | 05
#0796-d96 @A: 26 04 06 19 | 01
#0797-d96 @A: 12 22 34 32 | 03
#0798-d96 @A: 34 35 26 22 | 10
#0799-d96 @A: 03 12 22 11 | 02
#0800-d96 @A: 22 23 19 26 | 04
#0801-d96 @A: 19 22 17 06 | 07
#0802-d96 @A: 35 27 32 11 | 12
#0803-d96 @A: 26 32 02 11 | 06
#0804-d96 @A: 28 32 16 03 | 11
#0805-d96 @A: 24 03 32 01 | 08
#0806-d96 @A: 20 06 08 32 | 09
#0807-d96 @A: 17 03 08 32 | 05
#0808-d96 @A: 23 32 29 12 | 01
#0809-d96 @A: 21 06 12 32 | 03
#0810-d96 @A: 03 10 26 32 | 10
#0811-d96 @A: 35 30 26 16 | 02
#0812-d96 @A: 02 06 03 35 | 04
#0813-d96 @A: 05 35 10 23 | 07
#0814-d96 @A: 17 11 30 12 | 12
#0815-d96 @A: 30 10 01 05 | 06
#0816-d96 @A: 01 26 29 30 | 11
#0817-d96 @A: 14 30 06 01 | 08
#0818-d96 @A: 30 21 19 20 | 09
#0819-d96 @A: 30 19 11 14 | 05
#0820-d96 @A: 29 17 19 30 | 01
#0821-d96 @A: 30 05 26 23 | 03
#0822-d96 @A: 03 14 30 17 | 10
#0823-d96 @A: 34 02 25 27 | 02
#0824-d96 @A: 20 02 21 24 | 04
#0825-d96 @A: 05 12 23 02 | 07
#0826-d96 @A: 01 25 06 02 | 12
#0827-d96 @A: 14 05 02 25 | 06
#0828-d96 @A: 16 24 28 34 | 11
#0829-d96 @A: 14 26 28 16 | 08
#0830-d96 @A: 08 01 28 17 | 09
#0831-d96 @A: 26 11 08 28 | 05
#0832-d96 @A: 16 34 29 27 | 01
#0833-d96 @A: 01 16 20 10 | 03
#0834-d96 @A: 10 14 25 16 | 10
#0835-d96 @A: 29 20 27 08 | 02
#0836-d96 @A: 23 06 27 20 | 04
#0837-d96 @A: 11 34 17 24 | 07
#0838-d96 @A: 34 24 26 14 | 12
#0839-d96 @A: 24 08 26 05 | 06
#0840-d96 @A: 34 12 10 14 | 11
#0841-d96 @A: 34 17 25 10 | 08
#0842-d96 @A: 29 26 34 06 | 09
#0843-d96 @A: 34 17 26 03 | 05
#0844-d96 @A: 29 12 21 25 | 01
#0845-d96 @A: 03 25 14 06 | 03
#0846-d96 @A: 01 19 15 33 | 10
#0847-d96 @A: 33 32 20 13 | 02
#0848-d96 @A: 33 13 26 25 | 04
#0849-d96 @A: 33 27 21 18 | 07
#0850-d96 @A: 31 07 29 33 | 12
#0851-d96 @A: 08 02 33 07 | 06
#0852-d96 @A: 33 20 07 27 | 11
#0853-d96 @A: 14 31 28 33 | 08
#0854-d96 @A: 30 33 25 09 | 09
#0855-d96 @A: 34 09 33 14 | 05
#0856-d96 @A: 26 20 33 09 | 01
#0857-d96 @A: 04 20 02 33 | 03
#0858-d96 @A: 33 24 04 19 | 10
#0859-d96 @A: 33 22 34 24 | 02
#0860-d96 @A: 06 08 22 33 | 04
#0861-d96 @A: 14 24 33 32 | 07
#0862-d96 @A: 29 33 30 20 | 12
#0863-d96 @A: 16 19 34 33 | 06
#0864-d96 @A: 01 33 16 29 | 11
#0865-d96 @A: 33 26 14 08 | 08
#0866-d96 @A: 12 13 07 15 | 09
#0867-d96 @A: 15 31 13 06 | 05
#0868-d96 @A: 03 25 15 13 | 01
#0869-d96 @A: 15 09 18 19 | 03
#0870-d96 @A: 15 20 18 30 | 10
#0871-d96 @A: 32 15 07 29 | 02
#0872-d96 @A: 24 15 31 14 | 04
#0873-d96 @A: 09 15 02 01 | 07
#0874-d96 @A: 01 15 24 04 | 12
#0875-d96 @A: 29 15 25 22 | 06
#0876-d96 @A: 15 27 29 02 | 11
#0877-d96 @A: 15 02 23 25 | 08
#0878-d96 @A: 27 15 20 24 | 09
#0879-d96 @A: 34 15 21 25 | 05
#0880-d96 @A: 08 21 15 19 | 01
#0881-d96 @A: 29 14 15 06 | 03
#0882-d96 @A: 13 07 01 16 | 10
#0883-d96 @A: 34 09 13 20 | 02
#0884-d96 @A: 16 13 28 04 | 04
#0885-d96 @A: 22 19 13 30 | 07
#0886-d96 @A: 28 22 13 21 | 12
#0887-d96 @A: 35 13 29 30 | 06
#0888-d96 @A: 34 05 28 13 | 11
#0889-d96 @A: 20 16 13 05 | 08
#0890-d96 @A: 08 14 13 17 | 09
#0891-d96 @A: 23 13 17 12 | 05
#0892-d96 @A: 29 10 25 13 | 01
#0893-d96 @A: 11 13 03 26 | 03
#0894-d96 @A: 18 07 11 31 | 10
#0895-d96 @A: 18 04 32 07 | 02
#0896-d96 @A: 30 09 26 18 | 04
#0897-d96 @A: 09 25 18 27 | 07
#0898-d96 @A: 18 28 32 10 | 12
#0899-d96 @A: 35 18 23 30 | 06
#0900-d96 @A: 11 14 35 18 | 11
#0901-d96 @A: 18 30 14 34 | 08
#0902-d96 @A: 28 01 24 18 | 09
#0903-d96 @A: 21 18 16 06 | 05
#0904-d96 @A: 23 08 18 29 | 01
#0905-d96 @A: 18 11 17 01 | 03
#0906-d96 @A: 01 29 19 18 | 10
#0907-d96 @A: 18 23 05 19 | 02
#0908-d96 @A: 07 09 32 12 | 04
#0909-d96 @A: 09 27 03 07 | 07
#0910-d96 @A: 07 27 32 10 | 12
#0911-d96 @A: 17 30 24 07 | 06
#0912-d96 @A: 29 14 30 07 | 11
#0913-d96 @A: 34 07 28 12 | 08
#0914-d96 @A: 05 11 07 16 | 09
#0915-d96 @A: 25 08 07 27 | 05
#0916-d96 @A: 07 14 01 20 | 01
#0917-d96 @A: 05 06 25 07 | 03
#0918-d96 @A: 11 22 09 31 | 10
#0919-d96 @A: 22 09 25 31 | 02
#0920-d96 @A: 28 09 31 03 | 04
#0921-d96 @A: 08 09 31 23 | 07
#0922-d96 @A: 23 35 04 31 | 12
#0923-d96 @A: 11 04 28 31 | 06
#0924-d96 @A: 16 29 31 22 | 11
#0925-d96 @A: 31 26 22 12 | 08
#0926-d96 @A: 26 25 31 22 | 09
#0927-d96 @A: 31 32 27 06 | 05
#0928-d96 @A: 24 17 31 35 | 01
#0929-d96 @A: 12 03 35 31 | 03
#0930-d96 @A: 31 16 12 21 | 10
#0931-d96 @A: 31 03 11 01 | 02
#0932-d96 @A: 30 04 21 09 | 04
#0933-d96 @A: 09 05 32 22 | 07
#0934-d96 @A: 17 09 23 30 | 12
#0935-d96 @A: 09 02 16 12 | 06
#0936-d96 @A: 28 26 27 09 | 11
#0937-d96 @A: 12 20 09 10 | 08
#0938-d96 @A: 19 20 09 23 | 09
#0939-d96 @A: 22 04 08 25 | 05
#0940-d96 @A: 32 25 04 05 | 01
#0941-d96 @A: 08 21 06 04 | 03
#0942-d96 @A: 01 04 12 26 | 10
#0943-d96 @A: 17 19 04 03 | 02
#0944-d96 @A: 35 28 22 32 | 04
#0945-d96 @A: 24 22 32 10 | 07
#0946-d96 @A: 23 24 35 22 | 12
#0947-d96 @A: 16 11 28 22 | 06
#0948-d96 @A: 22 20 28 17 | 11
#0949-d96 @A: 27 22 24 08 | 08
#0950-d96 @A: 14 01 22 05 | 09
#0951-d96 @A: 30 02 32 06 | 05
#0952-d96 @A: 23 24 32 02 | 01
#0953-d96 @A: 12 32 28 17 | 03
#0954-d96 @A: 27 23 32 25 | 10
#0955-d96 @A: 12 03 05 32 | 02
#0956-d96 @A: 03 30 08 35 | 04
#0957-d96 @A: 02 28 35 26 | 07
#0958-d96 @A: 35 12 16 01 | 12
#0959-d96 @A: 08 01 23 35 | 06
#0960-d96 @A: 11 17 35 08 | 11
#0961-d96 @A: 08 14 05 35 | 08
#0962-d96 @A: 10 19 26 35 | 09
#0963-d96 @A: 25 28 05 30 | 05
#0964-d96 @A: 01 27 23 30 | 01
#0965-d96 @A: 19 30 08 26 | 03
#0966-d96 @A: 03 19 16 02 | 10
#0967-d96 @A: 10 02 08 17 | 02
#0968-d96 @A: 12 29 01 02 | 04
#0969-d96 @A: 20 02 17 12 | 07
#0970-d96 @A: 21 02 05 06 | 12
#0971-d96 @A: 14 19 02 17 | 06
#0972-d96 @A: 28 05 16 29 | 11
#0973-d96 @A: 23 12 28 06 | 08
#0974-d96 @A: 28 10 03 01 | 09
#0975-d96 @A: 01 19 28 20 | 05
#0976-d96 @A: 20 21 23 28 | 01
#0977-d96 @A: 11 14 17 28 | 03
#0978-d96 @A: 12 16 10 08 | 10
#0979-d96 @A: 21 16 25 08 | 02
#0980-d96 @A: 27 08 19 11 | 04
#0981-d96 @A: 14 26 27 17 | 07
#0982-d96 @A: 01 08 20 24 | 12
#0983-d96 @A: 24 19 06 01 | 06
#0984-d96 @A: 24 10 03 06 | 11
#0985-d96 @A: 24 23 20 05 | 08
#0986-d96 @A: 11 14 24 05 | 09
#0987-d96 @A: 21 24 25 26 | 05
#0988-d96 @A: 20 01 34 29 | 01
#0989-d96 @A: 10 25 08 05 | 03
#0990-d96 @A: 23 11 25 03 | 10
#0991-d96 @A: 08 15 27 33 | 02
#0992-d96 @A: 13 33 22 14 | 04
#0993-d96 @A: 18 34 33 11 | 07
#0994-d96 @A: 31 23 02 33 | 12
#0995-d96 @A: 31 17 33 34 | 06
#0996-d96 @A: 33 28 12 04 | 11
#0997-d96 @A: 27 06 33 04 | 08
#0998-d96 @A: 35 33 19 22 | 09
#0999-d96 @A: 27 33 22 30 | 05
#1000-d96 @A: 22 16 10 33 | 01
#1001-d96 @A: 32 33 05 10 | 03
#1002-d96 @A: 02 33 11 24 | 10
#1003-d96 @A: 05 28 33 24 | 02
#1004-d96 @A: 33 25 28 08 | 04
#1005-d96 @A: 08 11 29 33 | 07
#1006-d96 @A: 33 26 06 01 | 12
#1007-d96 @A: 33 17 19 25 | 06
#1008-d96 @A: 21 26 05 33 | 11
#1009-d96 @A: 09 13 21 15 | 08
#1010-d96 @A: 15 26 18 07 | 09
#1011-d96 @A: 27 04 18 15 | 05
#1012-d96 @A: 05 28 15 18 | 01
#1013-d96 @A: 11 18 15 03 | 03
#1014-d96 @A: 16 15 26 09 | 10
#1015-d96 @A: 28 17 35 15 | 02
#1016-d96 @A: 08 16 35 15 | 04
#1017-d96 @A: 12 02 28 15 | 07
#1018-d96 @A: 15 28 34 10 | 12
#1019-d96 @A: 27 16 11 15 | 06
#1020-d96 @A: 34 15 16 20 | 11
#1021-d96 @A: 27 21 34 15 | 08
#1022-d96 @A: 29 34 12 15 | 09
#1023-d96 @A: 29 05 15 08 | 05
#1024-d96 @A: 15 17 08 06 | 01
#1025-d96 @A: 12 14 15 21 | 03
#1026-d96 @A: 20 15 05 01 | 10
#1027-d96 @A: 14 01 11 15 | 02
#1028-d96 @A: 13 09 18 14 | 04
#1029-d96 @A: 18 13 34 24 | 07
#1030-d96 @A: 31 21 13 07 | 12
#1031-d96 @A: 23 13 22 31 | 06
#1032-d96 @A: 13 12 31 28 | 11
#1033-d96 @A: 22 04 13 26 | 08
#1034-d96 @A: 02 04 01 13 | 09
#1035-d96 @A: 13 35 03 16 | 05
#1036-d96 @A: 24 23 30 13 | 01
#1037-d96 @A: 16 13 26 02 | 03
#1038-d96 @A: 13 23 01 26 | 10
#1039-d96 @A: 05 11 13 25 | 02
#1040-d96 @A: 13 03 06 29 | 04
#1041-d96 @A: 27 07 18 17 | 07
#1042-d96 @A: 07 18 23 12 | 12
#1043-d96 @A: 31 10 18 09 | 06
#1044-d96 @A: 28 18 31 29 | 11
#1045-d96 @A: 04 18 09 22 | 08
#1046-d96 @A: 18 29 09 16 | 09
#1047-d96 @A: 18 23 22 34 | 05
#1048-d96 @A: 14 29 18 22 | 01
#1049-d96 @A: 22 21 18 25 | 03
#1050-d96 @A: 35 18 16 19 | 10
#1051-d96 @A: 24 12 18 35 | 02
#1052-d96 @A: 02 16 28 18 | 04
#1053-d96 @A: 02 18 27 26 | 07
#1054-d96 @A: 25 18 02 08 | 12
#1055-d96 @A: 18 16 11 24 | 06
#1056-d96 @A: 18 12 25 10 | 11
#1057-d96 @A: 01 21 23 18 | 08
#1058-d96 @A: 17 18 10 19 | 09
#1059-d96 @A: 18 26 19 03 | 05
#1060-d96 @A: 07 31 19 23 | 01
#1061-d96 @A: 35 09 07 21 | 03
#1062-d96 @A: 07 09 14 24 | 10
#1063-d96 @A: 04 35 07 19 | 02
#1064-d96 @A: 34 07 35 01 | 04
#1065-d96 @A: 07 25 19 35 | 07
#1066-d96 @A: 07 28 30 27 | 12
#1067-d96 @A: 02 28 21 07 | 06
#1068-d96 @A: 07 05 02 24 | 11
#1069-d96 @A: 16 20 07 28 | 08
#1070-d96 @A: 24 28 07 08 | 09
#1071-d96 @A: 24 10 07 20 | 05
#1072-d96 @A: 20 21 34 07 | 01
#1073-d96 @A: 07 23 10 17 | 03
#1074-d96 @A: 31 04 08 24 | 10
#1075-d96 @A: 19 02 10 31 | 02
#1076-d96 @A: 17 01 25 31 | 04
#1077-d96 @A: 31 03 25 05 | 07
#1078-d96 @A: 17 27 22 09 | 12
#1079-d96 @A: 29 32 09 02 | 06
#1080-d96 @A: 34 09 32 10 | 11
#1081-d96 @A: 09 05 16 35 | 08
#1082-d96 @A: 35 09 24 34 | 09
#1083-d96 @A: 30 28 09 06 | 05
#1084-d96 @A: 09 16 30 11 | 01
#1085-d96 @A: 27 30 09 29 | 03
#1086-d96 @A: 24 19 09 30 | 10
#1087-d96 @A: 23 28 24 09 | 02
#1088-d96 @A: 10 05 09 28 | 04
#1089-d96 @A: 09 16 21 17 | 07
#1090-d96 @A: 09 21 14 08 | 12
#1091-d96 @A: 12 21 01 09 | 06
#1092-d96 @A: 01 06 03 09 | 11
#1093-d96 @A: 09 21 10 06 | 08
#1094-d96 @A: 21 23 09 29 | 09
#1095-d96 @A: 19 14 32 04 | 05
#1096-d96 @A: 04 02 26 30 | 01
#1097-d96 @A: 04 24 28 26 | 03
#1098-d96 @A: 08 10 04 03 | 10
#1099-d96 @A: 05 04 21 12 | 02
#1100-d96 @A: 10 14 04 26 | 04
#1101-d96 @A: 05 04 11 03 | 07
#1102-d96 @A: 04 17 25 11 | 12
#1103-d96 @A: 04 21 17 29 | 06
#1104-d96 @A: 03 35 22 14 | 11
#1105-d96 @A: 02 11 22 25 | 08
#1106-d96 @A: 06 22 24 11 | 09
#1107-d96 @A: 17 08 12 22 | 05
#1108-d96 @A: 01 26 22 08 | 01
#1109-d96 @A: 22 03 23 06 | 03
#1110-d96 @A: 23 05 22 17 | 10
#1111-d96 @A: 32 30 16 10 | 02
#1112-d96 @A: 32 27 24 05 | 04
#1113-d96 @A: 32 27 34 26 | 07
#1114-d96 @A: 08 32 23 14 | 12
#1115-d96 @A: 32 26 17 01 | 06
#1116-d96 @A: 20 10 21 32 | 11
#1117-d96 @A: 17 32 11 20 | 08
#1118-d96 @A: 14 25 35 17 | 09
#1119-d96 @A: 29 21 16 30 | 05
#1120-d96 @A: 06 05 30 24 | 01
#1121-d96 @A: 21 25 17 30 | 03
#1122-d96 @A: 24 10 25 02 | 10
#1123-d96 @A: 34 21 02 14 | 02
#1124-d96 @A: 02 21 12 08 | 04
#1125-d96 @A: 11 03 08 02 | 07
#1126-d96 @A: 20 02 23 14 | 12
#1127-d96 @A: 06 14 11 02 | 06
#1128-d96 @A: 08 28 19 03 | 11
#1129-d96 @A: 20 25 28 01 | 08
#1130-d96 @A: 26 03 20 28 | 09
#1131-d96 @A: 05 14 19 28 | 05
#1132-d96 @A: 24 16 01 27 | 01
#1133-d96 @A: 08 17 23 16 | 03
#1134-d96 @A: 06 08 16 26 | 10
#1135-d96 @A: 26 19 05 16 | 02
#1136-d96 @A: 01 11 10 27 | 04
#1137-d96 @A: 01 27 25 29 | 07
#1138-d96 @A: 14 27 29 10 | 12
#1139-d96 @A: 06 10 19 27 | 06
#1140-d96 @A: 29 10 08 24 | 11
#1141-d96 @A: 24 03 14 08 | 08
#1142-d96 @A: 12 11 24 20 | 09
#1143-d96 @A: 24 19 26 21 | 05
#1144-d96 @A: 19 34 08 25 | 01
#1145-d96 @A: 26 01 14 25 | 03
#1146-d96 @A: 33 14 07 15 | 10
#1147-d96 @A: 33 31 13 10 | 02
#1148-d96 @A: 13 33 24 29 | 04
#1149-d96 @A: 18 06 25 33 | 07
#1150-d96 @A: 07 33 12 35 | 12
#1151-d96 @A: 01 33 05 31 | 06
#1152-d96 @A: 14 25 33 31 | 11
#1153-d96 @A: 09 03 33 10 | 08
#1154-d96 @A: 04 33 08 32 | 09
#1155-d96 @A: 06 33 34 30 | 05
#1156-d96 @A: 10 22 18 15 | 01
#1157-d96 @A: 04 15 31 17 | 03
#1158-d96 @A: 20 31 23 15 | 10
#1159-d96 @A: 04 11 34 15 | 02
#1160-d96 @A: 17 22 14 15 | 04
#1161-d96 @A: 15 32 27 28 | 07
#1162-d96 @A: 32 14 34 15 | 12
#1163-d96 @A: 02 15 23 35 | 06
#1164-d96 @A: 15 21 26 30 | 11
#1165-d96 @A: 15 28 16 21 | 08
#1166-d96 @A: 15 14 20 08 | 09
#1167-d96 @A: 18 13 22 05 | 05
#1168-d96 @A: 22 13 11 07 | 01
#1169-d96 @A: 31 16 17 13 | 03
#1170-d96 @A: 09 13 29 28 | 10
#1171-d96 @A: 13 32 22 29 | 02
#1172-d96 @A: 13 03 22 27 | 04
#1173-d96 @A: 13 08 32 24 | 07
#1174-d96 @A: 12 13 26 32 | 12
#1175-d96 @A: 26 28 30 13 | 06
#1176-d96 @A: 13 30 21 08 | 11
#1177-d96 @A: 28 27 10 13 | 08
#1178-d96 @A: 14 13 01 24 | 09
#1179-d96 @A: 10 11 17 13 | 05
#1180-d96 @A: 23 13 11 06 | 01
#1181-d96 @A: 19 13 14 23 | 03
#1182-d96 @A: 06 13 19 25 | 10
#1183-d96 @A: 18 07 22 03 | 02
#1184-d96 @A: 07 18 21 30 | 04
#1185-d96 @A: 16 10 07 18 | 07
#1186-d96 @A: 26 31 32 18 | 12
#1187-d96 @A: 20 28 18 09 | 06
#1188-d96 @A: 27 11 28 18 | 11
#1189-d96 @A: 27 18 03 29 | 08
#1190-d96 @A: 01 05 08 18 | 09
#1191-d96 @A: 08 21 18 17 | 05
#1192-d96 @A: 01 18 06 12 | 01
#1193-d96 @A: 14 18 10 21 | 03
#1194-d96 @A: 05 06 18 20 | 10
#1195-d96 @A: 07 16 30 31 | 02
#1196-d96 @A: 04 09 29 07 | 04
#1197-d96 @A: 20 30 09 07 | 07
#1198-d96 @A: 34 09 08 07 | 12
#1199-d96 @A: 24 07 22 26 | 06
#1200-d96 @A: 17 07 06 32 | 11
#1201-d96 @A: 35 07 14 02 | 08
#1202-d96 @A: 26 07 34 30 | 09
#1203-d96 @A: 08 07 29 16 | 05
#1204-d96 @A: 34 25 07 20 | 01
#1205-d96 @A: 20 12 05 07 | 03
#1206-d96 @A: 20 19 29 07 | 10
#1207-d96 @A: 07 25 26 11 | 02
#1208-d96 @A: 29 03 07 05 | 04
#1209-d96 @A: 27 04 31 26 | 07
#1210-d96 @A: 32 31 30 29 | 12
#1211-d96 @A: 02 21 35 31 | 06
#1212-d96 @A: 35 29 34 31 | 11
#1213-d96 @A: 27 14 02 31 | 08
#1214-d96 @A: 28 21 27 31 | 09
#1215-d96 @A: 27 10 31 03 | 05
#1216-d96 @A: 12 11 08 31 | 01
#1217-d96 @A: 01 29 31 08 | 03
#1218-d96 @A: 08 06 25 31 | 10
#1219-d96 @A: 21 08 31 03 | 02
#1220-d96 @A: 26 31 19 01 | 04
#1221-d96 @A: 29 23 31 26 | 07
#1222-d96 @A: 29 31 19 25 | 12
#1223-d96 @A: 34 09 04 01 | 06
#1224-d96 @A: 19 09 25 04 | 11
#1225-d96 @A: 02 32 25 09 | 08
#1226-d96 @A: 32 09 27 01 | 09
#1227-d96 @A: 12 35 28 09 | 05
#1228-d96 @A: 08 02 28 09 | 01
#1229-d96 @A: 28 09 34 17 | 03
#1230-d96 @A: 11 34 09 29 | 10
#1231-d96 @A: 23 03 12 09 | 02
#1232-d96 @A: 25 26 23 09 | 04
#1233-d96 @A: 24 17 22 04 | 07
#1234-d96 @A: 04 05 30 16 | 12
#1235-d96 @A: 24 34 02 04 | 06
#1236-d96 @A: 02 12 06 04 | 11
#1237-d96 @A: 08 34 16 04 | 08
#1238-d96 @A: 04 06 16 25 | 09
#1239-d96 @A: 04 27 12 14 | 05
#1240-d96 @A: 04 25 01 03 | 01
#1241-d96 @A: 21 23 25 04 | 03
#1242-d96 @A: 35 17 16 22 | 10
#1243-d96 @A: 20 22 30 34 | 02
#1244-d96 @A: 01 17 30 22 | 04
#1245-d96 @A: 28 34 22 29 | 07
#1246-d96 @A: 16 22 12 24 | 12
#1247-d96 @A: 34 22 06 05 | 06
#1248-d96 @A: 30 17 32 35 | 11
#1249-d96 @A: 32 12 27 30 | 08
#1250-d96 @A: 28 24 29 32 | 09
#1251-d96 @A: 20 01 23 32 | 05
#1252-d96 @A: 10 06 32 23 | 01
#1253-d96 @A: 08 02 35 24 | 03
#1254-d96 @A: 34 35 16 11 | 10
#1255-d96 @A: 19 08 12 35 | 02
#1256-d96 @A: 01 17 06 35 | 04
#1257-d96 @A: 11 25 35 20 | 07
#1258-d96 @A: 35 05 11 26 | 12
#1259-d96 @A: 06 35 21 25 | 06
#1260-d96 @A: 02 24 10 30 | 11
#1261-d96 @A: 25 03 02 30 | 08
#1262-d96 @A: 08 30 12 29 | 09
#1263-d96 @A: 17 02 16 27 | 05
#1264-d96 @A: 01 10 23 02 | 01
#1265-d96 @A: 12 05 26 28 | 03
#1266-d96 @A: 06 28 26 25 | 10
#1267-d96 @A: 19 17 21 28 | 02
#1268-d96 @A: 16 24 23 26 | 04
#1269-d96 @A: 03 17 16 12 | 07
#1270-d96 @A: 01 16 19 11 | 12
#1271-d96 @A: 16 23 06 19 | 06
#1272-d96 @A: 19 12 01 27 | 11
#1273-d96 @A: 24 10 01 34 | 08
#1274-d96 @A: 06 14 12 24 | 09
#1275-d96 @A: 26 24 12 17 | 05
#1276-d96 @A: 24 01 17 21 | 01
#1277-d96 @A: 14 25 20 24 | 03
#1278-d96 @A: 11 23 12 34 | 10
#1279-d96 @A: 25 19 01 10 | 02
#1280-d96 @A: 12 15 09 33 | 04
#1281-d96 @A: 11 27 13 33 | 07
#1282-d96 @A: 06 18 09 33 | 12
#1283-d96 @A: 04 33 29 35 | 06
#1284-d96 @A: 33 16 35 32 | 11
#1285-d96 @A: 25 32 10 33 | 08
#1286-d96 @A: 10 35 33 24 | 09
#1287-d96 @A: 21 33 30 28 | 05
#1288-d96 @A: 29 26 27 33 | 01
#1289-d96 @A: 17 33 08 24 | 03
#1290-d96 @A: 33 08 12 34 | 10
#1291-d96 @A: 21 33 20 08 | 02
#1292-d96 @A: 23 03 08 33 | 04
#1293-d96 @A: 19 23 12 33 | 07
#1294-d96 @A: 25 21 33 01 | 12
#1295-d96 @A: 29 33 19 06 | 06
#1296-d96 @A: 14 03 33 19 | 11
#1297-d96 @A: 13 32 15 23 | 08
#1298-d96 @A: 18 12 32 15 | 09
#1299-d96 @A: 17 15 34 18 | 05
#1300-d96 @A: 07 15 10 30 | 01
#1301-d96 @A: 17 15 07 02 | 03
#1302-d96 @A: 16 03 07 15 | 10
#1303-d96 @A: 07 23 15 24 | 02
#1304-d96 @A: 31 24 25 15 | 04
#1305-d96 @A: 09 03 17 15 | 07
#1306-d96 @A: 15 04 21 32 | 12
#1307-d96 @A: 15 22 08 34 | 06
#1308-d96 @A: 22 19 15 03 | 11
#1309-d96 @A: 15 01 30 32 | 08
#1310-d96 @A: 32 15 02 05 | 09
#1311-d96 @A: 32 10 15 17 | 05
#1312-d96 @A: 11 29 19 15 | 01
#1313-d96 @A: 06 15 21 03 | 03
#1314-d96 @A: 14 26 05 15 | 10
#1315-d96 @A: 31 03 18 13 | 02
#1316-d96 @A: 18 02 13 21 | 04
#1317-d96 @A: 07 20 13 04 | 07
#1318-d96 @A: 13 14 07 27 | 12
#1319-d96 @A: 28 13 35 19 | 06
#1320-d96 @A: 35 20 13 12 | 11
#1321-d96 @A: 13 19 17 01 | 08
#1322-d96 @A: 25 07 18 16 | 09
#1323-d96 @A: 18 24 06 07 | 05
#1324-d96 @A: 18 24 23 31 | 01
#1325-d96 @A: 05 34 31 18 | 03
#1326-d96 @A: 14 08 18 31 | 10
#1327-d96 @A: 23 18 02 09 | 02
#1328-d96 @A: 34 09 18 21 | 04
#1329-d96 @A: 35 18 03 34 | 07
#1330-d96 @A: 12 02 11 18 | 12
#1331-d96 @A: 29 05 18 02 | 06
#1332-d96 @A: 06 18 19 02 | 11
#1333-d96 @A: 28 18 23 17 | 08
#1334-d96 @A: 18 27 16 05 | 09
#1335-d96 @A: 06 27 18 34 | 05
#1336-d96 @A: 34 10 20 18 | 01
#1337-d96 @A: 20 18 21 03 | 03
#1338-d96 @A: 25 18 14 23 | 10
#1339-d96 @A: 20 22 07 31 | 02
#1340-d96 @A: 29 09 25 07 | 04
#1341-d96 @A: 07 04 12 30 | 07
#1342-d96 @A: 34 22 19 07 | 12
#1343-d96 @A: 25 14 07 22 | 06
#1344-d96 @A: 35 28 03 07 | 11
#1345-d96 @A: 12 07 26 11 | 08
#1346-d96 @A: 29 07 17 01 | 09
#1347-d96 @A: 07 10 05 06 | 05
#1348-d96 @A: 11 29 21 07 | 01
#1349-d96 @A: 07 19 21 05 | 03
#1350-d96 @A: 03 32 31 22 | 10
#1351-d96 @A: 31 06 22 30 | 02
#1352-d96 @A: 01 31 28 35 | 04
#1353-d96 @A: 27 20 01 31 | 07
#1354-d96 @A: 27 31 17 11 | 12
#1355-d96 @A: 17 31 10 01 | 06
#1356-d96 @A: 29 31 10 05 | 11
#1357-d96 @A: 06 31 10 26 | 08
#1358-d96 @A: 23 04 27 09 | 09
#1359-d96 @A: 01 35 26 09 | 05
#1360-d96 @A: 11 24 09 27 | 01
#1361-d96 @A: 09 29 14 01 | 03
#1362-d96 @A: 25 09 10 11 | 10
#1363-d96 @A: 11 23 26 09 | 02
#1364-d96 @A: 16 19 04 22 | 04
#1365-d96 @A: 04 35 30 10 | 07
#1366-d96 @A: 35 05 28 04 | 12
#1367-d96 @A: 14 04 08 30 | 06
#1368-d96 @A: 04 23 21 02 | 11
#1369-d96 @A: 04 27 10 24 | 08
#1370-d96 @A: 03 20 04 01 | 09
#1371-d96 @A: 26 11 04 29 | 05
#1372-d96 @A: 06 03 04 14 | 01
#1373-d96 @A: 35 10 22 21 | 03
#1374-d96 @A: 22 25 27 30 | 10
#1375-d96 @A: 27 20 22 02 | 02
#1376-d96 @A: 22 11 34 27 | 04
#1377-d96 @A: 23 22 21 08 | 07
#1378-d96 @A: 06 10 22 01 | 12
#1379-d96 @A: 32 02 20 34 | 06
#1380-d96 @A: 25 32 29 08 | 11
#1381-d96 @A: 06 25 32 20 | 08
#1382-d96 @A: 26 14 20 32 | 09
#1383-d96 @A: 32 23 19 17 | 05
#1384-d96 @A: 32 21 03 25 | 01
#1385-d96 @A: 28 35 30 14 | 03
#1386-d96 @A: 30 26 35 25 | 10
#1387-d96 @A: 34 35 02 10 | 02
#1388-d96 @A: 24 35 28 20 | 04
#1389-d96 @A: 10 12 35 17 | 07
#1390-d96 @A: 03 20 35 19 | 12
#1391-d96 @A: 21 20 05 35 | 06
#1392-d96 @A: 23 35 17 03 | 11
#1393-d96 @A: 20 30 16 02 | 08
#1394-d96 @A: 16 23 30 28 | 09
#1395-d96 @A: 16 06 30 27 | 05
#1396-d96 @A: 34 10 30 27 | 01
#1397-d96 @A: 05 19 30 34 | 03
#1398-d96 @A: 30 05 17 08 | 10
#1399-d96 @A: 30 01 20 12 | 02
#1400-d96 @A: 12 14 30 26 | 04
#1401-d96 @A: 30 19 23 10 | 07
#1402-d96 @A: 30 26 10 17 | 12
#1403-d96 @A: 06 25 30 11 | 06
#1404-d96 @A: 28 17 02 03 | 11
#1405-d96 @A: 16 34 02 23 | 08
#1406-d96 @A: 08 16 02 01 | 09
#1407-d96 @A: 17 02 23 29 | 05
#1408-d96 @A: 14 28 20 10 | 01
#1409-d96 @A: 23 26 10 28 | 03
#1410-d96 @A: 28 11 21 25 | 10
#1411-d96 @A: 10 29 03 16 | 02
#1412-d96 @A: 06 27 08 12 | 04
#1413-d96 @A: 19 03 27 25 | 07
#1414-d96 @A: 24 08 34 06 | 12
#1415-d96 @A: 20 24 03 34 | 06
#1416-d96 @A: 24 34 19 29 | 11
#1417-d96 @A: 21 24 08 11 | 08
#1418-d96 @A: 19 12 10 24 | 09
#1419-d96 @A: 01 24 11 26 | 05
#1420-d96 @A: 19 24 20 14 | 01
#1421-d96 @A: 10 08 34 23 | 03
#1422-d96 @A: 20 34 12 26 | 10
#1423-d96 @A: 03 34 06 12 | 02
#1424-d96 @A: 23 34 01 19 | 04
#1425-d96 @A: 34 01 05 26 | 07
#1426-d96 @A: 34 03 11 21 | 12
#1427-d96 @A: 14 03 34 05 | 06
#1428-d96 @A: 23 10 25 06 | 11
#1429-d96 @A: 19 21 10 25 | 08
#1430-d96 @A: 29 25 03 17 | 09
#1431-d96 @A: 33 16 05 15 | 05
#1432-d96 @A: 15 34 33 03 | 01
#1433-d96 @A: 33 19 18 07 | 03
#1434-d96 @A: 22 33 26 18 | 10
#1435-d96 @A: 18 14 33 02 | 02
#1436-d96 @A: 16 18 23 33 | 04
#1437-d96 @A: 33 24 03 18 | 07
#1438-d96 @A: 33 32 21 07 | 12
#1439-d96 @A: 33 25 07 02 | 06
#1440-d96 @A: 28 33 10 07 | 11
#1441-d96 @A: 33 11 23 07 | 08
#1442-d96 @A: 16 33 31 26 | 09
#1443-d96 @A: 22 33 25 23 | 05
#1444-d96 @A: 27 03 33 32 | 01
#1445-d96 @A: 06 28 33 35 | 03
#1446-d96 @A: 20 35 34 33 | 10
#1447-d96 @A: 26 11 33 30 | 02
#1448-d96 @A: 29 05 12 33 | 04
#1449-d96 @A: 10 14 06 33 | 07
#1450-d96 @A: 25 33 03 10 | 12
#1451-d96 @A: 01 15 22 13 | 06
#1452-d96 @A: 15 20 02 13 | 11
#1453-d96 @A: 15 34 06 07 | 08
#1454-d96 @A: 15 07 17 25 | 09
#1455-d96 @A: 21 15 31 10 | 05
#1456-d96 @A: 15 14 28 09 | 01
#1457-d96 @A: 19 04 20 15 | 03
#1458-d96 @A: 30 02 08 15 | 10
#1459-d96 @A: 30 28 15 29 | 02
#1460-d96 @A: 30 15 34 24 | 04
#1461-d96 @A: 01 27 26 15 | 07
#1462-d96 @A: 12 15 03 20 | 12
#1463-d96 @A: 15 01 17 23 | 06
#1464-d96 @A: 17 29 26 15 | 11
#1465-d96 @A: 13 02 32 07 | 08
#1466-d96 @A: 26 08 13 07 | 09
#1467-d96 @A: 24 13 31 26 | 05
#1468-d96 @A: 09 05 24 13 | 01
#1469-d96 @A: 04 21 13 35 | 03
#1470-d96 @A: 04 34 13 06 | 10
#1471-d96 @A: 13 08 22 35 | 02
#1472-d96 @A: 14 32 13 30 | 04
#1473-d96 @A: 34 23 35 13 | 07
#1474-d96 @A: 25 13 02 20 | 12
#1475-d96 @A: 14 13 03 10 | 06
#1476-d96 @A: 17 03 13 21 | 11
#1477-d96 @A: 06 31 35 18 | 08
#1478-d96 @A: 04 20 35 18 | 09
#1479-d96 @A: 18 19 04 34 | 05
#1480-d96 @A: 30 22 18 11 | 01
#1481-d96 @A: 35 18 32 29 | 03
#1482-d96 @A: 27 10 35 18 | 10
#1483-d96 @A: 23 26 18 14 | 02
#1484-d96 @A: 01 07 32 31 | 04
#1485-d96 @A: 35 07 31 10 | 07
#1486-d96 @A: 07 31 12 24 | 12
#1487-d96 @A: 28 07 09 22 | 06
#1488-d96 @A: 04 34 03 07 | 11
#1489-d96 @A: 22 16 14 07 | 08
#1490-d96 @A: 32 07 35 05 | 09
#1491-d96 @A: 07 23 35 16 | 05
#1492-d96 @A: 29 27 07 24 | 01
#1493-d96 @A: 07 03 25 21 | 03
#1494-d96 @A: 09 04 31 12 | 10
#1495-d96 @A: 31 09 06 02 | 02
#1496-d96 @A: 09 20 31 24 | 04
#1497-d96 @A: 20 04 34 31 | 07
#1498-d96 @A: 31 22 08 02 | 12
#1499-d96 @A: 31 32 28 23 | 06
#1500-d96 @A: 14 16 35 31 | 11
#1501-d96 @A: 27 05 31 30 | 08
#1502-d96 @A: 31 34 30 23 | 09
#1503-d96 @A: 31 10 30 14 | 05
#1504-d96 @A: 31 02 34 12 | 01
#1505-d96 @A: 03 20 31 17 | 03
#1506-d96 @A: 32 26 09 04 | 10
#1507-d96 @A: 11 02 09 04 | 02
#1508-d96 @A: 20 09 04 08 | 04
#1509-d96 @A: 10 35 14 09 | 07
#1510-d96 @A: 01 28 16 09 | 12
#1511-d96 @A: 10 08 11 09 | 06
#1512-d96 @A: 11 09 21 20 | 11
#1513-d96 @A: 09 14 05 23 | 08
#1514-d96 @A: 11 04 35 22 | 09
#1515-d96 @A: 04 17 34 32 | 05
#1516-d96 @A: 30 04 28 01 | 01
#1517-d96 @A: 10 19 04 05 | 03
#1518-d96 @A: 03 21 04 26 | 10
#1519-d96 @A: 21 17 22 32 | 02
#1520-d96 @A: 22 01 34 02 | 04
#1521-d96 @A: 22 28 24 25 | 07
#1522-d96 @A: 10 19 28 22 | 12
#1523-d96 @A: 12 22 27 10 | 06
#1524-d96 @A: 01 12 25 22 | 11
#1525-d96 @A: 11 26 22 10 | 08
#1526-d96 @A: 14 22 26 06 | 09
#1527-d96 @A: 32 24 26 35 | 05
#1528-d96 @A: 32 24 25 35 | 01
#1529-d96 @A: 24 30 32 21 | 03
#1530-d96 @A: 23 05 32 11 | 10
#1531-d96 @A: 06 32 03 11 | 02
#1532-d96 @A: 16 29 02 35 | 04
#1533-d96 @A: 16 28 10 35 | 07
#1534-d96 @A: 35 29 27 28 | 12
#1535-d96 @A: 06 35 21 27 | 06
#1536-d96 @A: 03 12 35 25 | 11
#1537-d96 @A: 02 27 11 30 | 08
#1538-d96 @A: 30 16 24 08 | 09
#1539-d96 @A: 27 30 03 21 | 05
#1540-d96 @A: 08 20 30 23 | 01
#1541-d96 @A: 29 30 06 23 | 03
#1542-d96 @A: 19 25 02 28 | 10
#1543-d96 @A: 34 01 14 28 | 02
#1544-d96 @A: 11 01 28 12 | 04
#1545-d96 @A: 23 29 01 28 | 07
#1546-d96 @A: 05 06 28 01 | 12
#1547-d96 @A: 28 26 01 21 | 06
#1548-d96 @A: 05 28 21 03 | 11
#1549-d96 @A: 25 16 17 12 | 08
#1550-d96 @A: 11 16 06 10 | 09
#1551-d96 @A: 14 20 03 16 | 05
#1552-d96 @A: 20 16 03 25 | 01
#1553-d96 @A: 20 19 16 17 | 03
#1554-d96 @A: 14 27 01 08 | 10
#1555-d96 @A: 27 21 10 08 | 02
#1556-d96 @A: 17 01 03 27 | 04
#1557-d96 @A: 03 20 11 27 | 07
#1558-d96 @A: 21 26 11 27 | 12
#1559-d96 @A: 17 27 06 05 | 06
#1560-d96 @A: 05 24 12 34 | 11
#1561-d96 @A: 17 29 20 24 | 08
#1562-d96 @A: 29 23 24 14 | 09
#1563-d96 @A: 29 26 24 03 | 05
#1564-d96 @A: 24 25 05 19 | 01
#1565-d96 @A: 08 20 05 34 | 03
#1566-d96 @A: 34 08 29 03 | 10
#1567-d96 @A: 12 34 21 19 | 02
#1568-d96 @A: 21 10 29 34 | 04
#1569-d96 @A: 11 14 34 20 | 07
#1570-d96 @A: 12 15 33 25 | 12
#1571-d96 @A: 15 10 33 11 | 06
#1572-d96 @A: 13 05 33 23 | 11
#1573-d96 @A: 35 33 11 31 | 08
#1574-d96 @A: 09 19 33 32 | 09
#1575-d96 @A: 33 09 01 23 | 05
#1576-d96 @A: 10 04 33 34 | 01
#1577-d96 @A: 35 33 27 17 | 03
#1578-d96 @A: 28 27 33 19 | 10
#1579-d96 @A: 03 12 33 01 | 02
#1580-d96 @A: 03 33 29 17 | 04
#1581-d96 @A: 14 29 21 33 | 07
#1582-d96 @A: 15 05 27 13 | 12
#1583-d96 @A: 16 18 14 15 | 06
#1584-d96 @A: 04 15 07 08 | 11
#1585-d96 @A: 15 31 08 28 | 08
#1586-d96 @A: 09 30 15 22 | 09
#1587-d96 @A: 32 09 15 08 | 05
#1588-d96 @A: 09 06 15 20 | 01
#1589-d96 @A: 29 22 15 04 | 03
#1590-d96 @A: 15 28 04 03 | 10
#1591-d96 @A: 16 04 15 12 | 02
#1592-d96 @A: 03 15 32 35 | 04
#1593-d96 @A: 29 35 24 15 | 07
#1594-d96 @A: 25 15 28 10 | 12
#1595-d96 @A: 21 01 29 15 | 06
#1596-d96 @A: 19 25 15 20 | 11
#1597-d96 @A: 04 13 18 23 | 08
#1598-d96 @A: 17 29 18 13 | 09
#1599-d96 @A: 09 11 35 13 | 05
#1600-d96 @A: 06 22 13 16 | 01
#1601-d96 @A: 13 25 08 35 | 03
#1602-d96 @A: 11 13 34 30 | 10
#1603-d96 @A: 06 02 13 17 | 02
#1604-d96 @A: 13 16 27 19 | 04
#1605-d96 @A: 13 25 21 27 | 07
#1606-d96 @A: 03 12 08 13 | 12
#1607-d96 @A: 13 08 06 01 | 06
#1608-d96 @A: 13 08 11 20 | 11
#1609-d96 @A: 13 06 05 14 | 08
#1610-d96 @A: 19 05 13 03 | 09
#1611-d96 @A: 07 18 34 29 | 05
#1612-d96 @A: 07 14 18 05 | 01
#1613-d96 @A: 18 11 04 08 | 03
#1614-d96 @A: 20 18 22 16 | 10
#1615-d96 @A: 17 16 18 30 | 02
#1616-d96 @A: 18 02 08 34 | 04
#1617-d96 @A: 08 18 12 26 | 07
#1618-d96 @A: 12 20 18 29 | 12
#1619-d96 @A: 10 18 23 03 | 06
#1620-d96 @A: 08 07 27 31 | 11
#1621-d96 @A: 05 07 27 22 | 08
#1622-d96 @A: 12 07 22 01 | 09
#1623-d96 @A: 07 14 28 32 | 05
#1624-d96 @A: 07 20 03 32 | 01
#1625-d96 @A: 26 29 02 07 | 03
#1626-d96 @A: 06 28 07 29 | 10
#1627-d96 @A: 10 14 11 07 | 02
#1628-d96 @A: 32 09 31 14 | 04
#1629-d96 @A: 04 30 19 31 | 07
#1630-d96 @A: 22 35 27 31 | 12
#1631-d96 @A: 31 34 21 32 | 06
#1632-d96 @A: 31 06 05 08 | 11
#1633-d96 @A: 12 31 01 14 | 08
#1634-d96 @A: 31 11 21 23 | 09
#1635-d96 @A: 11 19 31 05 | 05
#1636-d96 @A: 06 17 31 29 | 01
#1637-d96 @A: 17 21 31 26 | 03
#1638-d96 @A: 09 22 19 02 | 10
#1639-d96 @A: 35 19 09 29 | 02
#1640-d96 @A: 08 03 26 09 | 04
#1641-d96 @A: 29 09 10 26 | 07
#1642-d96 @A: 06 22 32 04 | 12
#1643-d96 @A: 22 14 04 34 | 06
#1644-d96 @A: 04 32 30 11 | 11
#1645-d96 @A: 25 24 02 04 | 08
#1646-d96 @A: 04 16 01 17 | 09
#1647-d96 @A: 24 04 03 23 | 05
#1648-d96 @A: 04 23 34 26 | 01
#1649-d96 @A: 32 22 27 19 | 03
#1650-d96 @A: 12 30 22 28 | 10
#1651-d96 @A: 30 10 29 22 | 02
#1652-d96 @A: 28 23 02 22 | 04
#1653-d96 @A: 23 27 29 22 | 07
#1654-d96 @A: 23 11 22 01 | 12
#1655-d96 @A: 19 22 20 11 | 06
#1656-d96 @A: 35 06 32 34 | 11
#1657-d96 @A: 10 12 02 32 | 08
#1658-d96 @A: 32 06 19 28 | 09
#1659-d96 @A: 32 16 05 34 | 05
#1660-d96 @A: 08 19 16 32 | 01
#1661-d96 @A: 12 08 01 32 | 03
#1662-d96 @A: 29 08 26 32 | 10
#1663-d96 @A: 32 05 29 20 | 02
#1664-d96 @A: 17 14 32 05 | 04
#1665-d96 @A: 02 05 27 35 | 07
#1666-d96 @A: 35 03 27 24 | 12
#1667-d96 @A: 35 10 08 20 | 06
#1668-d96 @A: 35 14 19 01 | 11
#1669-d96 @A: 05 02 28 30 | 08
#1670-d96 @A: 28 11 24 30 | 09
#1671-d96 @A: 24 25 01 30 | 05
#1672-d96 @A: 17 30 08 25 | 01
#1673-d96 @A: 27 03 02 34 | 03
#1674-d96 @A: 26 02 20 08 | 10
#1675-d96 @A: 02 21 03 01 | 02
#1676-d96 @A: 29 20 02 11 | 04
#1677-d96 @A: 08 06 14 28 | 07
#1678-d96 @A: 25 12 11 28 | 12
#1679-d96 @A: 10 29 17 28 | 06
#1680-d96 @A: 06 21 28 11 | 11
#1681-d96 @A: 05 16 08 21 | 08
#1682-d96 @A: 05 01 25 16 | 09
#1683-d96 @A: 27 26 23 08 | 05
#1684-d96 @A: 17 10 27 20 | 01
#1685-d96 @A: 01 21 34 06 | 03
#1686-d96 @A: 20 34 23 17 | 10
#1687-d96 @A: 23 14 06 34 | 02
#1688-d96 @A: 34 25 23 05 | 04
#1689-d96 @A: 25 05 26 12 | 07
