#0001-d146 @A: 31 02 33 01 | 04
#0002-d146 @A: 26 33 07 02 | 07
#0003-d146 @A: 30 19 31 33 | 01
#0004-d146 @A: 08 35 26 33 | 11
#0005-d146 @A: 33 35 28 27 | 05
#0006-d146 @A: 34 20 09 33 | 08
#0007-d146 @A: 33 20 13 30 | 02
#0008-d146 @A: 33 30 14 11 | 06
#0009-d146 @A: 01 15 14 33 | 10
#0010-d146 @A: 33 13 27 18 | 12
#0011-d146 @A: 33 23 13 31 | 03
#0012-d146 @A: 08 33 34 23 | 09
#0013-d146 @A: 07 33 34 31 | 04
#0014-d146 @A: 06 14 33 04 | 07
#0015-d146 @A: 33 27 16 06 | 01
#0016-d146 @A: 25 33 24 20 | 11
#0017-d146 @A: 33 31 08 27 | 05
#0018-d146 @A: 17 33 07 10 | 08
#0019-d146 @A: 33 05 11 17 | 02
#0020-d146 @A: 12 30 10 32 | 06
#0021-d146 @A: 32 13 03 12 | 10
#0022-d146 @A: 05 26 12 32 | 12
#0023-d146 @A: 31 19 02 32 | 03
#0024-d146 @A: 02 32 18 35 | 09
#0025-d146 @A: 32 28 17 09 | 04
#0026-d146 @A: 30 14 32 08 | 07
#0027-d146 @A: 21 13 24 32 | 01
#0028-d146 @A: 11 13 32 10 | 11
#0029-d146 @A: 32 21 14 03 | 05
#0030-d146 @A: 16 04 32 24 | 08
#0031-d146 @A: 16 32 27 08 | 02
#0032-d146 @A: 32 17 16 31 | 06
#0033-d146 @A: 31 32 27 15 | 10
#0034-d146 @A: 03 10 15 32 | 12
#0035-d146 @A: 17 32 24 29 | 03
#0036-d146 @A: 32 10 25 27 | 09
#0037-d146 @A: 31 32 03 25 | 04
#0038-d146 @A: 02 12 21 09 | 07
#0039-d146 @A: 04 24 09 12 | 01
#0040-d146 @A: 07 13 12 30 | 11
#0041-d146 @A: 12 22 24 14 | 05
#0042-d146 @A: 20 12 14 29 | 08
#0043-d146 @A: 23 08 04 12 | 02
#0044-d146 @A: 22 04 20 12 | 06
#0045-d146 @A: 21 10 12 07 | 10
#0046-d146 @A: 28 12 22 17 | 12
#0047-d146 @A: 19 06 02 24 | 03
#0048-d146 @A: 28 19 21 02 | 09
#0049-d146 @A: 35 02 27 16 | 04
#0050-d146 @A: 05 35 15 02 | 07
#0051-d146 @A: 02 06 09 16 | 01
#0052-d146 @A: 02 03 14 34 | 11
#0053-d146 @A: 29 34 02 23 | 05
#0054-d146 @A: 17 02 23 07 | 08
#0055-d146 @A: 02 29 08 16 | 02
#0056-d146 @A: 02 10 24 04 | 06
#0057-d146 @A: 20 02 31 25 | 10
#0058-d146 @A: 06 02 03 20 | 12
#0059-d146 @A: 02 22 27 11 | 03
#0060-d146 @A: 02 29 07 04 | 09
#0061-d146 @A: 14 35 19 17 | 04
#0062-d146 @A: 18 07 19 35 | 07
#0063-d146 @A: 09 15 19 07 | 01
#0064-d146 @A: 26 19 30 29 | 11
#0065-d146 @A: 13 03 01 19 | 05
#0066-d146 @A: 01 21 19 17 | 08
#0067-d146 @A: 22 13 20 19 | 02
#0068-d146 @A: 34 14 08 19 | 06
#0069-d146 @A: 19 18 21 34 | 10
#0070-d146 @A: 03 18 19 14 | 12
#0071-d146 @A: 11 19 23 28 | 03
#0072-d146 @A: 24 17 19 04 | 09
#0073-d146 @A: 31 03 19 04 | 04
#0074-d146 @A: 16 35 10 30 | 07
#0075-d146 @A: 30 35 15 31 | 01
#0076-d146 @A: 35 13 01 07 | 11
#0077-d146 @A: 23 03 35 13 | 05
#0078-d146 @A: 35 24 13 29 | 08
#0079-d146 @A: 34 35 11 26 | 02
#0080-d146 @A: 34 24 35 06 | 06
#0081-d146 @A: 04 35 27 15 | 10
#0082-d146 @A: 24 35 22 17 | 12
#0083-d146 @A: 06 04 35 29 | 03
#0084-d146 @A: 28 35 05 22 | 09
#0085-d146 @A: 30 09 15 03 | 04
#0086-d146 @A: 09 28 13 01 | 07
#0087-d146 @A: 01 16 20 09 | 01
#0088-d146 @A: 21 04 01 09 | 11
#0089-d146 @A: 09 17 13 18 | 05
#0090-d146 @A: 29 09 13 23 | 08
#0091-d146 @A: 13 10 09 24 | 02
#0092-d146 @A: 09 28 16 34 | 06
#0093-d146 @A: 18 09 26 31 | 10
#0094-d146 @A: 08 09 21 15 | 12
#0095-d146 @A: 09 06 11 20 | 03
#0096-d146 @A: 21 09 27 06 | 09
#0097-d146 @A: 05 09 29 07 | 04
#0098-d146 @A: 30 07 18 01 | 07
#0099-d146 @A: 24 20 30 16 | 01
#0100-d146 @A: 30 27 29 10 | 11
#0101-d146 @A: 27 22 08 30 | 05
#0102-d146 @A: 30 11 05 07 | 08
#0103-d146 @A: 13 05 01 17 | 02
#0104-d146 @A: 11 01 16 34 | 06
#0105-d146 @A: 27 34 01 04 | 10
#0106-d146 @A: 01 24 27 18 | 12
#0107-d146 @A: 17 01 23 26 | 03
#0108-d146 @A: 23 06 24 01 | 09
#0109-d146 @A: 31 01 20 27 | 04
#0110-d146 @A: 03 01 07 08 | 07
#0111-d146 @A: 13 05 18 34 | 01
#0112-d146 @A: 14 16 13 17 | 11
#0113-d146 @A: 13 18 29 16 | 05
#0114-d146 @A: 06 13 26 23 | 08
#0115-d146 @A: 13 04 05 25 | 02
#0116-d146 @A: 13 21 10 27 | 06
#0117-d146 @A: 31 27 11 13 | 10
#0118-d146 @A: 27 26 14 34 | 12
#0119-d146 @A: 34 21 24 15 | 03
#0120-d146 @A: 34 06 20 08 | 09
#0121-d146 @A: 21 34 28 20 | 04
#0122-d146 @A: 10 06 27 34 | 07
#0123-d146 @A: 18 07 14 06 | 01
#0124-d146 @A: 24 16 27 14 | 11
#0125-d146 @A: 04 27 25 14 | 05
#0126-d146 @A: 25 31 14 21 | 08
#0127-d146 @A: 24 18 23 08 | 02
#0128-d146 @A: 18 16 27 20 | 06
#0129-d146 @A: 15 17 24 18 | 10
#0130-d146 @A: 23 11 20 27 | 12
#0131-d146 @A: 23 29 07 28 | 03
#0132-d146 @A: 07 25 11 16 | 09
#0133-d146 @A: 16 21 06 05 | 04
#0134-d146 @A: 15 22 10 27 | 07
#0135-d146 @A: 10 11 15 04 | 01
#0136-d146 @A: 05 10 15 08 | 11
#0137-d146 @A: 15 04 08 03 | 05
#0138-d146 @A: 29 21 05 15 | 08
#0139-d146 @A: 26 24 04 07 | 02
#0140-d146 @A: 26 22 29 20 | 06
#0141-d146 @A: 28 20 26 31 | 10
#0142-d146 @A: 10 25 26 05 | 12
#0143-d146 @A: 06 26 03 21 | 03
#0144-d146 @A: 20 24 28 04 | 09
#0145-d146 @A: 24 27 31 28 | 04
#0146-d146 @A: 24 08 10 11 | 07
#0147-d146 @A: 17 10 24 11 | 01
#0148-d146 @A: 14 32 33 34 | 11
#0149-d146 @A: 19 12 33 08 | 05
#0150-d146 @A: 02 19 33 05 | 08
#0151-d146 @A: 33 02 10 14 | 02
#0152-d146 @A: 19 16 09 33 | 06
#0153-d146 @A: 19 33 23 10 | 10
#0154-d146 @A: 21 33 17 35 | 12
#0155-d146 @A: 13 09 33 05 | 03
#0156-d146 @A: 24 33 34 17 | 09
#0157-d146 @A: 33 23 29 14 | 04
#0158-d146 @A: 10 15 33 18 | 07
#0159-d146 @A: 18 28 33 07 | 01
#0160-d146 @A: 33 20 22 06 | 11
#0161-d146 @A: 07 12 14 32 | 05
#0162-d146 @A: 22 19 32 09 | 08
#0163-d146 @A: 14 19 10 32 | 02
#0164-d146 @A: 19 11 18 32 | 06
#0165-d146 @A: 32 22 35 14 | 10
#0166-d146 @A: 32 26 30 27 | 12
#0167-d146 @A: 04 01 32 13 | 03
#0168-d146 @A: 16 03 32 01 | 09
#0169-d146 @A: 28 26 01 32 | 04
#0170-d146 @A: 27 17 34 32 | 07
#0171-d146 @A: 16 10 18 32 | 01
#0172-d146 @A: 25 05 32 11 | 11
#0173-d146 @A: 21 32 22 27 | 05
#0174-d146 @A: 32 28 29 03 | 08
#0175-d146 @A: 17 02 13 12 | 02
#0176-d146 @A: 12 34 11 19 | 06
#0177-d146 @A: 12 35 09 27 | 10
#0178-d146 @A: 13 12 35 22 | 12
#0179-d146 @A: 35 12 34 28 | 03
#0180-d146 @A: 31 12 35 26 | 09
#0181-d146 @A: 12 10 14 09 | 04
#0182-d146 @A: 03 16 09 12 | 07
#0183-d146 @A: 23 12 29 01 | 01
#0184-d146 @A: 18 17 04 12 | 11
#0185-d146 @A: 12 23 11 26 | 05
#0186-d146 @A: 08 12 15 31 | 08
#0187-d146 @A: 12 06 08 07 | 02
#0188-d146 @A: 28 31 06 12 | 06
#0189-d146 @A: 12 05 28 07 | 10
#0190-d146 @A: 11 02 35 01 | 12
#0191-d146 @A: 03 35 02 26 | 03
#0192-d146 @A: 34 02 11 09 | 09
#0193-d146 @A: 15 02 03 13 | 04
#0194-d146 @A: 04 02 26 13 | 07
#0195-d146 @A: 02 23 15 22 | 01
#0196-d146 @A: 23 24 02 31 | 11
#0197-d146 @A: 25 07 02 23 | 05
#0198-d146 @A: 16 22 26 02 | 08
#0199-d146 @A: 21 15 26 02 | 02
#0200-d146 @A: 26 35 25 19 | 06
#0201-d146 @A: 24 05 01 19 | 10
#0202-d146 @A: 21 06 14 19 | 12
#0203-d146 @A: 05 19 18 27 | 03
#0204-d146 @A: 05 22 23 19 | 09
#0205-d146 @A: 23 08 19 06 | 04
#0206-d146 @A: 19 15 16 29 | 07
#0207-d146 @A: 06 16 19 20 | 01
#0208-d146 @A: 04 19 29 24 | 11
#0209-d146 @A: 19 06 11 27 | 05
#0210-d146 @A: 03 19 21 29 | 08
#0211-d146 @A: 28 17 19 08 | 02
#0212-d146 @A: 19 07 17 29 | 06
#0213-d146 @A: 01 09 35 17 | 10
#0214-d146 @A: 23 35 09 07 | 12
#0215-d146 @A: 13 30 28 35 | 03
#0216-d146 @A: 35 10 17 34 | 09
#0217-d146 @A: 23 16 35 08 | 04
#0218-d146 @A: 08 35 27 03 | 07
#0219-d146 @A: 26 30 08 09 | 01
#0220-d146 @A: 24 27 09 30 | 11
#0221-d146 @A: 01 09 27 26 | 05
#0222-d146 @A: 06 25 09 26 | 08
#0223-d146 @A: 22 01 34 30 | 02
#0224-d146 @A: 01 23 20 30 | 06
#0225-d146 @A: 17 30 28 13 | 10
#0226-d146 @A: 30 31 14 18 | 12
#0227-d146 @A: 30 18 17 26 | 03
#0228-d146 @A: 07 26 30 03 | 09
#0229-d146 @A: 27 05 30 20 | 04
#0230-d146 @A: 08 20 29 30 | 07
#0231-d146 @A: 28 07 22 30 | 01
#0232-d146 @A: 29 01 13 11 | 11
#0233-d146 @A: 01 21 34 07 | 05
#0234-d146 @A: 29 14 18 01 | 08
#0235-d146 @A: 04 24 01 14 | 02
#0236-d146 @A: 06 10 14 01 | 06
#0237-d146 @A: 01 22 17 18 | 10
#0238-d146 @A: 20 01 15 26 | 12
#0239-d146 @A: 29 01 05 27 | 03
#0240-d146 @A: 29 28 06 01 | 09
#0241-d146 @A: 17 08 11 01 | 04
#0242-d146 @A: 14 13 34 11 | 07
#0243-d146 @A: 26 18 13 03 | 01
#0244-d146 @A: 13 28 15 26 | 11
#0245-d146 @A: 17 13 06 20 | 05
#0246-d146 @A: 28 22 13 03 | 08
#0247-d146 @A: 07 22 08 13 | 02
#0248-d146 @A: 06 05 13 07 | 06
#0249-d146 @A: 34 15 18 28 | 10
#0250-d146 @A: 15 06 23 34 | 12
#0251-d146 @A: 31 25 34 29 | 03
#0252-d146 @A: 28 07 27 34 | 09
#0253-d146 @A: 31 34 04 11 | 04
#0254-d146 @A: 03 14 23 16 | 07
#0255-d146 @A: 25 14 10 07 | 01
#0256-d146 @A: 03 05 14 10 | 11
#0257-d146 @A: 22 08 17 14 | 05
#0258-d146 @A: 11 08 29 14 | 08
#0259-d146 @A: 18 11 15 16 | 02
#0260-d146 @A: 05 07 16 18 | 06
#0261-d146 @A: 18 10 11 20 | 10
#0262-d146 @A: 18 25 27 06 | 12
#0263-d146 @A: 18 27 04 08 | 03
#0264-d146 @A: 08 27 18 17 | 09
#0265-d146 @A: 07 04 10 18 | 04
#0266-d146 @A: 03 06 18 11 | 07
#0267-d146 @A: 24 27 21 23 | 01
#0268-d146 @A: 23 25 22 17 | 11
#0269-d146 @A: 28 25 31 23 | 05
#0270-d146 @A: 28 16 17 27 | 08
#0271-d146 @A: 06 16 10 07 | 02
#0272-d146 @A: 04 16 08 06 | 06
#0273-d146 @A: 11 04 16 05 | 10
#0274-d146 @A: 04 16 29 31 | 12
#0275-d146 @A: 21 20 27 15 | 03
#0276-d146 @A: 20 15 10 29 | 09
#0277-d146 @A: 29 25 15 04 | 04
#0278-d146 @A: 15 25 06 11 | 07
#0279-d146 @A: 15 07 25 31 | 01
#0280-d146 @A: 21 06 10 15 | 11
#0281-d146 @A: 08 15 06 22 | 05
#0282-d146 @A: 21 15 22 03 | 08
#0283-d146 @A: 08 26 24 20 | 02
#0284-d146 @A: 26 11 24 22 | 06
#0285-d146 @A: 27 26 08 05 | 10
#0286-d146 @A: 31 17 20 04 | 12
#0287-d146 @A: 05 25 17 21 | 03
#0288-d146 @A: 02 32 06 33 | 09
#0289-d146 @A: 32 13 33 08 | 04
#0290-d146 @A: 22 33 10 32 | 07
#0291-d146 @A: 02 33 25 12 | 01
#0292-d146 @A: 35 10 12 33 | 11
#0293-d146 @A: 18 33 20 19 | 05
#0294-d146 @A: 33 35 03 18 | 08
#0295-d146 @A: 24 35 33 11 | 02
#0296-d146 @A: 05 33 35 29 | 06
#0297-d146 @A: 33 17 14 09 | 10
#0298-d146 @A: 33 09 29 26 | 12
#0299-d146 @A: 23 03 24 33 | 03
#0300-d146 @A: 16 15 33 25 | 09
#0301-d146 @A: 16 26 33 04 | 04
#0302-d146 @A: 21 08 33 10 | 07
#0303-d146 @A: 29 09 12 32 | 01
#0304-d146 @A: 15 32 02 30 | 11
#0305-d146 @A: 32 02 22 17 | 05
#0306-d146 @A: 19 23 32 27 | 08
#0307-d146 @A: 09 32 01 14 | 02
#0308-d146 @A: 09 10 26 32 | 06
#0309-d146 @A: 32 09 07 11 | 10
#0310-d146 @A: 30 34 31 32 | 12
#0311-d146 @A: 23 32 07 30 | 03
#0312-d146 @A: 28 18 32 13 | 09
#0313-d146 @A: 34 32 22 29 | 04
#0314-d146 @A: 15 32 11 14 | 07
#0315-d146 @A: 32 31 28 21 | 01
#0316-d146 @A: 19 04 30 12 | 11
#0317-d146 @A: 15 35 06 12 | 05
#0318-d146 @A: 35 05 12 04 | 08
#0319-d146 @A: 12 06 23 09 | 02
#0320-d146 @A: 12 30 23 16 | 06
#0321-d146 @A: 30 22 12 26 | 10
#0322-d146 @A: 30 28 11 12 | 12
#0323-d146 @A: 12 08 16 01 | 03
#0324-d146 @A: 13 12 27 23 | 09
#0325-d146 @A: 17 21 14 12 | 04
#0326-d146 @A: 23 18 21 12 | 07
#0327-d146 @A: 16 12 21 24 | 01
#0328-d146 @A: 25 12 15 24 | 11
#0329-d146 @A: 26 17 24 12 | 05
#0330-d146 @A: 08 12 27 20 | 08
#0331-d146 @A: 17 10 12 06 | 02
#0332-d146 @A: 08 12 17 05 | 06
#0333-d146 @A: 02 19 01 07 | 10
#0334-d146 @A: 31 02 35 13 | 12
#0335-d146 @A: 02 09 04 23 | 03
#0336-d146 @A: 30 02 18 10 | 09
#0337-d146 @A: 31 30 16 02 | 04
#0338-d146 @A: 28 26 30 02 | 07
#0339-d146 @A: 01 13 20 02 | 01
#0340-d146 @A: 13 02 10 23 | 11
#0341-d146 @A: 21 24 14 02 | 05
#0342-d146 @A: 11 18 02 26 | 08
#0343-d146 @A: 23 26 02 27 | 02
#0344-d146 @A: 20 10 08 02 | 06
#0345-d146 @A: 02 04 25 06 | 10
#0346-d146 @A: 05 21 02 25 | 12
#0347-d146 @A: 02 29 03 27 | 03
#0348-d146 @A: 07 19 30 24 | 09
#0349-d146 @A: 34 06 19 01 | 04
#0350-d146 @A: 14 19 01 20 | 07
#0351-d146 @A: 19 13 16 31 | 01
#0352-d146 @A: 19 08 11 13 | 11
#0353-d146 @A: 19 34 05 17 | 05
#0354-d146 @A: 31 14 19 24 | 08
#0355-d146 @A: 25 19 16 08 | 02
#0356-d146 @A: 19 10 26 04 | 06
#0357-d146 @A: 19 05 10 20 | 10
#0358-d146 @A: 19 21 27 04 | 12
#0359-d146 @A: 05 19 29 28 | 03
#0360-d146 @A: 30 25 09 35 | 09
#0361-d146 @A: 21 13 09 35 | 04
#0362-d146 @A: 08 35 18 09 | 07
#0363-d146 @A: 20 35 18 01 | 01
#0364-d146 @A: 21 05 35 01 | 11
#0365-d146 @A: 07 34 25 35 | 05
#0366-d146 @A: 35 29 27 14 | 08
#0367-d146 @A: 25 18 24 35 | 02
#0368-d146 @A: 29 23 15 35 | 06
#0369-d146 @A: 07 35 15 10 | 10
#0370-d146 @A: 29 35 07 20 | 12
#0371-d146 @A: 25 11 35 28 | 03
#0372-d146 @A: 06 17 05 35 | 09
#0373-d146 @A: 21 03 11 35 | 04
#0374-d146 @A: 35 07 05 08 | 07
#0375-d146 @A: 35 29 11 31 | 01
#0376-d146 @A: 23 09 30 05 | 11
#0377-d146 @A: 18 01 05 09 | 05
#0378-d146 @A: 13 34 03 09 | 08
#0379-d146 @A: 26 11 13 09 | 02
#0380-d146 @A: 04 34 09 18 | 06
#0381-d146 @A: 11 03 09 14 | 10
#0382-d146 @A: 29 15 09 18 | 12
#0383-d146 @A: 09 06 22 24 | 03
#0384-d146 @A: 15 29 01 30 | 09
#0385-d146 @A: 01 25 30 04 | 04
#0386-d146 @A: 06 30 13 10 | 07
#0387-d146 @A: 34 28 23 30 | 01
#0388-d146 @A: 24 14 30 06 | 11
#0389-d146 @A: 20 11 31 30 | 05
#0390-d146 @A: 28 30 25 29 | 08
#0391-d146 @A: 29 21 04 30 | 02
#0392-d146 @A: 03 30 22 11 | 06
#0393-d146 @A: 17 30 11 22 | 10
#0394-d146 @A: 01 15 06 03 | 12
#0395-d146 @A: 10 18 13 25 | 03
#0396-d146 @A: 22 24 13 23 | 09
#0397-d146 @A: 25 03 13 06 | 04
#0398-d146 @A: 04 13 08 17 | 07
#0399-d146 @A: 25 18 34 14 | 01
#0400-d146 @A: 29 14 34 24 | 11
#0401-d146 @A: 06 34 16 18 | 05
#0402-d146 @A: 16 34 04 15 | 08
#0403-d146 @A: 34 05 08 22 | 02
#0404-d146 @A: 14 18 10 26 | 06
#0405-d146 @A: 14 05 24 28 | 10
#0406-d146 @A: 04 03 14 20 | 12
#0407-d146 @A: 05 17 03 14 | 03
#0408-d146 @A: 26 18 08 15 | 09
#0409-d146 @A: 26 29 18 04 | 04
#0410-d146 @A: 11 25 18 04 | 07
#0411-d146 @A: 07 29 18 27 | 01
#0412-d146 @A: 18 27 31 21 | 11
#0413-d146 @A: 06 08 18 10 | 05
#0414-d146 @A: 18 31 07 03 | 08
#0415-d146 @A: 08 28 18 29 | 02
#0416-d146 @A: 05 18 21 11 | 06
#0417-d146 @A: 23 07 20 05 | 10
#0418-d146 @A: 23 08 29 22 | 12
#0419-d146 @A: 15 16 27 26 | 03
#0420-d146 @A: 25 16 10 20 | 09
#0421-d146 @A: 20 31 16 08 | 04
#0422-d146 @A: 20 16 29 17 | 07
#0423-d146 @A: 16 28 03 27 | 01
#0424-d146 @A: 17 16 04 07 | 11
#0425-d146 @A: 25 15 27 05 | 05
#0426-d146 @A: 06 27 15 17 | 08
#0427-d146 @A: 28 15 29 27 | 02
#0428-d146 @A: 05 28 06 15 | 06
#0429-d146 @A: 31 15 21 11 | 10
#0430-d146 @A: 26 20 25 17 | 12
#0431-d146 @A: 26 31 11 25 | 03
#0432-d146 @A: 28 06 26 27 | 09
#0433-d146 @A: 21 11 26 10 | 04
#0434-d146 @A: 26 08 29 06 | 07
#0435-d146 @A: 03 08 11 26 | 01
#0436-d146 @A: 29 26 17 31 | 11
#0437-d146 @A: 21 25 10 24 | 05
#0438-d146 @A: 22 05 24 31 | 08
#0439-d146 @A: 06 11 21 24 | 02
#0440-d146 @A: 21 03 08 24 | 06
#0441-d146 @A: 29 06 17 25 | 10
#0442-d146 @A: 35 01 32 33 | 12
#0443-d146 @A: 09 32 33 25 | 03
#0444-d146 @A: 33 20 12 16 | 09
#0445-d146 @A: 29 33 12 24 | 04
#0446-d146 @A: 35 09 15 33 | 07
#0447-d146 @A: 33 06 09 01 | 01
#0448-d146 @A: 01 33 30 28 | 11
#0449-d146 @A: 08 15 30 33 | 05
#0450-d146 @A: 01 25 18 33 | 08
#0451-d146 @A: 33 26 21 13 | 02
#0452-d146 @A: 04 24 34 33 | 06
#0453-d146 @A: 34 33 27 29 | 10
#0454-d146 @A: 33 23 11 16 | 12
#0455-d146 @A: 23 17 20 33 | 03
#0456-d146 @A: 21 15 33 28 | 09
#0457-d146 @A: 28 05 20 33 | 04
#0458-d146 @A: 31 21 33 20 | 07
#0459-d146 @A: 04 22 27 33 | 01
#0460-d146 @A: 05 06 33 08 | 11
#0461-d146 @A: 32 22 12 23 | 05
#0462-d146 @A: 24 32 01 20 | 08
#0463-d146 @A: 08 18 31 32 | 02
#0464-d146 @A: 04 26 32 15 | 06
#0465-d146 @A: 03 22 20 32 | 10
#0466-d146 @A: 06 04 10 32 | 12
#0467-d146 @A: 29 04 11 32 | 03
#0468-d146 @A: 06 07 03 32 | 09
#0469-d146 @A: 02 22 05 12 | 04
#0470-d146 @A: 29 35 19 12 | 07
#0471-d146 @A: 18 19 13 12 | 01
#0472-d146 @A: 12 19 26 07 | 11
#0473-d146 @A: 03 35 01 12 | 05
#0474-d146 @A: 07 12 18 09 | 08
#0475-d146 @A: 20 09 15 12 | 02
#0476-d146 @A: 04 12 25 34 | 06
#0477-d146 @A: 03 12 23 20 | 10
#0478-d146 @A: 20 12 10 28 | 12
#0479-d146 @A: 12 10 29 03 | 03
#0480-d146 @A: 19 08 26 02 | 09
#0481-d146 @A: 10 09 35 02 | 04
#0482-d146 @A: 01 02 30 09 | 07
#0483-d146 @A: 09 28 02 07 | 01
#0484-d146 @A: 30 34 04 02 | 11
#0485-d146 @A: 30 24 02 05 | 05
#0486-d146 @A: 22 02 20 30 | 08
#0487-d146 @A: 30 06 08 02 | 02
#0488-d146 @A: 26 01 05 02 | 06
#0489-d146 @A: 14 20 02 15 | 10
#0490-d146 @A: 02 31 21 03 | 12
#0491-d146 @A: 35 08 30 19 | 03
#0492-d146 @A: 23 19 03 30 | 09
#0493-d146 @A: 22 19 26 34 | 04
#0494-d146 @A: 15 19 25 18 | 07
#0495-d146 @A: 26 05 19 16 | 01
#0496-d146 @A: 15 19 08 27 | 11
#0497-d146 @A: 19 04 05 06 | 05
#0498-d146 @A: 11 31 05 19 | 08
#0499-d146 @A: 35 09 05 16 | 02
#0500-d146 @A: 35 30 03 34 | 06
#0501-d146 @A: 08 14 01 35 | 10
#0502-d146 @A: 28 35 01 23 | 12
#0503-d146 @A: 35 17 13 25 | 03
#0504-d146 @A: 35 18 34 29 | 09
#0505-d146 @A: 35 22 18 16 | 04
#0506-d146 @A: 24 23 35 05 | 07
#0507-d146 @A: 16 17 35 03 | 01
#0508-d146 @A: 24 08 35 22 | 11
#0509-d146 @A: 28 08 20 35 | 05
#0510-d146 @A: 35 25 03 10 | 08
#0511-d146 @A: 10 35 28 06 | 02
#0512-d146 @A: 28 07 03 35 | 06
#0513-d146 @A: 35 21 08 29 | 10
#0514-d146 @A: 21 09 30 16 | 12
#0515-d146 @A: 09 03 01 10 | 03
#0516-d146 @A: 14 21 18 09 | 09
#0517-d146 @A: 15 09 10 16 | 04
#0518-d146 @A: 20 08 09 05 | 07
#0519-d146 @A: 25 10 09 04 | 01
#0520-d146 @A: 10 31 06 09 | 11
#0521-d146 @A: 09 08 29 10 | 05
#0522-d146 @A: 09 03 28 21 | 08
#0523-d146 @A: 34 14 10 30 | 02
#0524-d146 @A: 08 30 16 34 | 06
#0525-d146 @A: 18 24 26 30 | 10
#0526-d146 @A: 08 23 30 10 | 12
#0527-d146 @A: 26 16 30 06 | 03
#0528-d146 @A: 11 30 08 04 | 09
#0529-d146 @A: 21 28 30 06 | 04
#0530-d146 @A: 29 06 30 11 | 07
#0531-d146 @A: 01 23 26 07 | 01
#0532-d146 @A: 16 29 01 24 | 11
#0533-d146 @A: 17 01 27 25 | 05
#0534-d146 @A: 06 01 25 08 | 08
#0535-d146 @A: 04 08 01 29 | 02
#0536-d146 @A: 08 01 05 11 | 06
#0537-d146 @A: 20 13 05 16 | 10
#0538-d146 @A: 03 21 13 20 | 12
#0539-d146 @A: 29 13 08 25 | 03
#0540-d146 @A: 27 22 29 13 | 09
#0541-d146 @A: 34 14 31 17 | 04
#0542-d146 @A: 26 34 20 18 | 07
#0543-d146 @A: 16 34 15 17 | 01
#0544-d146 @A: 25 27 34 16 | 11
#0545-d146 @A: 34 25 08 28 | 05
#0546-d146 @A: 24 14 11 18 | 08
#0547-d146 @A: 26 08 14 28 | 02
#0548-d146 @A: 20 31 14 05 | 06
#0549-d146 @A: 17 14 25 04 | 10
#0550-d146 @A: 17 05 18 23 | 12
#0551-d146 @A: 18 24 15 07 | 03
#0552-d146 @A: 03 20 08 18 | 09
#0553-d146 @A: 18 03 22 05 | 04
#0554-d146 @A: 15 26 23 25 | 07
#0555-d146 @A: 23 25 22 27 | 01
#0556-d146 @A: 27 23 28 08 | 11
#0557-d146 @A: 24 15 16 06 | 05
#0558-d146 @A: 17 25 16 11 | 08
#0559-d146 @A: 05 22 15 20 | 02
#0560-d146 @A: 28 15 25 22 | 06
#0561-d146 @A: 15 07 04 22 | 10
#0562-d146 @A: 06 21 17 15 | 12
#0563-d146 @A: 26 11 28 07 | 03
#0564-d146 @A: 05 31 29 26 | 09
#0565-d146 @A: 24 20 07 06 | 04
#0566-d146 @A: 21 22 24 04 | 07
#0567-d146 @A: 24 03 11 04 | 01
#0568-d146 @A: 08 33 02 09 | 11
#0569-d146 @A: 22 34 33 35 | 05
#0570-d146 @A: 31 16 35 33 | 08
#0571-d146 @A: 33 27 03 09 | 02
#0572-d146 @A: 29 33 16 30 | 06
#0573-d146 @A: 22 33 21 30 | 10
#0574-d146 @A: 16 01 33 10 | 12
#0575-d146 @A: 33 16 21 14 | 03
#0576-d146 @A: 06 28 25 33 | 09
#0577-d146 @A: 06 03 10 33 | 04
#0578-d146 @A: 07 33 11 06 | 07
#0579-d146 @A: 03 29 33 08 | 01
#0580-d146 @A: 02 23 32 28 | 11
#0581-d146 @A: 34 19 04 32 | 05
#0582-d146 @A: 32 35 25 15 | 08
#0583-d146 @A: 35 32 07 31 | 02
#0584-d146 @A: 31 09 16 32 | 06
#0585-d146 @A: 25 32 16 30 | 10
#0586-d146 @A: 06 01 32 17 | 12
#0587-d146 @A: 11 21 01 32 | 03
#0588-d146 @A: 34 32 13 07 | 09
#0589-d146 @A: 13 31 05 32 | 04
#0590-d146 @A: 32 14 18 20 | 07
#0591-d146 @A: 29 32 14 31 | 01
#0592-d146 @A: 22 32 16 15 | 11
#0593-d146 @A: 32 31 04 22 | 05
#0594-d146 @A: 06 32 11 31 | 08
#0595-d146 @A: 32 28 05 08 | 02
#0596-d146 @A: 31 12 02 34 | 06
#0597-d146 @A: 02 12 14 08 | 10
#0598-d146 @A: 23 12 25 35 | 12
#0599-d146 @A: 13 09 12 08 | 03
#0600-d146 @A: 12 22 09 34 | 09
#0601-d146 @A: 09 25 12 17 | 04
#0602-d146 @A: 01 06 12 13 | 07
#0603-d146 @A: 01 16 12 17 | 01
#0604-d146 @A: 15 01 12 07 | 11
#0605-d146 @A: 12 11 15 13 | 05
#0606-d146 @A: 14 12 25 16 | 08
#0607-d146 @A: 12 24 23 17 | 02
#0608-d146 @A: 28 12 04 16 | 06
#0609-d146 @A: 21 12 25 22 | 10
#0610-d146 @A: 06 21 12 04 | 12
#0611-d146 @A: 03 12 07 04 | 03
#0612-d146 @A: 11 07 12 29 | 09
#0613-d146 @A: 02 09 19 27 | 04
#0614-d146 @A: 16 10 19 02 | 07
#0615-d146 @A: 03 02 19 25 | 01
#0616-d146 @A: 02 35 06 23 | 11
#0617-d146 @A: 21 02 35 20 | 05
#0618-d146 @A: 34 02 17 30 | 08
#0619-d146 @A: 34 02 18 01 | 02
#0620-d146 @A: 01 15 27 02 | 06
#0621-d146 @A: 05 13 29 02 | 10
#0622-d146 @A: 15 34 10 02 | 12
#0623-d146 @A: 25 02 26 34 | 03
#0624-d146 @A: 02 16 14 11 | 09
#0625-d146 @A: 02 16 07 20 | 04
#0626-d146 @A: 27 07 21 02 | 07
#0627-d146 @A: 22 28 02 29 | 01
#0628-d146 @A: 09 13 25 19 | 11
#0629-d146 @A: 19 09 31 28 | 05
#0630-d146 @A: 14 25 30 19 | 08
#0631-d146 @A: 19 21 30 11 | 02
#0632-d146 @A: 01 31 19 26 | 06
#0633-d146 @A: 19 23 18 29 | 10
#0634-d146 @A: 04 19 23 16 | 12
#0635-d146 @A: 26 15 19 06 | 03
#0636-d146 @A: 20 25 21 19 | 09
#0637-d146 @A: 21 22 19 10 | 04
#0638-d146 @A: 29 09 28 35 | 07
#0639-d146 @A: 26 01 29 35 | 01
#0640-d146 @A: 01 25 31 35 | 11
#0641-d146 @A: 35 20 10 13 | 05
#0642-d146 @A: 34 27 23 35 | 08
#0643-d146 @A: 10 14 21 35 | 02
#0644-d146 @A: 10 35 05 18 | 06
#0645-d146 @A: 35 21 25 27 | 10
#0646-d146 @A: 22 10 04 35 | 12
#0647-d146 @A: 06 35 07 21 | 03
#0648-d146 @A: 30 07 34 09 | 09
#0649-d146 @A: 09 18 30 22 | 04
#0650-d146 @A: 16 13 04 09 | 07
#0651-d146 @A: 24 34 26 09 | 01
#0652-d146 @A: 14 09 05 26 | 11
#0653-d146 @A: 24 09 14 25 | 05
#0654-d146 @A: 11 09 24 23 | 08
#0655-d146 @A: 22 25 05 09 | 02
#0656-d146 @A: 30 01 14 03 | 06
#0657-d146 @A: 01 30 21 24 | 10
#0658-d146 @A: 27 31 25 30 | 12
#0659-d146 @A: 29 30 05 22 | 03
#0660-d146 @A: 30 03 08 28 | 09
#0661-d146 @A: 17 29 30 03 | 04
#0662-d146 @A: 30 31 29 07 | 07
#0663-d146 @A: 01 13 25 24 | 01
#0664-d146 @A: 18 04 01 15 | 11
#0665-d146 @A: 01 15 23 21 | 05
#0666-d146 @A: 21 10 20 01 | 08
#0667-d146 @A: 28 05 25 01 | 02
#0668-d146 @A: 04 17 01 10 | 06
#0669-d146 @A: 01 03 05 31 | 10
#0670-d146 @A: 01 21 08 31 | 12
#0671-d146 @A: 10 13 16 14 | 03
#0672-d146 @A: 13 15 18 20 | 09
#0673-d146 @A: 23 20 28 13 | 04
#0674-d146 @A: 16 22 25 13 | 07
#0675-d146 @A: 24 13 31 17 | 01
#0676-d146 @A: 28 05 27 13 | 11
#0677-d146 @A: 13 06 22 21 | 05
#0678-d146 @A: 16 10 34 23 | 08
#0679-d146 @A: 34 29 03 05 | 02
#0680-d146 @A: 11 34 21 17 | 06
#0681-d146 @A: 23 28 14 18 | 10
#0682-d146 @A: 17 18 07 14 | 12
#0683-d146 @A: 14 24 07 23 | 03
#0684-d146 @A: 20 23 14 10 | 09
#0685-d146 @A: 06 28 14 22 | 04
#0686-d146 @A: 31 07 14 08 | 07
#0687-d146 @A: 14 21 11 07 | 01
#0688-d146 @A: 24 03 16 18 | 11
#0689-d146 @A: 25 18 07 21 | 05
#0690-d146 @A: 18 28 21 10 | 08
#0691-d146 @A: 23 31 21 16 | 02
#0692-d146 @A: 20 22 23 31 | 06
#0693-d146 @A: 10 29 23 25 | 10
#0694-d146 @A: 10 23 03 31 | 12
#0695-d146 @A: 04 29 03 23 | 03
#0696-d146 @A: 06 31 23 05 | 09
#0697-d146 @A: 23 31 08 11 | 04
#0698-d146 @A: 07 31 27 16 | 07
#0699-d146 @A: 16 29 10 05 | 01
#0700-d146 @A: 28 10 16 11 | 11
#0701-d146 @A: 16 04 07 21 | 05
#0702-d146 @A: 15 10 31 28 | 08
#0703-d146 @A: 15 22 31 29 | 02
#0704-d146 @A: 05 17 15 07 | 06
#0705-d146 @A: 24 03 26 29 | 10
#0706-d146 @A: 25 07 29 26 | 12
#0707-d146 @A: 21 05 26 04 | 03
#0708-d146 @A: 03 10 20 24 | 09
#0709-d146 @A: 25 08 17 24 | 04
#0710-d146 @A: 28 24 22 10 | 07
#0711-d146 @A: 31 27 21 17 | 01
#0712-d146 @A: 34 28 02 33 | 11
#0713-d146 @A: 06 35 33 19 | 05
#0714-d146 @A: 04 30 18 33 | 08
#0715-d146 @A: 23 30 25 33 | 02
#0716-d146 @A: 05 01 33 34 | 06
#0717-d146 @A: 33 24 01 26 | 10
#0718-d146 @A: 03 33 17 01 | 12
#0719-d146 @A: 33 34 11 15 | 03
#0720-d146 @A: 34 03 33 21 | 09
#0721-d146 @A: 33 24 18 31 | 04
#0722-d146 @A: 27 33 20 10 | 07
#0723-d146 @A: 21 32 02 16 | 01
#0724-d146 @A: 32 35 30 11 | 11
#0725-d146 @A: 35 32 05 34 | 05
#0726-d146 @A: 32 26 35 17 | 08
#0727-d146 @A: 34 32 15 09 | 02
#0728-d146 @A: 29 30 32 13 | 06
#0729-d146 @A: 15 08 01 32 | 10
#0730-d146 @A: 14 23 06 32 | 12
#0731-d146 @A: 32 18 24 05 | 03
#0732-d146 @A: 16 29 32 23 | 09
#0733-d146 @A: 15 32 08 17 | 04
#0734-d146 @A: 20 27 07 32 | 07
#0735-d146 @A: 05 10 21 32 | 01
#0736-d146 @A: 04 17 32 05 | 11
#0737-d146 @A: 28 32 22 11 | 05
#0738-d146 @A: 12 02 15 04 | 08
#0739-d146 @A: 05 19 12 09 | 02
#0740-d146 @A: 20 31 12 19 | 06
#0741-d146 @A: 35 30 21 12 | 10
#0742-d146 @A: 18 35 12 14 | 12
#0743-d146 @A: 29 12 30 34 | 03
#0744-d146 @A: 24 12 30 08 | 09
#0745-d146 @A: 18 10 01 12 | 04
#0746-d146 @A: 12 26 13 20 | 07
#0747-d146 @A: 13 12 05 24 | 01
#0748-d146 @A: 12 07 16 34 | 11
#0749-d146 @A: 26 03 12 14 | 05
#0750-d146 @A: 28 12 22 18 | 08
#0751-d146 @A: 12 10 15 23 | 02
#0752-d146 @A: 15 29 12 17 | 06
#0753-d146 @A: 25 28 12 27 | 10
#0754-d146 @A: 10 12 11 22 | 12
#0755-d146 @A: 02 19 13 30 | 03
#0756-d146 @A: 29 30 02 35 | 09
#0757-d146 @A: 02 25 14 35 | 04
#0758-d146 @A: 02 18 09 03 | 07
#0759-d146 @A: 02 01 06 21 | 01
#0760-d146 @A: 13 07 18 02 | 11
#0761-d146 @A: 02 20 18 17 | 05
#0762-d146 @A: 08 05 18 02 | 08
#0763-d146 @A: 02 11 20 29 | 02
#0764-d146 @A: 10 25 02 28 | 06
#0765-d146 @A: 27 04 02 31 | 10
#0766-d146 @A: 08 02 31 22 | 12
#0767-d146 @A: 02 28 03 05 | 03
#0768-d146 @A: 19 35 04 01 | 09
#0769-d146 @A: 19 27 13 35 | 04
#0770-d146 @A: 24 21 35 19 | 07
#0771-d146 @A: 19 17 09 06 | 01
#0772-d146 @A: 28 30 19 27 | 11
#0773-d146 @A: 30 19 10 17 | 05
#0774-d146 @A: 23 34 19 07 | 08
#0775-d146 @A: 34 15 31 19 | 02
#0776-d146 @A: 19 34 27 24 | 06
#0777-d146 @A: 14 15 19 23 | 10
#0778-d146 @A: 16 24 11 19 | 12
#0779-d146 @A: 16 22 28 19 | 03
#0780-d146 @A: 15 19 17 20 | 09
#0781-d146 @A: 26 19 17 03 | 04
#0782-d146 @A: 19 03 28 20 | 07
#0783-d146 @A: 04 22 19 08 | 01
#0784-d146 @A: 17 19 31 22 | 11
#0785-d146 @A: 09 35 14 34 | 05
#0786-d146 @A: 22 35 23 30 | 08
#0787-d146 @A: 35 30 20 26 | 02
#0788-d146 @A: 04 34 35 13 | 06
#0789-d146 @A: 15 35 28 14 | 10
#0790-d146 @A: 08 20 35 17 | 12
#0791-d146 @A: 11 05 35 20 | 03
#0792-d146 @A: 35 10 11 27 | 09
#0793-d146 @A: 22 35 07 27 | 04
#0794-d146 @A: 31 05 35 27 | 07
#0795-d146 @A: 17 27 11 35 | 01
#0796-d146 @A: 30 04 09 20 | 11
#0797-d146 @A: 05 06 34 09 | 05
#0798-d146 @A: 14 23 09 08 | 08
#0799-d146 @A: 09 21 29 20 | 02
#0800-d146 @A: 22 27 09 28 | 06
#0801-d146 @A: 05 09 04 03 | 10
#0802-d146 @A: 22 09 21 07 | 12
#0803-d146 @A: 11 28 05 09 | 03
#0804-d146 @A: 16 30 05 01 | 09
#0805-d146 @A: 24 13 30 11 | 04
#0806-d146 @A: 30 15 20 34 | 07
#0807-d146 @A: 29 03 18 30 | 01
#0808-d146 @A: 15 30 23 11 | 11
#0809-d146 @A: 30 23 26 31 | 05
#0810-d146 @A: 17 21 23 30 | 08
#0811-d146 @A: 30 22 16 04 | 02
#0812-d146 @A: 15 28 24 30 | 06
#0813-d146 @A: 06 31 22 30 | 10
#0814-d146 @A: 15 01 17 14 | 12
#0815-d146 @A: 28 24 01 08 | 03
#0816-d146 @A: 01 11 20 25 | 09
#0817-d146 @A: 07 27 06 01 | 04
#0818-d146 @A: 34 26 13 17 | 07
#0819-d146 @A: 34 24 08 13 | 01
#0820-d146 @A: 25 13 20 27 | 11
#0821-d146 @A: 31 06 20 13 | 05
#0822-d146 @A: 03 08 13 10 | 08
#0823-d146 @A: 28 04 06 13 | 02
#0824-d146 @A: 13 07 17 29 | 06
#0825-d146 @A: 14 15 34 05 | 10
#0826-d146 @A: 04 34 22 14 | 12
#0827-d146 @A: 27 22 18 34 | 03
#0828-d146 @A: 04 23 26 34 | 09
#0829-d146 @A: 03 23 34 22 | 04
#0830-d146 @A: 26 16 34 29 | 07
#0831-d146 @A: 28 26 05 34 | 01
#0832-d146 @A: 03 34 27 20 | 11
#0833-d146 @A: 06 25 34 22 | 05
#0834-d146 @A: 08 11 34 27 | 08
#0835-d146 @A: 34 07 29 06 | 02
#0836-d146 @A: 31 06 34 21 | 06
#0837-d146 @A: 03 27 14 15 | 10
#0838-d146 @A: 27 14 21 08 | 12
#0839-d146 @A: 21 14 22 05 | 03
#0840-d146 @A: 29 21 14 28 | 09
#0841-d146 @A: 26 18 23 05 | 04
#0842-d146 @A: 22 18 29 11 | 07
#0843-d146 @A: 23 16 17 06 | 01
#0844-d146 @A: 23 07 08 15 | 11
#0845-d146 @A: 21 29 26 23 | 05
#0846-d146 @A: 06 23 20 29 | 08
#0847-d146 @A: 27 23 10 07 | 02
#0848-d146 @A: 23 06 11 10 | 06
#0849-d146 @A: 31 23 07 04 | 10
#0850-d146 @A: 22 11 21 23 | 12
#0851-d146 @A: 16 03 25 04 | 03
#0852-d146 @A: 29 21 16 27 | 09
#0853-d146 @A: 10 17 16 21 | 04
#0854-d146 @A: 17 31 15 10 | 07
#0855-d146 @A: 15 03 07 05 | 01
#0856-d146 @A: 29 24 31 20 | 11
#0857-d146 @A: 24 25 05 29 | 05
#0858-d146 @A: 27 24 04 06 | 08
#0859-d146 @A: 32 26 33 31 | 02
#0860-d146 @A: 06 12 26 33 | 06
#0861-d146 @A: 02 11 33 13 | 10
#0862-d146 @A: 22 33 24 02 | 12
#0863-d146 @A: 04 15 33 19 | 03
#0864-d146 @A: 14 35 20 33 | 09
#0865-d146 @A: 33 28 14 09 | 04
#0866-d146 @A: 11 18 09 33 | 07
#0867-d146 @A: 24 33 21 09 | 01
#0868-d146 @A: 01 33 27 23 | 11
#0869-d146 @A: 13 06 24 33 | 05
#0870-d146 @A: 14 31 22 33 | 08
#0871-d146 @A: 33 22 18 26 | 02
#0872-d146 @A: 22 16 33 07 | 06
#0873-d146 @A: 27 33 24 15 | 10
#0874-d146 @A: 03 31 33 11 | 12
#0875-d146 @A: 32 12 25 19 | 03
#0876-d146 @A: 15 28 32 12 | 09
#0877-d146 @A: 20 19 30 32 | 04
#0878-d146 @A: 32 05 15 19 | 07
#0879-d146 @A: 32 08 19 24 | 01
#0880-d146 @A: 03 32 09 24 | 11
#0881-d146 @A: 32 17 20 09 | 05
#0882-d146 @A: 30 06 01 32 | 08
#0883-d146 @A: 32 13 14 27 | 02
#0884-d146 @A: 16 14 32 05 | 06
#0885-d146 @A: 26 24 14 32 | 10
#0886-d146 @A: 32 25 06 24 | 12
#0887-d146 @A: 32 08 22 25 | 03
#0888-d146 @A: 32 04 28 27 | 09
#0889-d146 @A: 32 29 27 06 | 04
#0890-d146 @A: 12 19 15 21 | 07
#0891-d146 @A: 24 12 19 10 | 01
#0892-d146 @A: 25 01 12 09 | 11
#0893-d146 @A: 12 26 09 28 | 05
#0894-d146 @A: 12 09 11 31 | 08
#0895-d146 @A: 15 12 30 14 | 02
#0896-d146 @A: 31 12 25 13 | 06
#0897-d146 @A: 12 18 16 31 | 10
#0898-d146 @A: 12 18 20 05 | 12
#0899-d146 @A: 16 05 12 15 | 03
#0900-d146 @A: 04 12 29 27 | 09
#0901-d146 @A: 12 22 06 27 | 04
#0902-d146 @A: 31 04 12 10 | 07
#0903-d146 @A: 35 22 19 02 | 01
#0904-d146 @A: 13 02 09 22 | 11
#0905-d146 @A: 31 09 14 02 | 05
#0906-d146 @A: 02 30 14 07 | 08
#0907-d146 @A: 02 22 01 14 | 02
#0908-d146 @A: 02 06 34 13 | 06
#0909-d146 @A: 13 21 02 08 | 10
#0910-d146 @A: 02 18 31 15 | 12
#0911-d146 @A: 03 23 11 02 | 03
#0912-d146 @A: 24 16 25 02 | 09
#0913-d146 @A: 27 02 24 17 | 04
#0914-d146 @A: 02 27 20 28 | 07
#0915-d146 @A: 05 04 02 20 | 01
#0916-d146 @A: 05 06 02 27 | 11
#0917-d146 @A: 02 06 28 17 | 05
#0918-d146 @A: 09 19 06 30 | 08
#0919-d146 @A: 09 04 14 19 | 02
#0920-d146 @A: 22 19 30 15 | 06
#0921-d146 @A: 13 19 26 24 | 10
#0922-d146 @A: 16 34 03 19 | 12
#0923-d146 @A: 19 18 26 28 | 03
#0924-d146 @A: 18 22 24 19 | 09
#0925-d146 @A: 25 24 23 19 | 04
#0926-d146 @A: 19 07 25 05 | 07
#0927-d146 @A: 11 19 10 03 | 01
#0928-d146 @A: 08 05 19 21 | 11
#0929-d146 @A: 14 03 35 24 | 05
#0930-d146 @A: 35 26 18 27 | 08
#0931-d146 @A: 35 25 29 16 | 02
#0932-d146 @A: 35 05 25 06 | 06
#0933-d146 @A: 22 03 35 29 | 10
#0934-d146 @A: 13 09 30 31 | 12
#0935-d146 @A: 10 09 30 11 | 03
#0936-d146 @A: 34 27 31 09 | 09
#0937-d146 @A: 23 31 09 15 | 04
#0938-d146 @A: 09 15 04 28 | 07
#0939-d146 @A: 17 08 09 27 | 01
#0940-d146 @A: 30 20 01 17 | 11
#0941-d146 @A: 26 30 25 13 | 05
#0942-d146 @A: 05 13 21 30 | 08
#0943-d146 @A: 30 34 25 24 | 02
#0944-d146 @A: 30 06 04 23 | 06
#0945-d146 @A: 27 16 30 11 | 10
#0946-d146 @A: 15 27 30 06 | 12
#0947-d146 @A: 24 03 31 30 | 03
#0948-d146 @A: 10 04 30 03 | 09
#0949-d146 @A: 31 21 30 10 | 04
#0950-d146 @A: 06 03 30 05 | 07
#0951-d146 @A: 16 01 27 13 | 01
#0952-d146 @A: 14 28 34 01 | 11
#0953-d146 @A: 01 34 31 24 | 05
#0954-d146 @A: 14 01 16 07 | 08
#0955-d146 @A: 21 01 14 26 | 02
#0956-d146 @A: 01 14 11 27 | 06
#0957-d146 @A: 01 11 23 04 | 10
#0958-d146 @A: 24 15 22 01 | 12
#0959-d146 @A: 10 01 15 25 | 03
#0960-d146 @A: 07 17 24 01 | 09
#0961-d146 @A: 04 07 01 20 | 04
#0962-d146 @A: 01 10 22 31 | 07
#0963-d146 @A: 03 11 01 28 | 01
#0964-d146 @A: 13 22 15 34 | 11
#0965-d146 @A: 21 34 13 25 | 05
#0966-d146 @A: 13 25 23 11 | 08
#0967-d146 @A: 24 13 16 28 | 02
#0968-d146 @A: 13 16 06 11 | 06
#0969-d146 @A: 17 03 15 13 | 10
#0970-d146 @A: 24 03 07 13 | 12
#0971-d146 @A: 08 20 04 13 | 03
#0972-d146 @A: 25 07 13 28 | 09
#0973-d146 @A: 13 08 27 06 | 04
#0974-d146 @A: 34 31 16 14 | 07
#0975-d146 @A: 08 15 34 29 | 01
#0976-d146 @A: 11 21 29 34 | 11
#0977-d146 @A: 14 15 26 31 | 05
#0978-d146 @A: 15 24 14 10 | 08
#0979-d146 @A: 26 17 27 14 | 02
#0980-d146 @A: 31 06 27 14 | 06
#0981-d146 @A: 04 14 28 07 | 10
#0982-d146 @A: 11 14 17 29 | 12
#0983-d146 @A: 23 18 11 07 | 03
#0984-d146 @A: 22 20 07 18 | 09
#0985-d146 @A: 21 20 18 06 | 04
#0986-d146 @A: 16 20 23 15 | 07
#0987-d146 @A: 16 23 24 26 | 01
#0988-d146 @A: 16 05 25 23 | 11
#0989-d146 @A: 23 25 20 04 | 05
#0990-d146 @A: 23 08 25 03 | 08
#0991-d146 @A: 08 17 23 31 | 02
#0992-d146 @A: 05 29 23 11 | 06
#0993-d146 @A: 16 31 22 11 | 10
#0994-d146 @A: 16 08 07 28 | 12
#0995-d146 @A: 06 04 15 20 | 03
#0996-d146 @A: 26 24 06 05 | 09
#0997-d146 @A: 26 25 27 03 | 04
#0998-d146 @A: 26 25 08 21 | 07
#0999-d146 @A: 26 31 22 27 | 01
#1000-d146 @A: 10 08 07 26 | 11
#1001-d146 @A: 24 27 20 22 | 05
#1002-d146 @A: 04 31 24 25 | 08
#1003-d146 @A: 08 27 29 24 | 02
#1004-d146 @A: 24 05 08 04 | 06
#1005-d146 @A: 03 06 24 28 | 10
#1006-d146 @A: 27 17 10 05 | 12
#1007-d146 @A: 29 05 10 17 | 03
#1008-d146 @A: 29 32 18 33 | 09
#1009-d146 @A: 16 28 33 32 | 04
#1010-d146 @A: 25 33 32 17 | 07
#1011-d146 @A: 33 12 22 15 | 01
#1012-d146 @A: 02 33 20 23 | 11
#1013-d146 @A: 03 33 16 02 | 05
#1014-d146 @A: 19 18 33 17 | 08
#1015-d146 @A: 30 26 33 05 | 02
#1016-d146 @A: 01 22 33 13 | 06
#1017-d146 @A: 13 10 33 28 | 10
#1018-d146 @A: 16 18 33 08 | 12
#1019-d146 @A: 33 28 08 22 | 03
#1020-d146 @A: 33 05 07 21 | 09
#1021-d146 @A: 32 12 35 08 | 04
#1022-d146 @A: 18 32 04 12 | 07
#1023-d146 @A: 32 12 31 24 | 01
#1024-d146 @A: 14 32 04 02 | 11
#1025-d146 @A: 02 26 29 32 | 05
#1026-d146 @A: 35 32 23 20 | 08
#1027-d146 @A: 32 21 26 35 | 02
#1028-d146 @A: 27 24 35 32 | 06
#1029-d146 @A: 04 03 35 32 | 10
#1030-d146 @A: 32 30 05 04 | 12
#1031-d146 @A: 31 01 23 32 | 03
#1032-d146 @A: 22 13 32 26 | 09
#1033-d146 @A: 21 13 17 32 | 04
#1034-d146 @A: 17 18 03 32 | 07
#1035-d146 @A: 23 32 10 24 | 01
#1036-d146 @A: 23 17 32 10 | 11
#1037-d146 @A: 29 24 32 15 | 05
#1038-d146 @A: 15 21 07 32 | 08
#1039-d146 @A: 03 11 27 32 | 02
#1040-d146 @A: 18 02 12 29 | 06
#1041-d146 @A: 27 02 12 10 | 10
#1042-d146 @A: 12 19 27 17 | 12
#1043-d146 @A: 34 12 20 01 | 03
#1044-d146 @A: 04 01 26 12 | 09
#1045-d146 @A: 12 14 13 21 | 04
#1046-d146 @A: 14 34 06 12 | 07
#1047-d146 @A: 08 26 12 34 | 01
#1048-d146 @A: 12 31 14 23 | 11
#1049-d146 @A: 24 23 12 28 | 05
#1050-d146 @A: 26 12 10 16 | 08
#1051-d146 @A: 22 12 16 29 | 02
#1052-d146 @A: 08 10 25 12 | 06
#1053-d146 @A: 03 05 21 12 | 10
#1054-d146 @A: 34 20 02 19 | 12
#1055-d146 @A: 24 09 02 29 | 03
#1056-d146 @A: 17 02 29 01 | 09
#1057-d146 @A: 02 24 27 13 | 04
#1058-d146 @A: 07 24 02 34 | 07
#1059-d146 @A: 21 34 22 02 | 01
#1060-d146 @A: 02 15 06 07 | 11
#1061-d146 @A: 11 05 02 10 | 05
#1062-d146 @A: 02 05 07 31 | 08
#1063-d146 @A: 02 31 11 28 | 02
#1064-d146 @A: 21 19 26 09 | 06
#1065-d146 @A: 05 30 19 34 | 10
#1066-d146 @A: 10 15 19 13 | 12
#1067-d146 @A: 14 27 22 19 | 03
#1068-d146 @A: 19 17 03 25 | 09
#1069-d146 @A: 07 19 03 27 | 04
#1070-d146 @A: 16 35 01 06 | 07
#1071-d146 @A: 35 13 11 18 | 01
#1072-d146 @A: 13 15 35 08 | 11
#1073-d146 @A: 05 35 13 26 | 05
#1074-d146 @A: 35 17 18 29 | 08
#1075-d146 @A: 28 16 26 35 | 02
#1076-d146 @A: 16 04 20 35 | 06
#1077-d146 @A: 35 20 25 22 | 10
#1078-d146 @A: 20 35 27 06 | 12
#1079-d146 @A: 25 35 08 04 | 03
#1080-d146 @A: 35 07 28 17 | 09
#1081-d146 @A: 09 05 17 30 | 04
#1082-d146 @A: 31 01 09 29 | 07
#1083-d146 @A: 18 13 09 06 | 01
#1084-d146 @A: 09 15 27 13 | 11
#1085-d146 @A: 09 34 04 17 | 05
#1086-d146 @A: 16 09 07 26 | 08
#1087-d146 @A: 20 28 25 09 | 02
#1088-d146 @A: 27 09 25 29 | 06
#1089-d146 @A: 09 11 25 21 | 10
#1090-d146 @A: 06 09 07 04 | 12
#1091-d146 @A: 11 22 08 09 | 03
#1092-d146 @A: 01 26 11 30 | 09
#1093-d146 @A: 27 34 30 13 | 04
#1094-d146 @A: 20 21 14 30 | 07
#1095-d146 @A: 25 17 30 15 | 01
#1096-d146 @A: 10 01 29 34 | 11
#1097-d146 @A: 01 16 26 25 | 05
#1098-d146 @A: 22 26 08 01 | 08
#1099-d146 @A: 05 01 20 06 | 02
#1100-d146 @A: 07 22 01 25 | 06
#1101-d146 @A: 22 03 27 01 | 10
#1102-d146 @A: 01 27 28 21 | 12
#1103-d146 @A: 04 18 13 24 | 03
#1104-d146 @A: 13 31 22 18 | 09
#1105-d146 @A: 13 15 24 31 | 04
#1106-d146 @A: 06 15 29 13 | 07
#1107-d146 @A: 26 07 13 27 | 01
#1108-d146 @A: 07 20 13 11 | 11
#1109-d146 @A: 13 05 22 10 | 05
#1110-d146 @A: 31 07 13 10 | 08
#1111-d146 @A: 28 21 13 11 | 02
#1112-d146 @A: 34 31 23 18 | 06
#1113-d146 @A: 24 23 34 20 | 10
#1114-d146 @A: 04 34 20 10 | 12
#1115-d146 @A: 34 25 11 10 | 03
#1116-d146 @A: 10 07 22 34 | 09
#1117-d146 @A: 17 34 04 22 | 04
#1118-d146 @A: 04 21 34 08 | 07
#1119-d146 @A: 29 28 04 34 | 01
#1120-d146 @A: 17 08 34 29 | 11
#1121-d146 @A: 15 18 14 22 | 05
#1122-d146 @A: 23 22 26 14 | 08
#1123-d146 @A: 16 15 08 14 | 02
#1124-d146 @A: 04 21 15 14 | 06
#1125-d146 @A: 29 14 15 07 | 10
#1126-d146 @A: 14 05 25 08 | 12
#1127-d146 @A: 14 29 22 10 | 03
#1128-d146 @A: 11 31 14 10 | 09
#1129-d146 @A: 06 08 14 03 | 04
#1130-d146 @A: 28 03 14 31 | 07
#1131-d146 @A: 18 21 24 29 | 01
#1132-d146 @A: 20 18 04 31 | 11
#1133-d146 @A: 03 18 27 10 | 05
#1134-d146 @A: 10 18 29 31 | 08
#1135-d146 @A: 29 18 05 06 | 02
#1136-d146 @A: 11 18 17 31 | 06
#1137-d146 @A: 06 23 16 28 | 10
#1138-d146 @A: 22 23 29 17 | 12
#1139-d146 @A: 03 16 26 31 | 03
#1140-d146 @A: 20 11 03 16 | 09
#1141-d146 @A: 31 05 28 16 | 04
#1142-d146 @A: 17 15 26 22 | 07
#1143-d146 @A: 15 04 17 11 | 01
#1144-d146 @A: 24 31 21 26 | 11
#1145-d146 @A: 26 06 10 20 | 05
#1146-d146 @A: 26 22 04 25 | 08
#1147-d146 @A: 26 17 08 06 | 02
#1148-d146 @A: 05 28 17 26 | 06
#1149-d146 @A: 17 05 20 24 | 10
#1150-d146 @A: 07 24 08 25 | 12
#1151-d146 @A: 07 29 22 24 | 03
#1152-d146 @A: 11 24 29 28 | 09
#1153-d146 @A: 07 06 17 11 | 04
#1154-d146 @A: 03 33 30 32 | 07
#1155-d146 @A: 04 32 33 23 | 01
#1156-d146 @A: 15 33 32 20 | 11
#1157-d146 @A: 05 27 33 32 | 05
#1158-d146 @A: 12 33 13 04 | 08
#1159-d146 @A: 12 18 34 33 | 02
#1160-d146 @A: 23 33 09 22 | 06
#1161-d146 @A: 01 33 07 29 | 10
#1162-d146 @A: 15 07 33 13 | 12
#1163-d146 @A: 05 14 18 33 | 03
#1164-d146 @A: 05 15 23 33 | 09
#1165-d146 @A: 05 33 16 24 | 04
#1166-d146 @A: 28 17 33 15 | 07
#1167-d146 @A: 26 20 33 11 | 01
#1168-d146 @A: 33 20 07 03 | 11
#1169-d146 @A: 33 11 25 08 | 05
#1170-d146 @A: 05 11 33 22 | 08
#1171-d146 @A: 06 33 21 29 | 02
#1172-d146 @A: 29 28 31 33 | 06
#1173-d146 @A: 12 02 32 20 | 10
#1174-d146 @A: 12 21 32 34 | 12
#1175-d146 @A: 11 24 32 02 | 03
#1176-d146 @A: 13 32 19 06 | 09
#1177-d146 @A: 32 19 11 17 | 04
#1178-d146 @A: 32 09 06 35 | 07
#1179-d146 @A: 09 18 32 27 | 01
#1180-d146 @A: 32 30 17 14 | 11
#1181-d146 @A: 32 03 18 34 | 05
#1182-d146 @A: 11 23 32 34 | 08
#1183-d146 @A: 32 20 34 16 | 02
#1184-d146 @A: 14 25 28 32 | 06
#1185-d146 @A: 18 15 06 32 | 10
#1186-d146 @A: 25 26 32 20 | 12
#1187-d146 @A: 28 32 20 06 | 03
#1188-d146 @A: 25 04 32 07 | 09
#1189-d146 @A: 29 08 07 32 | 04
#1190-d146 @A: 02 03 12 30 | 07
#1191-d146 @A: 02 12 11 06 | 01
#1192-d146 @A: 03 19 06 12 | 11
#1193-d146 @A: 17 30 12 35 | 05
#1194-d146 @A: 12 20 24 35 | 08
#1195-d146 @A: 06 12 20 30 | 02
#1196-d146 @A: 01 12 14 05 | 06
#1197-d146 @A: 28 29 13 12 | 10
#1198-d146 @A: 34 24 12 03 | 12
#1199-d146 @A: 12 04 11 14 | 03
#1200-d146 @A: 15 12 03 18 | 09
#1201-d146 @A: 27 12 24 07 | 04
#1202-d146 @A: 12 11 21 20 | 07
#1203-d146 @A: 11 05 27 12 | 01
#1204-d146 @A: 28 21 08 12 | 11
#1205-d146 @A: 17 15 02 09 | 05
#1206-d146 @A: 23 21 30 02 | 08
#1207-d146 @A: 01 08 23 02 | 02
#1208-d146 @A: 28 02 14 13 | 06
#1209-d146 @A: 18 02 27 14 | 10
#1210-d146 @A: 23 14 05 02 | 12
#1211-d146 @A: 02 16 23 18 | 03
#1212-d146 @A: 24 02 20 18 | 09
#1213-d146 @A: 16 15 02 28 | 04
#1214-d146 @A: 17 02 10 25 | 07
#1215-d146 @A: 08 04 28 02 | 01
#1216-d146 @A: 08 07 02 11 | 11
#1217-d146 @A: 09 19 35 11 | 05
#1218-d146 @A: 16 14 19 35 | 08
#1219-d146 @A: 31 23 35 19 | 02
#1220-d146 @A: 19 23 09 01 | 06
#1221-d146 @A: 20 09 24 19 | 10
#1222-d146 @A: 09 19 03 08 | 12
#1223-d146 @A: 30 19 18 16 | 03
#1224-d146 @A: 18 08 19 01 | 09
#1225-d146 @A: 13 34 28 19 | 04
#1226-d146 @A: 19 13 14 05 | 07
#1227-d146 @A: 20 26 23 19 | 01
#1228-d146 @A: 19 04 28 25 | 11
#1229-d146 @A: 19 07 29 10 | 05
#1230-d146 @A: 11 22 07 19 | 08
#1231-d146 @A: 35 04 26 09 | 02
#1232-d146 @A: 34 35 31 20 | 06
#1233-d146 @A: 35 16 24 07 | 10
#1234-d146 @A: 15 24 35 26 | 12
#1235-d146 @A: 11 35 06 08 | 03
#1236-d146 @A: 07 31 20 09 | 09
#1237-d146 @A: 09 31 22 03 | 04
#1238-d146 @A: 06 08 09 28 | 07
#1239-d146 @A: 11 34 18 30 | 01
#1240-d146 @A: 27 30 14 23 | 11
#1241-d146 @A: 14 26 30 04 | 05
#1242-d146 @A: 30 16 08 17 | 08
#1243-d146 @A: 07 17 27 30 | 02
#1244-d146 @A: 04 28 31 30 | 06
#1245-d146 @A: 17 31 06 30 | 10
#1246-d146 @A: 13 14 01 31 | 12
#1247-d146 @A: 26 13 10 01 | 03
#1248-d146 @A: 16 01 18 28 | 09
#1249-d146 @A: 29 01 03 20 | 04
#1250-d146 @A: 04 01 10 28 | 07
#1251-d146 @A: 21 01 22 29 | 01
#1252-d146 @A: 26 13 34 31 | 11
#1253-d146 @A: 20 13 34 29 | 05
#1254-d146 @A: 14 18 13 08 | 08
#1255-d146 @A: 13 05 08 23 | 02
#1256-d146 @A: 13 16 15 21 | 06
#1257-d146 @A: 04 13 29 10 | 10
#1258-d146 @A: 22 04 11 13 | 12
#1259-d146 @A: 03 31 13 29 | 03
#1260-d146 @A: 11 17 13 28 | 09
#1261-d146 @A: 24 18 10 34 | 04
#1262-d146 @A: 07 34 15 26 | 07
#1263-d146 @A: 25 03 15 34 | 01
#1264-d146 @A: 07 25 34 17 | 11
#1265-d146 @A: 14 06 17 24 | 05
#1266-d146 @A: 10 28 27 14 | 08
#1267-d146 @A: 05 04 14 29 | 02
#1268-d146 @A: 03 14 07 22 | 06
#1269-d146 @A: 05 14 11 06 | 10
#1270-d146 @A: 15 23 27 18 | 12
#1271-d146 @A: 05 28 04 18 | 03
#1272-d146 @A: 21 20 08 23 | 09
#1273-d146 @A: 21 10 04 23 | 04
#1274-d146 @A: 06 25 16 31 | 07
#1275-d146 @A: 22 16 08 10 | 01
#1276-d146 @A: 24 11 15 20 | 11
#1277-d146 @A: 08 25 15 20 | 05
#1278-d146 @A: 03 20 15 31 | 08
#1279-d146 @A: 28 20 07 15 | 02
#1280-d146 @A: 11 15 07 27 | 06
#1281-d146 @A: 03 15 11 29 | 10
#1282-d146 @A: 10 26 24 27 | 12
#1283-d146 @A: 04 26 20 27 | 03
#1284-d146 @A: 20 03 26 05 | 09
#1285-d146 @A: 10 22 03 26 | 04
#1286-d146 @A: 10 29 28 26 | 07
#1287-d146 @A: 04 31 26 08 | 01
#1288-d146 @A: 26 06 07 31 | 11
#1289-d146 @A: 05 27 03 24 | 05
#1290-d146 @A: 24 07 21 28 | 08
#1291-d146 @A: 20 27 17 03 | 02
#1292-d146 @A: 10 03 08 17 | 06
#1293-d146 @A: 04 06 03 17 | 10
#1294-d146 @A: 28 17 29 04 | 12
#1295-d146 @A: 17 21 08 07 | 03
#1296-d146 @A: 21 19 33 32 | 09
#1297-d146 @A: 01 33 12 21 | 04
#1298-d146 @A: 31 05 33 12 | 07
#1299-d146 @A: 17 12 33 31 | 01
#1300-d146 @A: 02 21 18 33 | 11
#1301-d146 @A: 33 27 26 19 | 05
#1302-d146 @A: 33 19 24 28 | 08
#1303-d146 @A: 03 22 19 33 | 02
#1304-d146 @A: 35 30 33 07 | 06
#1305-d146 @A: 23 21 35 33 | 10
#1306-d146 @A: 09 04 31 33 | 12
#1307-d146 @A: 08 20 01 33 | 03
#1308-d146 @A: 34 33 16 13 | 09
#1309-d146 @A: 13 10 17 33 | 04
#1310-d146 @A: 34 33 10 26 | 07
#1311-d146 @A: 33 14 25 26 | 01
#1312-d146 @A: 08 33 24 14 | 11
#1313-d146 @A: 15 31 33 06 | 05
#1314-d146 @A: 11 33 04 28 | 08
#1315-d146 @A: 32 06 16 12 | 02
#1316-d146 @A: 17 07 12 32 | 06
#1317-d146 @A: 05 32 09 02 | 10
#1318-d146 @A: 27 32 02 34 | 12
#1319-d146 @A: 22 02 32 07 | 03
#1320-d146 @A: 32 29 19 01 | 09
#1321-d146 @A: 13 32 20 09 | 04
#1322-d146 @A: 32 04 09 08 | 07
#1323-d146 @A: 30 32 18 21 | 01
#1324-d146 @A: 22 30 24 32 | 11
#1325-d146 @A: 01 34 32 25 | 05
#1326-d146 @A: 05 01 07 32 | 08
#1327-d146 @A: 32 23 13 15 | 02
#1328-d146 @A: 34 08 10 32 | 06
#1329-d146 @A: 32 23 18 25 | 10
#1330-d146 @A: 26 07 18 32 | 12
#1331-d146 @A: 32 16 26 11 | 03
#1332-d146 @A: 11 20 32 08 | 09
#1333-d146 @A: 32 08 21 06 | 04
#1334-d146 @A: 19 23 12 02 | 07
#1335-d146 @A: 02 12 07 35 | 01
#1336-d146 @A: 31 01 30 12 | 11
#1337-d146 @A: 25 12 30 05 | 05
#1338-d146 @A: 34 15 12 27 | 08
#1339-d146 @A: 15 26 12 29 | 02
#1340-d146 @A: 27 21 26 12 | 06
#1341-d146 @A: 12 07 20 25 | 10
#1342-d146 @A: 12 10 06 05 | 12
#1343-d146 @A: 22 08 03 12 | 03
#1344-d146 @A: 17 12 03 11 | 09
#1345-d146 @A: 19 02 29 14 | 04
#1346-d146 @A: 19 04 18 02 | 07
#1347-d146 @A: 15 19 02 11 | 01
#1348-d146 @A: 08 35 34 02 | 11
#1349-d146 @A: 11 25 30 02 | 05
#1350-d146 @A: 01 16 04 02 | 08
#1351-d146 @A: 24 01 02 03 | 02
#1352-d146 @A: 02 26 10 31 | 06
#1353-d146 @A: 04 03 02 22 | 10
#1354-d146 @A: 29 31 06 02 | 12
#1355-d146 @A: 17 21 03 02 | 03
#1356-d146 @A: 19 35 05 03 | 09
#1357-d146 @A: 01 30 10 19 | 04
#1358-d146 @A: 21 13 23 19 | 07
#1359-d146 @A: 13 23 19 17 | 01
#1360-d146 @A: 18 19 06 31 | 11
#1361-d146 @A: 20 29 27 19 | 05
#1362-d146 @A: 25 06 10 19 | 08
#1363-d146 @A: 22 25 31 19 | 02
#1364-d146 @A: 10 19 08 28 | 06
#1365-d146 @A: 06 29 22 19 | 10
#1366-d146 @A: 31 19 29 08 | 12
#1367-d146 @A: 21 07 19 31 | 03
#1368-d146 @A: 24 35 31 09 | 09
#1369-d146 @A: 03 35 09 20 | 04
#1370-d146 @A: 27 35 30 01 | 07
#1371-d146 @A: 30 18 06 35 | 01
#1372-d146 @A: 34 01 15 35 | 11
#1373-d146 @A: 35 11 23 14 | 05
#1374-d146 @A: 07 14 26 35 | 08
#1375-d146 @A: 35 23 26 10 | 02
#1376-d146 @A: 22 21 35 31 | 06
#1377-d146 @A: 35 31 06 03 | 10
#1378-d146 @A: 08 09 34 01 | 12
#1379-d146 @A: 11 01 09 15 | 03
#1380-d146 @A: 07 24 09 01 | 09
#1381-d146 @A: 07 13 14 09 | 04
#1382-d146 @A: 25 09 23 34 | 07
#1383-d146 @A: 22 16 14 09 | 01
#1384-d146 @A: 25 16 09 18 | 11
#1385-d146 @A: 10 28 23 09 | 05
#1386-d146 @A: 16 11 29 09 | 08
#1387-d146 @A: 15 24 05 09 | 02
#1388-d146 @A: 09 26 17 07 | 06
#1389-d146 @A: 09 10 22 20 | 10
#1390-d146 @A: 05 10 27 09 | 12
#1391-d146 @A: 11 09 04 27 | 03
#1392-d146 @A: 09 27 08 07 | 09
#1393-d146 @A: 21 29 17 09 | 04
#1394-d146 @A: 21 26 34 30 | 07
#1395-d146 @A: 15 05 30 18 | 01
#1396-d146 @A: 30 15 25 21 | 11
#1397-d146 @A: 17 21 24 30 | 05
#1398-d146 @A: 30 04 27 07 | 08
#1399-d146 @A: 30 03 27 21 | 02
#1400-d146 @A: 05 10 30 28 | 06
#1401-d146 @A: 31 08 30 05 | 10
#1402-d146 @A: 34 23 01 13 | 12
#1403-d146 @A: 01 28 34 17 | 03
#1404-d146 @A: 25 23 01 14 | 09
#1405-d146 @A: 03 23 01 18 | 04
#1406-d146 @A: 10 23 05 01 | 07
#1407-d146 @A: 15 01 16 31 | 01
#1408-d146 @A: 04 31 06 01 | 11
#1409-d146 @A: 06 11 01 22 | 05
#1410-d146 @A: 24 13 14 20 | 08
#1411-d146 @A: 13 26 08 16 | 02
#1412-d146 @A: 03 27 04 13 | 06
#1413-d146 @A: 17 13 27 22 | 10
#1414-d146 @A: 18 17 34 06 | 12
#1415-d146 @A: 08 18 07 34 | 03
#1416-d146 @A: 11 34 05 24 | 09
#1417-d146 @A: 25 34 05 20 | 04
#1418-d146 @A: 06 04 03 34 | 07
#1419-d146 @A: 06 20 14 25 | 01
#1420-d146 @A: 14 25 22 11 | 11
#1421-d146 @A: 18 10 23 22 | 05
#1422-d146 @A: 18 26 16 21 | 08
#1423-d146 @A: 16 25 17 18 | 02
#1424-d146 @A: 25 29 18 20 | 06
#1425-d146 @A: 28 17 18 21 | 10
#1426-d146 @A: 28 03 15 23 | 12
#1427-d146 @A: 22 06 23 07 | 03
#1428-d146 @A: 23 21 28 05 | 09
#1429-d146 @A: 21 25 16 28 | 04
#1430-d146 @A: 27 16 04 10 | 07
#1431-d146 @A: 22 16 03 06 | 01
#1432-d146 @A: 07 29 16 03 | 11
#1433-d146 @A: 31 15 05 04 | 05
#1434-d146 @A: 25 28 26 24 | 08
#1435-d146 @A: 11 06 26 04 | 02
#1436-d146 @A: 04 17 21 26 | 06
#1437-d146 @A: 29 24 06 10 | 10
#1438-d146 @A: 24 10 07 05 | 12
#1439-d146 @A: 28 24 17 03 | 03
#1440-d146 @A: 24 31 11 07 | 09
#1441-d146 @A: 33 12 32 11 | 04
#1442-d146 @A: 07 33 32 24 | 07
#1443-d146 @A: 12 33 27 14 | 01
#1444-d146 @A: 12 07 33 23 | 11
#1445-d146 @A: 03 12 28 33 | 05
#1446-d146 @A: 02 35 33 04 | 08
#1447-d146 @A: 15 02 33 29 | 02
#1448-d146 @A: 17 02 08 33 | 06
#1449-d146 @A: 25 33 19 34 | 10
#1450-d146 @A: 19 33 07 14 | 12
#1451-d146 @A: 07 10 33 09 | 03
#1452-d146 @A: 33 34 06 30 | 09
#1453-d146 @A: 30 33 10 24 | 04
#1454-d146 @A: 03 01 04 33 | 07
#1455-d146 @A: 28 26 33 23 | 01
#1456-d146 @A: 29 20 33 04 | 11
#1457-d146 @A: 31 10 33 25 | 05
#1458-d146 @A: 33 22 25 29 | 08
#1459-d146 @A: 33 21 11 27 | 02
#1460-d146 @A: 10 04 33 05 | 06
#1461-d146 @A: 04 33 08 07 | 10
#1462-d146 @A: 12 27 01 32 | 12
#1463-d146 @A: 13 02 25 32 | 03
#1464-d146 @A: 03 32 08 02 | 09
#1465-d146 @A: 19 07 32 16 | 04
#1466-d146 @A: 35 29 32 10 | 07
#1467-d146 @A: 28 09 32 30 | 01
#1468-d146 @A: 23 08 32 26 | 11
#1469-d146 @A: 03 23 05 32 | 05
#1470-d146 @A: 10 32 31 20 | 08
#1471-d146 @A: 25 21 29 32 | 02
#1472-d146 @A: 10 32 07 28 | 06
#1473-d146 @A: 22 06 32 05 | 10
#1474-d146 @A: 28 02 01 12 | 12
#1475-d146 @A: 16 13 02 12 | 03
#1476-d146 @A: 19 12 16 27 | 09
#1477-d146 @A: 01 12 24 11 | 04
#1478-d146 @A: 05 23 34 12 | 07
#1479-d146 @A: 18 25 12 26 | 01
#1480-d146 @A: 18 12 11 08 | 11
#1481-d146 @A: 29 05 12 08 | 05
#1482-d146 @A: 15 02 25 09 | 08
#1483-d146 @A: 14 17 10 02 | 02
#1484-d146 @A: 02 06 28 18 | 06
#1485-d146 @A: 26 02 17 11 | 10
#1486-d146 @A: 02 29 10 21 | 12
#1487-d146 @A: 21 02 04 11 | 03
#1488-d146 @A: 16 21 01 19 | 09
#1489-d146 @A: 28 19 15 01 | 04
#1490-d146 @A: 19 15 24 03 | 07
#1491-d146 @A: 11 25 29 19 | 01
#1492-d146 @A: 31 27 10 19 | 11
#1493-d146 @A: 14 05 35 30 | 05
#1494-d146 @A: 24 04 35 30 | 08
#1495-d146 @A: 35 24 10 01 | 02
#1496-d146 @A: 01 17 35 31 | 06
#1497-d146 @A: 21 16 35 34 | 10
#1498-d146 @A: 35 23 18 04 | 12
#1499-d146 @A: 31 35 28 18 | 03
#1500-d146 @A: 15 17 35 23 | 09
#1501-d146 @A: 22 06 35 26 | 04
#1502-d146 @A: 11 35 07 04 | 07
#1503-d146 @A: 35 04 28 21 | 01
#1504-d146 @A: 29 09 30 14 | 11
#1505-d146 @A: 09 21 34 10 | 05
#1506-d146 @A: 15 14 09 06 | 08
#1507-d146 @A: 28 09 24 18 | 02
#1508-d146 @A: 23 17 09 11 | 06
#1509-d146 @A: 16 24 17 09 | 10
#1510-d146 @A: 09 26 22 15 | 12
#1511-d146 @A: 25 08 31 09 | 03
#1512-d146 @A: 10 09 22 17 | 09
#1513-d146 @A: 06 09 03 29 | 04
#1514-d146 @A: 09 03 31 17 | 07
#1515-d146 @A: 01 08 30 13 | 01
#1516-d146 @A: 30 18 23 13 | 11
#1517-d146 @A: 16 30 03 13 | 05
#1518-d146 @A: 14 28 16 30 | 08
#1519-d146 @A: 20 18 28 30 | 02
#1520-d146 @A: 25 08 30 18 | 06
#1521-d146 @A: 07 30 15 16 | 10
#1522-d146 @A: 10 15 30 26 | 12
#1523-d146 @A: 07 25 30 06 | 03
#1524-d146 @A: 07 08 30 21 | 09
#1525-d146 @A: 13 21 18 01 | 04
#1526-d146 @A: 20 22 28 01 | 07
#1527-d146 @A: 21 01 03 25 | 01
#1528-d146 @A: 28 01 07 31 | 11
#1529-d146 @A: 14 15 25 13 | 05
#1530-d146 @A: 16 07 23 13 | 08
#1531-d146 @A: 13 31 04 21 | 02
#1532-d146 @A: 13 28 08 31 | 06
#1533-d146 @A: 21 23 14 34 | 10
#1534-d146 @A: 34 23 03 17 | 12
#1535-d146 @A: 05 34 21 27 | 03
#1536-d146 @A: 03 10 34 28 | 09
#1537-d146 @A: 05 31 10 34 | 04
#1538-d146 @A: 28 17 23 14 | 07
#1539-d146 @A: 16 29 06 14 | 01
#1540-d146 @A: 11 14 28 20 | 11
#1541-d146 @A: 25 29 03 14 | 05
#1542-d146 @A: 07 14 05 27 | 08
#1543-d146 @A: 28 03 18 25 | 02
#1544-d146 @A: 06 04 22 18 | 06
#1545-d146 @A: 18 22 08 21 | 10
#1546-d146 @A: 21 23 25 06 | 12
#1547-d146 @A: 27 23 04 17 | 03
#1548-d146 @A: 07 23 21 03 | 09
#1549-d146 @A: 31 16 24 10 | 04
#1550-d146 @A: 21 22 16 20 | 07
#1551-d146 @A: 16 27 05 22 | 01
#1552-d146 @A: 16 10 03 21 | 11
#1553-d146 @A: 16 08 03 05 | 05
#1554-d146 @A: 15 28 08 11 | 08
#1555-d146 @A: 28 26 04 03 | 02
#1556-d146 @A: 26 21 22 28 | 06
#1557-d146 @A: 05 21 20 24 | 10
#1558-d146 @A: 24 25 11 27 | 12
#1559-d146 @A: 24 25 22 03 | 03
#1560-d146 @A: 10 20 17 28 | 09
#1561-d146 @A: 17 22 20 21 | 04
#1562-d146 @A: 31 25 28 17 | 07
#1563-d146 @A: 22 17 07 03 | 01
#1564-d146 @A: 30 33 09 12 | 11
#1565-d146 @A: 27 30 02 33 | 05
#1566-d146 @A: 33 11 19 01 | 08
#1567-d146 @A: 13 33 29 19 | 02
#1568-d146 @A: 25 13 33 35 | 06
#1569-d146 @A: 04 17 33 30 | 10
#1570-d146 @A: 03 13 33 14 | 12
#1571-d146 @A: 23 06 33 18 | 03
#1572-d146 @A: 17 16 33 26 | 09
#1573-d146 @A: 33 26 03 15 | 04
#1574-d146 @A: 07 25 33 27 | 07
#1575-d146 @A: 33 21 04 25 | 01
#1576-d146 @A: 05 03 25 33 | 11
#1577-d146 @A: 33 29 27 17 | 05
#1578-d146 @A: 29 11 33 10 | 08
#1579-d146 @A: 17 22 33 06 | 02
#1580-d146 @A: 01 32 10 02 | 06
#1581-d146 @A: 19 32 28 35 | 10
#1582-d146 @A: 26 03 32 19 | 12
#1583-d146 @A: 32 35 13 16 | 03
#1584-d146 @A: 09 32 21 23 | 09
#1585-d146 @A: 18 32 01 22 | 04
#1586-d146 @A: 06 34 26 32 | 07
#1587-d146 @A: 34 28 32 24 | 01
#1588-d146 @A: 20 04 21 32 | 11
#1589-d146 @A: 32 29 20 05 | 05
#1590-d146 @A: 24 26 12 02 | 08
#1591-d146 @A: 22 01 19 12 | 02
#1592-d146 @A: 12 14 19 28 | 06
#1593-d146 @A: 16 35 12 11 | 10
#1594-d146 @A: 27 18 30 12 | 12
#1595-d146 @A: 13 10 34 12 | 03
#1596-d146 @A: 17 34 12 20 | 09
#1597-d146 @A: 06 12 18 24 | 04
#1598-d146 @A: 12 29 25 06 | 07
#1599-d146 @A: 03 11 25 12 | 01
#1600-d146 @A: 03 31 12 27 | 11
#1601-d146 @A: 12 22 07 31 | 05
#1602-d146 @A: 12 21 31 29 | 08
#1603-d146 @A: 16 02 17 19 | 02
#1604-d146 @A: 02 24 35 28 | 06
#1605-d146 @A: 02 17 04 35 | 10
#1606-d146 @A: 02 20 09 26 | 12
#1607-d146 @A: 29 25 02 01 | 03
#1608-d146 @A: 16 02 05 34 | 09
#1609-d146 @A: 14 06 02 26 | 04
#1610-d146 @A: 25 18 22 02 | 07
#1611-d146 @A: 02 08 24 15 | 01
#1612-d146 @A: 08 25 27 02 | 11
#1613-d146 @A: 22 10 02 06 | 05
#1614-d146 @A: 07 03 10 02 | 08
#1615-d146 @A: 05 02 17 31 | 02
#1616-d146 @A: 34 10 19 35 | 06
#1617-d146 @A: 15 20 19 35 | 10
#1618-d146 @A: 09 29 19 34 | 12
#1619-d146 @A: 10 18 19 09 | 03
#1620-d146 @A: 19 01 25 27 | 09
#1621-d146 @A: 04 07 19 13 | 04
#1622-d146 @A: 19 14 26 11 | 07
#1623-d146 @A: 04 11 19 20 | 01
#1624-d146 @A: 08 19 07 20 | 11
#1625-d146 @A: 19 28 06 07 | 05
#1626-d146 @A: 01 22 09 35 | 08
#1627-d146 @A: 13 35 14 06 | 02
#1628-d146 @A: 35 04 31 14 | 06
#1629-d146 @A: 15 21 18 35 | 10
#1630-d146 @A: 03 35 15 16 | 12
#1631-d146 @A: 15 35 11 22 | 03
#1632-d146 @A: 35 10 08 31 | 09
#1633-d146 @A: 14 27 09 20 | 04
#1634-d146 @A: 23 09 18 20 | 07
#1635-d146 @A: 16 23 27 09 | 01
#1636-d146 @A: 03 09 26 23 | 11
#1637-d146 @A: 08 09 24 16 | 05
#1638-d146 @A: 07 25 09 03 | 08
#1639-d146 @A: 29 09 04 22 | 02
#1640-d146 @A: 09 05 31 21 | 06
#1641-d146 @A: 30 13 14 22 | 10
#1642-d146 @A: 13 15 30 04 | 12
#1643-d146 @A: 29 24 23 30 | 03
#1644-d146 @A: 03 30 25 20 | 09
#1645-d146 @A: 30 20 07 10 | 04
#1646-d146 @A: 22 25 10 30 | 07
#1647-d146 @A: 15 05 01 13 | 01
#1648-d146 @A: 01 03 34 26 | 11
#1649-d146 @A: 26 06 18 01 | 05
#1650-d146 @A: 01 31 11 18 | 08
#1651-d146 @A: 23 01 22 16 | 02
#1652-d146 @A: 27 10 01 08 | 06
#1653-d146 @A: 07 10 11 01 | 10
#1654-d146 @A: 22 04 05 01 | 12
#1655-d146 @A: 13 23 14 04 | 03
#1656-d146 @A: 29 13 14 26 | 09
#1657-d146 @A: 05 11 03 13 | 04
#1658-d146 @A: 29 07 13 21 | 07
#1659-d146 @A: 20 14 07 34 | 01
#1660-d146 @A: 16 24 22 34 | 11
#1661-d146 @A: 22 20 11 34 | 05
#1662-d146 @A: 07 04 05 34 | 08
#1663-d146 @A: 34 22 31 28 | 02
#1664-d146 @A: 28 11 34 06 | 06
#1665-d146 @A: 03 08 31 34 | 10
#1666-d146 @A: 34 03 11 07 | 12
#1667-d146 @A: 18 14 04 16 | 03
#1668-d146 @A: 26 16 20 14 | 09
#1669-d146 @A: 14 08 20 22 | 04
#1670-d146 @A: 17 11 14 20 | 07
#1671-d146 @A: 08 10 04 14 | 01
#1672-d146 @A: 17 26 10 18 | 11
#1673-d146 @A: 25 18 05 31 | 05
#1674-d146 @A: 28 11 27 18 | 08
#1675-d146 @A: 04 21 18 03 | 02
#1676-d146 @A: 24 23 04 15 | 06
#1677-d146 @A: 05 04 23 27 | 10
#1678-d146 @A: 23 06 03 27 | 12
#1679-d146 @A: 23 31 27 29 | 03
#1680-d146 @A: 04 23 28 22 | 09
#1681-d146 @A: 16 28 20 29 | 04
#1682-d146 @A: 16 05 22 17 | 07
#1683-d146 @A: 21 16 11 08 | 01
#1684-d146 @A: 11 05 26 15 | 11
#1685-d146 @A: 07 21 26 20 | 05
#1686-d146 @A: 26 29 27 11 | 08
#1687-d146 @A: 22 07 05 26 | 02
#1688-d146 @A: 31 24 08 06 | 06
#1689-d146 @A: 20 07 31 17 | 10
