#0001-d168 @A: 08 03 29 02 | 04
#0002-d168 @A: 19 32 08 03 | 01
#0003-d168 @A: 03 01 08 34 | 10
#0004-d168 @A: 08 31 18 29 | 05
#0005-d168 @A: 16 33 14 08 | 08
#0006-d168 @A: 21 08 06 19 | 11
#0007-d168 @A: 30 06 05 08 | 07
#0008-d168 @A: 23 12 08 06 | 06
#0009-d168 @A: 01 12 08 13 | 09
#0010-d168 @A: 31 08 28 26 | 02
#0011-d168 @A: 25 09 08 23 | 12
#0012-d168 @A: 04 08 25 05 | 03
#0013-d168 @A: 08 15 18 11 | 04
#0014-d168 @A: 08 20 22 05 | 01
#0015-d168 @A: 21 08 07 01 | 10
#0016-d168 @A: 21 27 08 02 | 05
#0017-d168 @A: 33 22 07 08 | 08
#0018-d168 @A: 29 32 03 06 | 11
#0019-d168 @A: 26 03 14 21 | 07
#0020-d168 @A: 03 16 02 30 | 06
#0021-d168 @A: 28 16 03 13 | 09
#0022-d168 @A: 03 30 21 35 | 02
#0023-d168 @A: 20 06 03 35 | 12
#0024-d168 @A: 01 15 03 25 | 03
#0025-d168 @A: 35 13 04 03 | 04
#0026-d168 @A: 27 07 35 03 | 01
#0027-d168 @A: 11 03 15 33 | 10
#0028-d168 @A: 18 20 22 03 | 05
#0029-d168 @A: 13 07 05 03 | 08
#0030-d168 @A: 16 07 29 17 | 11
#0031-d168 @A: 23 33 29 16 | 07
#0032-d168 @A: 35 29 04 30 | 06
#0033-d168 @A: 12 29 11 01 | 09
#0034-d168 @A: 05 06 09 29 | 02
#0035-d168 @A: 06 29 10 20 | 12
#0036-d168 @A: 29 02 25 27 | 03
#0037-d168 @A: 29 34 04 10 | 04
#0038-d168 @A: 07 29 31 21 | 01
#0039-d168 @A: 07 33 13 29 | 10
#0040-d168 @A: 02 23 07 29 | 05
#0041-d168 @A: 13 29 32 24 | 08
#0042-d168 @A: 14 01 12 19 | 11
#0043-d168 @A: 19 11 02 14 | 07
#0044-d168 @A: 33 06 30 14 | 06
#0045-d168 @A: 34 06 14 01 | 09
#0046-d168 @A: 14 01 10 04 | 02
#0047-d168 @A: 21 14 10 28 | 12
#0048-d168 @A: 21 16 19 15 | 03
#0049-d168 @A: 23 16 19 18 | 04
#0050-d168 @A: 25 35 30 19 | 01
#0051-d168 @A: 19 20 22 26 | 10
#0052-d168 @A: 01 04 06 19 | 05
#0053-d168 @A: 20 35 05 19 | 08
#0054-d168 @A: 28 19 31 27 | 11
#0055-d168 @A: 05 22 13 19 | 07
#0056-d168 @A: 01 19 31 05 | 06
#0057-d168 @A: 17 16 32 26 | 09
#0058-d168 @A: 26 11 16 27 | 02
#0059-d168 @A: 09 16 31 11 | 12
#0060-d168 @A: 07 16 13 09 | 03
#0061-d168 @A: 10 35 18 16 | 04
#0062-d168 @A: 16 02 20 23 | 01
#0063-d168 @A: 16 18 27 07 | 10
#0064-d168 @A: 17 10 26 25 | 05
#0065-d168 @A: 17 13 04 26 | 08
#0066-d168 @A: 06 33 17 10 | 11
#0067-d168 @A: 31 17 21 20 | 07
#0068-d168 @A: 20 05 02 17 | 06
#0069-d168 @A: 18 17 23 33 | 09
#0070-d168 @A: 01 17 23 13 | 02
#0071-d168 @A: 02 17 23 31 | 12
#0072-d168 @A: 35 26 30 18 | 03
#0073-d168 @A: 32 04 30 10 | 04
#0074-d168 @A: 30 35 20 34 | 01
#0075-d168 @A: 07 30 05 11 | 10
#0076-d168 @A: 30 23 07 20 | 05
#0077-d168 @A: 24 02 30 20 | 08
#0078-d168 @A: 33 27 02 30 | 11
#0079-d168 @A: 22 30 02 18 | 07
#0080-d168 @A: 33 12 34 09 | 06
#0081-d168 @A: 04 32 12 11 | 09
#0082-d168 @A: 24 35 12 11 | 02
#0083-d168 @A: 10 01 34 12 | 12
#0084-d168 @A: 12 28 01 02 | 03
#0085-d168 @A: 31 12 18 02 | 04
#0086-d168 @A: 10 27 12 02 | 01
#0087-d168 @A: 01 24 31 12 | 10
#0088-d168 @A: 33 09 04 26 | 05
#0089-d168 @A: 21 26 22 35 | 08
#0090-d168 @A: 26 10 11 18 | 11
#0091-d168 @A: 26 20 18 32 | 07
#0092-d168 @A: 13 26 21 27 | 06
#0093-d168 @A: 13 07 22 26 | 09
#0094-d168 @A: 18 26 28 27 | 02
#0095-d168 @A: 09 06 13 34 | 12
#0096-d168 @A: 22 07 25 06 | 03
#0097-d168 @A: 04 15 33 06 | 04
#0098-d168 @A: 33 20 28 06 | 01
#0099-d168 @A: 27 21 31 06 | 10
#0100-d168 @A: 27 22 23 06 | 05
#0101-d168 @A: 11 09 01 13 | 08
#0102-d168 @A: 31 20 02 09 | 11
#0103-d168 @A: 21 09 07 33 | 07
#0104-d168 @A: 13 09 18 21 | 06
#0105-d168 @A: 23 32 09 22 | 09
#0106-d168 @A: 02 09 23 05 | 02
#0107-d168 @A: 22 04 25 28 | 12
#0108-d168 @A: 21 20 25 13 | 03
#0109-d168 @A: 33 18 25 32 | 04
#0110-d168 @A: 25 22 27 32 | 01
#0111-d168 @A: 11 05 34 35 | 10
#0112-d168 @A: 18 20 02 35 | 05
#0113-d168 @A: 07 33 35 28 | 08
#0114-d168 @A: 05 18 35 22 | 11
#0115-d168 @A: 15 10 11 22 | 07
#0116-d168 @A: 24 32 15 34 | 06
#0117-d168 @A: 28 20 05 15 | 09
#0118-d168 @A: 22 21 15 33 | 02
#0119-d168 @A: 32 21 27 15 | 12
#0120-d168 @A: 15 02 13 07 | 03
#0121-d168 @A: 13 28 23 10 | 04
#0122-d168 @A: 08 03 31 35 | 01
#0123-d168 @A: 29 16 28 08 | 10
#0124-d168 @A: 29 17 30 08 | 05
#0125-d168 @A: 08 14 13 11 | 08
#0126-d168 @A: 24 30 08 19 | 11
#0127-d168 @A: 34 19 31 08 | 07
#0128-d168 @A: 15 08 27 16 | 06
#0129-d168 @A: 04 08 30 21 | 09
#0130-d168 @A: 28 08 12 35 | 02
#0131-d168 @A: 08 26 07 25 | 12
#0132-d168 @A: 08 28 10 26 | 03
#0133-d168 @A: 08 11 06 02 | 04
#0134-d168 @A: 08 18 06 32 | 01
#0135-d168 @A: 09 27 34 08 | 10
#0136-d168 @A: 08 27 35 25 | 05
#0137-d168 @A: 25 15 22 08 | 08
#0138-d168 @A: 35 08 05 07 | 11
#0139-d168 @A: 35 22 01 08 | 07
#0140-d168 @A: 18 08 20 01 | 06
#0141-d168 @A: 23 08 20 31 | 09
#0142-d168 @A: 08 22 23 02 | 02
#0143-d168 @A: 08 32 05 13 | 12
#0144-d168 @A: 13 24 31 08 | 03
#0145-d168 @A: 03 14 27 18 | 04
#0146-d168 @A: 19 03 12 13 | 01
#0147-d168 @A: 19 03 33 06 | 10
#0148-d168 @A: 03 05 12 30 | 05
#0149-d168 @A: 26 13 30 03 | 08
#0150-d168 @A: 03 30 34 22 | 11
#0151-d168 @A: 34 03 10 13 | 07
#0152-d168 @A: 07 03 02 18 | 06
#0153-d168 @A: 05 32 27 03 | 09
#0154-d168 @A: 17 29 14 32 | 02
#0155-d168 @A: 28 14 29 07 | 12
#0156-d168 @A: 16 19 29 13 | 03
#0157-d168 @A: 29 20 24 19 | 04
#0158-d168 @A: 04 05 29 17 | 01
#0159-d168 @A: 29 33 34 17 | 10
#0160-d168 @A: 29 17 21 10 | 05
#0161-d168 @A: 27 29 30 34 | 08
#0162-d168 @A: 24 09 29 04 | 11
#0163-d168 @A: 07 29 01 34 | 07
#0164-d168 @A: 31 27 29 32 | 06
#0165-d168 @A: 29 23 31 01 | 09
#0166-d168 @A: 27 14 19 15 | 02
#0167-d168 @A: 14 09 21 16 | 12
#0168-d168 @A: 14 06 17 02 | 03
#0169-d168 @A: 27 14 05 30 | 04
#0170-d168 @A: 14 12 26 20 | 01
#0171-d168 @A: 14 11 18 26 | 10
#0172-d168 @A: 14 09 20 11 | 05
#0173-d168 @A: 10 25 14 20 | 08
#0174-d168 @A: 21 04 14 01 | 11
#0175-d168 @A: 35 01 20 14 | 07
#0176-d168 @A: 21 31 14 28 | 06
#0177-d168 @A: 13 24 05 14 | 09
#0178-d168 @A: 10 09 19 16 | 02
#0179-d168 @A: 20 11 19 16 | 12
#0180-d168 @A: 17 04 19 12 | 03
#0181-d168 @A: 19 17 33 09 | 04
#0182-d168 @A: 15 32 17 19 | 01
#0183-d168 @A: 12 06 19 05 | 10
#0184-d168 @A: 35 26 19 24 | 05
#0185-d168 @A: 09 19 07 22 | 08
#0186-d168 @A: 04 19 21 34 | 11
#0187-d168 @A: 20 10 19 11 | 07
#0188-d168 @A: 19 20 07 13 | 06
#0189-d168 @A: 27 19 33 22 | 09
#0190-d168 @A: 23 19 33 05 | 02
#0191-d168 @A: 19 24 02 23 | 12
#0192-d168 @A: 17 10 16 12 | 03
#0193-d168 @A: 31 16 26 30 | 04
#0194-d168 @A: 16 09 30 23 | 01
#0195-d168 @A: 06 16 11 12 | 10
#0196-d168 @A: 16 20 12 25 | 05
#0197-d168 @A: 35 12 05 16 | 08
#0198-d168 @A: 16 26 33 06 | 11
#0199-d168 @A: 09 04 16 02 | 07
#0200-d168 @A: 16 25 15 07 | 06
#0201-d168 @A: 34 16 04 23 | 09
#0202-d168 @A: 35 16 20 33 | 02
#0203-d168 @A: 11 16 15 34 | 12
#0204-d168 @A: 01 16 31 10 | 03
#0205-d168 @A: 30 24 26 17 | 04
#0206-d168 @A: 30 17 20 33 | 01
#0207-d168 @A: 04 11 17 24 | 10
#0208-d168 @A: 10 17 35 34 | 05
#0209-d168 @A: 23 11 17 34 | 08
#0210-d168 @A: 02 07 17 33 | 11
#0211-d168 @A: 33 05 17 01 | 07
#0212-d168 @A: 15 02 12 30 | 06
#0213-d168 @A: 04 06 31 30 | 09
#0214-d168 @A: 09 30 07 04 | 02
#0215-d168 @A: 21 27 25 30 | 12
#0216-d168 @A: 33 04 05 30 | 03
#0217-d168 @A: 21 20 30 18 | 04
#0218-d168 @A: 30 33 32 13 | 01
#0219-d168 @A: 23 30 05 18 | 10
#0220-d168 @A: 12 26 07 35 | 05
#0221-d168 @A: 01 06 32 12 | 08
#0222-d168 @A: 10 22 12 25 | 11
#0223-d168 @A: 12 02 25 24 | 07
#0224-d168 @A: 05 21 12 27 | 06
#0225-d168 @A: 12 23 13 07 | 09
#0226-d168 @A: 34 35 26 31 | 02
#0227-d168 @A: 35 05 02 26 | 12
#0228-d168 @A: 02 20 26 01 | 03
#0229-d168 @A: 22 07 26 10 | 04
#0230-d168 @A: 06 07 21 35 | 01
#0231-d168 @A: 32 06 27 33 | 10
#0232-d168 @A: 27 06 24 18 | 05
#0233-d168 @A: 06 18 23 13 | 08
#0234-d168 @A: 34 23 31 09 | 11
#0235-d168 @A: 09 31 05 22 | 07
#0236-d168 @A: 09 24 27 01 | 06
#0237-d168 @A: 05 32 20 25 | 09
#0238-d168 @A: 31 25 28 32 | 02
#0239-d168 @A: 25 01 18 24 | 12
#0240-d168 @A: 33 18 13 04 | 03
#0241-d168 @A: 31 04 13 01 | 04
#0242-d168 @A: 24 07 35 01 | 01
#0243-d168 @A: 35 33 27 05 | 10
#0244-d168 @A: 11 24 18 20 | 05
#0245-d168 @A: 20 11 01 31 | 08
#0246-d168 @A: 33 11 10 02 | 11
#0247-d168 @A: 05 31 11 23 | 07
#0248-d168 @A: 11 02 31 27 | 06
#0249-d168 @A: 34 15 20 27 | 09
#0250-d168 @A: 15 13 20 22 | 02
#0251-d168 @A: 23 07 27 15 | 12
#0252-d168 @A: 28 02 15 32 | 03
#0253-d168 @A: 32 33 10 15 | 04
#0254-d168 @A: 20 23 34 32 | 01
#0255-d168 @A: 34 21 07 02 | 10
#0256-d168 @A: 07 24 34 31 | 05
#0257-d168 @A: 22 01 18 10 | 08
#0258-d168 @A: 08 02 26 14 | 11
#0259-d168 @A: 28 08 09 14 | 07
#0260-d168 @A: 08 17 19 35 | 06
#0261-d168 @A: 19 04 08 28 | 09
#0262-d168 @A: 11 19 33 08 | 02
#0263-d168 @A: 19 22 08 18 | 12
#0264-d168 @A: 05 17 12 08 | 03
#0265-d168 @A: 08 06 17 20 | 04
#0266-d168 @A: 08 13 17 15 | 01
#0267-d168 @A: 30 31 08 12 | 10
#0268-d168 @A: 26 30 20 08 | 05
#0269-d168 @A: 08 06 27 04 | 08
#0270-d168 @A: 34 07 08 11 | 11
#0271-d168 @A: 05 24 11 08 | 07
#0272-d168 @A: 08 22 21 13 | 06
#0273-d168 @A: 27 08 31 22 | 09
#0274-d168 @A: 02 08 10 23 | 02
#0275-d168 @A: 26 18 29 03 | 12
#0276-d168 @A: 22 04 03 29 | 03
#0277-d168 @A: 35 29 05 03 | 04
#0278-d168 @A: 26 35 03 16 | 01
#0279-d168 @A: 09 03 16 22 | 10
#0280-d168 @A: 24 01 03 16 | 05
#0281-d168 @A: 06 11 03 17 | 08
#0282-d168 @A: 18 17 34 03 | 11
#0283-d168 @A: 03 20 17 10 | 07
#0284-d168 @A: 34 03 20 12 | 06
#0285-d168 @A: 26 22 15 03 | 09
#0286-d168 @A: 28 03 26 02 | 02
#0287-d168 @A: 03 24 09 13 | 12
#0288-d168 @A: 03 10 04 28 | 03
#0289-d168 @A: 21 07 28 03 | 04
#0290-d168 @A: 13 31 03 18 | 01
#0291-d168 @A: 14 35 29 26 | 10
#0292-d168 @A: 29 06 14 24 | 05
#0293-d168 @A: 15 31 29 17 | 08
#0294-d168 @A: 29 30 09 11 | 11
#0295-d168 @A: 22 30 29 15 | 07
#0296-d168 @A: 21 29 30 23 | 06
#0297-d168 @A: 29 23 12 09 | 09
#0298-d168 @A: 29 04 13 12 | 02
#0299-d168 @A: 20 15 26 29 | 12
#0300-d168 @A: 26 13 31 29 | 03
#0301-d168 @A: 06 23 29 04 | 04
#0302-d168 @A: 29 09 32 10 | 01
#0303-d168 @A: 21 01 20 29 | 10
#0304-d168 @A: 20 29 07 27 | 05
#0305-d168 @A: 32 02 29 20 | 08
#0306-d168 @A: 05 07 29 22 | 11
#0307-d168 @A: 15 20 14 17 | 07
#0308-d168 @A: 13 14 17 34 | 06
#0309-d168 @A: 14 11 07 12 | 09
#0310-d168 @A: 14 33 15 26 | 02
#0311-d168 @A: 09 23 04 14 | 12
#0312-d168 @A: 24 14 25 11 | 03
#0313-d168 @A: 28 18 01 14 | 04
#0314-d168 @A: 23 28 02 14 | 01
#0315-d168 @A: 28 19 16 06 | 10
#0316-d168 @A: 19 09 35 16 | 05
#0317-d168 @A: 19 24 04 16 | 08
#0318-d168 @A: 31 19 24 17 | 11
#0319-d168 @A: 19 07 21 12 | 07
#0320-d168 @A: 02 27 26 19 | 06
#0321-d168 @A: 34 19 09 24 | 09
#0322-d168 @A: 31 25 15 19 | 02
#0323-d168 @A: 19 04 31 02 | 12
#0324-d168 @A: 22 19 35 31 | 03
#0325-d168 @A: 24 33 19 18 | 04
#0326-d168 @A: 20 17 18 16 | 01
#0327-d168 @A: 16 04 22 30 | 10
#0328-d168 @A: 34 05 06 16 | 05
#0329-d168 @A: 31 24 25 16 | 08
#0330-d168 @A: 16 21 33 27 | 11
#0331-d168 @A: 31 16 21 02 | 07
#0332-d168 @A: 05 16 27 02 | 06
#0333-d168 @A: 17 30 15 27 | 09
#0334-d168 @A: 28 06 32 17 | 02
#0335-d168 @A: 05 17 06 23 | 12
#0336-d168 @A: 17 05 11 09 | 03
#0337-d168 @A: 31 28 17 04 | 04
#0338-d168 @A: 22 17 31 07 | 01
#0339-d168 @A: 06 26 30 07 | 10
#0340-d168 @A: 30 11 26 33 | 05
#0341-d168 @A: 30 34 26 02 | 08
#0342-d168 @A: 26 28 05 30 | 11
#0343-d168 @A: 30 31 11 34 | 07
#0344-d168 @A: 32 30 28 24 | 06
#0345-d168 @A: 02 07 12 09 | 09
#0346-d168 @A: 12 25 11 33 | 02
#0347-d168 @A: 12 35 15 21 | 12
#0348-d168 @A: 07 10 21 12 | 03
#0349-d168 @A: 12 05 07 01 | 04
#0350-d168 @A: 12 28 10 33 | 01
#0351-d168 @A: 23 12 22 33 | 10
#0352-d168 @A: 33 05 12 24 | 05
#0353-d168 @A: 27 33 12 13 | 08
#0354-d168 @A: 26 22 24 25 | 11
#0355-d168 @A: 34 26 24 11 | 07
#0356-d168 @A: 21 20 26 07 | 06
#0357-d168 @A: 11 06 09 23 | 09
#0358-d168 @A: 06 09 20 01 | 02
#0359-d168 @A: 06 11 34 32 | 12
#0360-d168 @A: 23 15 06 31 | 03
#0361-d168 @A: 21 20 06 23 | 04
#0362-d168 @A: 02 22 20 06 | 01
#0363-d168 @A: 10 32 06 02 | 10
#0364-d168 @A: 27 11 35 09 | 05
#0365-d168 @A: 05 10 09 34 | 08
#0366-d168 @A: 28 21 09 01 | 11
#0367-d168 @A: 21 09 10 33 | 07
#0368-d168 @A: 22 13 09 28 | 06
#0369-d168 @A: 01 33 31 09 | 09
#0370-d168 @A: 25 34 10 11 | 02
#0371-d168 @A: 15 10 28 25 | 12
#0372-d168 @A: 25 28 01 33 | 03
#0373-d168 @A: 32 04 24 35 | 04
#0374-d168 @A: 34 11 04 33 | 01
#0375-d168 @A: 24 20 04 22 | 10
#0376-d168 @A: 21 05 32 04 | 05
#0377-d168 @A: 24 04 07 13 | 08
#0378-d168 @A: 24 27 04 10 | 11
#0379-d168 @A: 35 02 21 01 | 07
#0380-d168 @A: 02 35 23 33 | 06
#0381-d168 @A: 22 11 13 24 | 09
#0382-d168 @A: 18 11 02 13 | 02
#0383-d168 @A: 10 01 11 23 | 12
#0384-d168 @A: 07 15 05 31 | 03
#0385-d168 @A: 01 15 31 02 | 04
#0386-d168 @A: 13 24 23 15 | 01
#0387-d168 @A: 24 13 10 15 | 10
#0388-d168 @A: 28 20 34 18 | 05
#0389-d168 @A: 31 20 34 33 | 08
#0390-d168 @A: 21 34 18 22 | 11
#0391-d168 @A: 33 27 23 34 | 07
#0392-d168 @A: 10 33 24 20 | 06
#0393-d168 @A: 18 28 10 27 | 09
#0394-d168 @A: 10 33 31 13 | 02
#0395-d168 @A: 03 17 08 21 | 12
#0396-d168 @A: 08 24 03 15 | 03
#0397-d168 @A: 29 07 09 08 | 04
#0398-d168 @A: 05 15 08 29 | 01
#0399-d168 @A: 25 14 32 08 | 10
#0400-d168 @A: 16 04 32 08 | 05
#0401-d168 @A: 08 26 17 23 | 08
#0402-d168 @A: 30 32 08 22 | 11
#0403-d168 @A: 18 08 10 12 | 07
#0404-d168 @A: 08 10 06 34 | 06
#0405-d168 @A: 11 08 31 32 | 09
#0406-d168 @A: 07 02 08 32 | 02
#0407-d168 @A: 08 28 01 10 | 12
#0408-d168 @A: 33 31 02 08 | 03
#0409-d168 @A: 12 29 07 03 | 04
#0410-d168 @A: 03 29 09 01 | 01
#0411-d168 @A: 03 31 04 14 | 10
#0412-d168 @A: 03 19 23 11 | 05
#0413-d168 @A: 03 07 25 17 | 08
#0414-d168 @A: 03 17 02 01 | 11
#0415-d168 @A: 03 24 06 30 | 07
#0416-d168 @A: 03 27 30 09 | 06
#0417-d168 @A: 12 05 10 03 | 09
#0418-d168 @A: 18 03 23 04 | 02
#0419-d168 @A: 02 03 27 20 | 12
#0420-d168 @A: 23 13 03 20 | 03
#0421-d168 @A: 28 31 03 01 | 04
#0422-d168 @A: 23 03 33 10 | 01
#0423-d168 @A: 05 29 02 14 | 10
#0424-d168 @A: 33 30 19 29 | 05
#0425-d168 @A: 16 11 29 05 | 08
#0426-d168 @A: 11 29 18 25 | 11
#0427-d168 @A: 25 15 29 21 | 07
#0428-d168 @A: 29 35 31 33 | 06
#0429-d168 @A: 32 22 29 21 | 09
#0430-d168 @A: 29 18 24 07 | 02
#0431-d168 @A: 29 32 01 28 | 12
#0432-d168 @A: 29 01 05 27 | 03
#0433-d168 @A: 26 19 30 14 | 04
#0434-d168 @A: 31 19 32 14 | 01
#0435-d168 @A: 02 12 14 16 | 10
#0436-d168 @A: 16 14 11 23 | 05
#0437-d168 @A: 15 18 14 16 | 08
#0438-d168 @A: 17 14 22 26 | 11
#0439-d168 @A: 14 17 18 25 | 07
#0440-d168 @A: 30 14 23 34 | 06
#0441-d168 @A: 30 14 20 22 | 09
#0442-d168 @A: 21 06 14 15 | 02
#0443-d168 @A: 05 14 15 09 | 12
#0444-d168 @A: 18 14 07 13 | 03
#0445-d168 @A: 14 32 01 07 | 04
#0446-d168 @A: 26 07 16 19 | 01
#0447-d168 @A: 34 19 32 16 | 10
#0448-d168 @A: 05 30 19 17 | 05
#0449-d168 @A: 17 19 21 26 | 08
#0450-d168 @A: 01 17 11 19 | 11
#0451-d168 @A: 34 20 19 17 | 07
#0452-d168 @A: 12 19 34 23 | 06
#0453-d168 @A: 34 19 11 18 | 09
#0454-d168 @A: 24 22 10 19 | 02
#0455-d168 @A: 24 09 16 33 | 12
#0456-d168 @A: 16 01 35 34 | 03
#0457-d168 @A: 16 05 07 20 | 04
#0458-d168 @A: 21 18 28 16 | 01
#0459-d168 @A: 01 02 16 33 | 10
#0460-d168 @A: 05 16 24 18 | 05
#0461-d168 @A: 23 10 05 16 | 08
#0462-d168 @A: 18 31 01 16 | 11
#0463-d168 @A: 02 16 18 32 | 07
#0464-d168 @A: 17 25 30 22 | 06
#0465-d168 @A: 12 18 17 28 | 09
#0466-d168 @A: 15 02 17 26 | 02
#0467-d168 @A: 17 05 15 21 | 12
#0468-d168 @A: 21 28 17 33 | 03
#0469-d168 @A: 17 24 18 22 | 04
#0470-d168 @A: 20 30 12 10 | 01
#0471-d168 @A: 26 30 25 04 | 10
#0472-d168 @A: 15 30 32 06 | 05
#0473-d168 @A: 20 32 09 30 | 08
#0474-d168 @A: 01 30 35 11 | 11
#0475-d168 @A: 33 01 30 07 | 07
#0476-d168 @A: 07 22 27 30 | 06
#0477-d168 @A: 05 22 30 24 | 09
#0478-d168 @A: 24 13 01 30 | 02
#0479-d168 @A: 13 12 25 09 | 12
#0480-d168 @A: 15 12 32 09 | 03
#0481-d168 @A: 31 28 33 12 | 04
#0482-d168 @A: 02 12 27 23 | 01
#0483-d168 @A: 21 26 09 11 | 10
#0484-d168 @A: 15 26 13 09 | 05
#0485-d168 @A: 34 26 04 22 | 08
#0486-d168 @A: 13 05 11 26 | 11
#0487-d168 @A: 31 23 26 07 | 07
#0488-d168 @A: 26 02 24 07 | 06
#0489-d168 @A: 05 26 01 23 | 09
#0490-d168 @A: 06 25 21 09 | 02
#0491-d168 @A: 25 04 24 06 | 12
#0492-d168 @A: 25 06 01 27 | 03
#0493-d168 @A: 06 04 10 18 | 04
#0494-d168 @A: 06 33 35 11 | 01
#0495-d168 @A: 15 01 11 06 | 10
#0496-d168 @A: 11 18 06 21 | 05
#0497-d168 @A: 27 05 06 20 | 08
#0498-d168 @A: 06 28 02 21 | 11
#0499-d168 @A: 34 04 01 09 | 07
#0500-d168 @A: 31 15 09 27 | 06
#0501-d168 @A: 09 18 01 22 | 09
#0502-d168 @A: 25 27 11 15 | 02
#0503-d168 @A: 25 07 05 21 | 12
#0504-d168 @A: 33 07 27 25 | 03
#0505-d168 @A: 18 07 05 04 | 04
#0506-d168 @A: 24 04 33 01 | 01
#0507-d168 @A: 11 15 35 07 | 10
#0508-d168 @A: 31 13 35 20 | 05
#0509-d168 @A: 31 07 18 35 | 08
#0510-d168 @A: 35 31 07 10 | 11
#0511-d168 @A: 11 34 20 02 | 07
#0512-d168 @A: 20 13 11 28 | 06
#0513-d168 @A: 31 21 11 22 | 09
#0514-d168 @A: 28 11 31 24 | 02
#0515-d168 @A: 31 21 15 34 | 12
#0516-d168 @A: 15 34 18 13 | 03
#0517-d168 @A: 20 10 15 21 | 04
#0518-d168 @A: 31 20 24 15 | 01
#0519-d168 @A: 28 22 18 15 | 10
#0520-d168 @A: 23 34 13 21 | 05
#0521-d168 @A: 27 02 34 28 | 08
#0522-d168 @A: 20 10 31 28 | 11
#0523-d168 @A: 32 10 07 24 | 07
#0524-d168 @A: 03 12 08 16 | 06
#0525-d168 @A: 03 08 10 21 | 09
#0526-d168 @A: 08 29 33 26 | 02
#0527-d168 @A: 29 13 34 08 | 12
#0528-d168 @A: 12 19 08 02 | 03
#0529-d168 @A: 08 16 34 02 | 04
#0530-d168 @A: 16 07 31 08 | 01
#0531-d168 @A: 04 17 22 08 | 10
#0532-d168 @A: 17 33 08 24 | 05
#0533-d168 @A: 12 08 34 15 | 08
#0534-d168 @A: 09 08 35 32 | 11
#0535-d168 @A: 08 09 05 33 | 07
#0536-d168 @A: 15 04 08 31 | 06
#0537-d168 @A: 35 11 08 21 | 09
#0538-d168 @A: 08 35 23 34 | 02
#0539-d168 @A: 33 08 01 27 | 12
#0540-d168 @A: 16 14 25 03 | 03
#0541-d168 @A: 35 03 32 14 | 04
#0542-d168 @A: 16 21 11 03 | 01
#0543-d168 @A: 10 16 03 15 | 10
#0544-d168 @A: 17 27 33 03 | 05
#0545-d168 @A: 30 07 03 15 | 08
#0546-d168 @A: 31 12 03 15 | 11
#0547-d168 @A: 06 01 03 26 | 07
#0548-d168 @A: 26 31 25 03 | 06
#0549-d168 @A: 31 06 34 03 | 09
#0550-d168 @A: 09 03 23 35 | 02
#0551-d168 @A: 18 32 09 03 | 12
#0552-d168 @A: 03 27 04 15 | 03
#0553-d168 @A: 24 03 35 10 | 04
#0554-d168 @A: 03 21 15 20 | 01
#0555-d168 @A: 05 21 03 34 | 10
#0556-d168 @A: 32 20 33 03 | 05
#0557-d168 @A: 31 03 22 02 | 08
#0558-d168 @A: 05 24 03 02 | 11
#0559-d168 @A: 01 27 03 13 | 07
#0560-d168 @A: 31 12 29 14 | 06
#0561-d168 @A: 29 14 11 33 | 09
#0562-d168 @A: 02 29 19 06 | 02
#0563-d168 @A: 19 15 29 01 | 12
#0564-d168 @A: 07 29 19 10 | 03
#0565-d168 @A: 30 29 16 10 | 04
#0566-d168 @A: 18 29 35 17 | 01
#0567-d168 @A: 30 06 29 13 | 10
#0568-d168 @A: 12 29 06 20 | 05
#0569-d168 @A: 02 29 12 34 | 08
#0570-d168 @A: 25 05 34 29 | 11
#0571-d168 @A: 32 29 07 15 | 07
#0572-d168 @A: 22 33 20 29 | 06
#0573-d168 @A: 18 29 02 21 | 09
#0574-d168 @A: 29 24 33 28 | 02
#0575-d168 @A: 29 18 28 13 | 12
#0576-d168 @A: 05 32 29 33 | 03
#0577-d168 @A: 14 04 26 28 | 04
#0578-d168 @A: 21 25 22 14 | 01
#0579-d168 @A: 14 24 28 15 | 10
#0580-d168 @A: 05 14 33 21 | 05
#0581-d168 @A: 33 14 07 24 | 08
#0582-d168 @A: 22 33 18 14 | 11
#0583-d168 @A: 32 18 10 14 | 07
#0584-d168 @A: 28 10 19 30 | 06
#0585-d168 @A: 12 20 09 19 | 09
#0586-d168 @A: 15 12 24 19 | 02
#0587-d168 @A: 19 26 15 34 | 12
#0588-d168 @A: 35 19 18 06 | 03
#0589-d168 @A: 07 19 06 34 | 04
#0590-d168 @A: 19 02 09 15 | 01
#0591-d168 @A: 19 25 11 21 | 10
#0592-d168 @A: 22 23 19 04 | 05
#0593-d168 @A: 34 33 10 19 | 08
#0594-d168 @A: 01 23 19 21 | 11
#0595-d168 @A: 30 21 16 17 | 07
#0596-d168 @A: 16 06 01 21 | 06
#0597-d168 @A: 09 18 34 16 | 09
#0598-d168 @A: 16 04 25 33 | 02
#0599-d168 @A: 35 16 27 04 | 12
#0600-d168 @A: 16 31 15 35 | 03
#0601-d168 @A: 01 28 11 16 | 04
#0602-d168 @A: 10 16 20 27 | 01
#0603-d168 @A: 16 27 24 28 | 10
#0604-d168 @A: 33 16 32 31 | 05
#0605-d168 @A: 16 13 32 27 | 08
#0606-d168 @A: 12 06 27 17 | 11
#0607-d168 @A: 07 17 15 12 | 07
#0608-d168 @A: 21 06 04 17 | 06
#0609-d168 @A: 04 02 34 17 | 09
#0610-d168 @A: 10 17 15 01 | 02
#0611-d168 @A: 13 32 20 17 | 12
#0612-d168 @A: 13 07 17 21 | 03
#0613-d168 @A: 17 21 22 23 | 04
#0614-d168 @A: 30 23 35 12 | 01
#0615-d168 @A: 06 02 25 30 | 10
#0616-d168 @A: 09 30 24 25 | 05
#0617-d168 @A: 30 20 31 25 | 08
#0618-d168 @A: 35 10 27 30 | 11
#0619-d168 @A: 34 24 30 18 | 07
#0620-d168 @A: 01 10 30 07 | 06
#0621-d168 @A: 22 30 31 01 | 09
#0622-d168 @A: 23 30 22 13 | 02
#0623-d168 @A: 12 11 23 26 | 12
#0624-d168 @A: 12 28 26 15 | 03
#0625-d168 @A: 10 23 12 26 | 04
#0626-d168 @A: 28 12 23 04 | 01
#0627-d168 @A: 12 20 01 33 | 10
#0628-d168 @A: 06 10 26 15 | 05
#0629-d168 @A: 10 09 35 26 | 08
#0630-d168 @A: 13 26 35 25 | 11
#0631-d168 @A: 26 33 34 25 | 07
#0632-d168 @A: 11 31 15 26 | 06
#0633-d168 @A: 26 27 20 33 | 09
#0634-d168 @A: 05 24 26 20 | 02
#0635-d168 @A: 33 26 28 13 | 12
#0636-d168 @A: 07 15 09 06 | 03
#0637-d168 @A: 10 25 06 05 | 04
#0638-d168 @A: 24 06 22 31 | 01
#0639-d168 @A: 02 01 06 18 | 10
#0640-d168 @A: 02 09 25 34 | 05
#0641-d168 @A: 31 10 04 09 | 08
#0642-d168 @A: 23 20 09 24 | 11
#0643-d168 @A: 09 21 23 27 | 07
#0644-d168 @A: 13 33 09 23 | 06
#0645-d168 @A: 28 02 20 25 | 09
#0646-d168 @A: 13 05 04 20 | 02
#0647-d168 @A: 04 33 07 23 | 12
#0648-d168 @A: 33 18 35 21 | 03
#0649-d168 @A: 21 31 35 32 | 04
#0650-d168 @A: 35 28 13 23 | 01
#0651-d168 @A: 28 35 31 02 | 10
#0652-d168 @A: 18 13 01 35 | 05
#0653-d168 @A: 31 01 27 35 | 08
#0654-d168 @A: 11 07 32 20 | 11
#0655-d168 @A: 10 11 05 07 | 07
#0656-d168 @A: 33 02 28 11 | 06
#0657-d168 @A: 05 34 15 23 | 09
#0658-d168 @A: 21 28 15 23 | 02
#0659-d168 @A: 15 27 05 13 | 12
#0660-d168 @A: 34 21 24 33 | 03
#0661-d168 @A: 21 27 34 10 | 04
#0662-d168 @A: 22 34 13 01 | 01
#0663-d168 @A: 18 27 34 32 | 10
#0664-d168 @A: 28 08 03 22 | 05
#0665-d168 @A: 07 08 19 15 | 08
#0666-d168 @A: 17 11 16 08 | 11
#0667-d168 @A: 30 08 16 01 | 07
#0668-d168 @A: 16 26 08 21 | 06
#0669-d168 @A: 08 09 10 17 | 09
#0670-d168 @A: 08 23 15 30 | 02
#0671-d168 @A: 08 10 33 30 | 12
#0672-d168 @A: 08 12 22 26 | 03
#0673-d168 @A: 26 08 35 06 | 04
#0674-d168 @A: 08 24 26 04 | 01
#0675-d168 @A: 21 08 34 20 | 10
#0676-d168 @A: 33 08 20 13 | 05
#0677-d168 @A: 20 08 32 24 | 08
#0678-d168 @A: 08 07 27 24 | 11
#0679-d168 @A: 28 13 02 08 | 07
#0680-d168 @A: 05 27 23 08 | 06
#0681-d168 @A: 27 29 03 16 | 09
#0682-d168 @A: 18 19 03 15 | 02
#0683-d168 @A: 04 20 03 16 | 12
#0684-d168 @A: 12 17 09 03 | 03
#0685-d168 @A: 03 33 23 30 | 04
#0686-d168 @A: 33 03 26 12 | 01
#0687-d168 @A: 12 27 11 03 | 10
#0688-d168 @A: 23 01 03 12 | 05
#0689-d168 @A: 06 03 02 04 | 08
#0690-d168 @A: 06 28 27 03 | 11
#0691-d168 @A: 21 25 04 03 | 07
#0692-d168 @A: 03 25 28 35 | 06
#0693-d168 @A: 03 34 23 25 | 09
#0694-d168 @A: 10 18 03 25 | 02
#0695-d168 @A: 24 27 03 25 | 12
#0696-d168 @A: 11 35 22 03 | 03
#0697-d168 @A: 24 28 03 20 | 04
#0698-d168 @A: 03 31 20 05 | 01
#0699-d168 @A: 22 23 05 03 | 10
#0700-d168 @A: 29 09 27 14 | 05
#0701-d168 @A: 23 14 22 29 | 08
#0702-d168 @A: 19 17 29 23 | 11
#0703-d168 @A: 06 16 31 29 | 07
#0704-d168 @A: 09 29 25 16 | 06
#0705-d168 @A: 17 06 22 29 | 09
#0706-d168 @A: 25 07 30 29 | 02
#0707-d168 @A: 29 20 30 05 | 12
#0708-d168 @A: 05 12 26 29 | 03
#0709-d168 @A: 29 06 26 28 | 04
#0710-d168 @A: 34 29 18 06 | 01
#0711-d168 @A: 34 29 22 09 | 10
#0712-d168 @A: 32 25 04 29 | 05
#0713-d168 @A: 22 31 29 25 | 08
#0714-d168 @A: 11 29 23 35 | 11
#0715-d168 @A: 29 34 32 35 | 07
#0716-d168 @A: 22 13 29 35 | 06
#0717-d168 @A: 29 13 11 15 | 09
#0718-d168 @A: 10 29 28 05 | 02
#0719-d168 @A: 29 31 10 22 | 12
#0720-d168 @A: 29 13 27 23 | 03
#0721-d168 @A: 33 19 14 25 | 04
#0722-d168 @A: 19 35 14 10 | 01
#0723-d168 @A: 17 33 04 14 | 10
#0724-d168 @A: 15 23 14 12 | 05
#0725-d168 @A: 14 12 10 13 | 08
#0726-d168 @A: 14 11 28 06 | 11
#0727-d168 @A: 25 14 09 07 | 07
#0728-d168 @A: 11 14 22 04 | 06
#0729-d168 @A: 20 14 07 31 | 09
#0730-d168 @A: 14 18 05 20 | 02
#0731-d168 @A: 31 14 22 13 | 12
#0732-d168 @A: 06 17 19 13 | 03
#0733-d168 @A: 19 30 12 28 | 04
#0734-d168 @A: 19 23 09 26 | 01
#0735-d168 @A: 01 19 26 33 | 10
#0736-d168 @A: 06 25 32 19 | 05
#0737-d168 @A: 19 35 13 11 | 08
#0738-d168 @A: 20 18 31 19 | 11
#0739-d168 @A: 19 33 31 21 | 07
#0740-d168 @A: 07 19 02 05 | 06
#0741-d168 @A: 32 28 22 19 | 09
#0742-d168 @A: 25 27 16 17 | 02
#0743-d168 @A: 16 12 21 24 | 12
#0744-d168 @A: 16 09 26 05 | 03
#0745-d168 @A: 26 16 04 18 | 04
#0746-d168 @A: 16 28 20 26 | 01
#0747-d168 @A: 23 16 07 24 | 10
#0748-d168 @A: 22 16 28 33 | 05
#0749-d168 @A: 35 12 17 20 | 08
#0750-d168 @A: 34 01 17 12 | 11
#0751-d168 @A: 09 01 17 26 | 07
#0752-d168 @A: 07 24 06 17 | 06
#0753-d168 @A: 17 32 09 25 | 09
#0754-d168 @A: 15 24 17 25 | 02
#0755-d168 @A: 04 17 07 35 | 12
#0756-d168 @A: 15 17 01 35 | 03
#0757-d168 @A: 17 34 27 35 | 04
#0758-d168 @A: 02 35 17 13 | 01
#0759-d168 @A: 07 01 17 27 | 10
#0760-d168 @A: 22 17 28 10 | 05
#0761-d168 @A: 13 33 22 17 | 08
#0762-d168 @A: 22 12 30 06 | 11
#0763-d168 @A: 04 12 20 30 | 07
#0764-d168 @A: 12 13 11 30 | 06
#0765-d168 @A: 32 30 12 34 | 09
#0766-d168 @A: 30 22 35 33 | 02
#0767-d168 @A: 02 30 10 22 | 12
#0768-d168 @A: 26 32 25 12 | 03
#0769-d168 @A: 12 15 06 18 | 04
#0770-d168 @A: 12 09 28 05 | 01
#0771-d168 @A: 34 12 05 04 | 10
#0772-d168 @A: 31 34 12 27 | 05
#0773-d168 @A: 32 28 12 20 | 08
#0774-d168 @A: 21 22 12 01 | 11
#0775-d168 @A: 31 12 23 21 | 07
#0776-d168 @A: 12 28 24 22 | 06
#0777-d168 @A: 05 12 13 31 | 09
#0778-d168 @A: 11 26 06 22 | 02
#0779-d168 @A: 09 26 34 20 | 12
#0780-d168 @A: 21 26 25 28 | 03
#0781-d168 @A: 31 26 20 04 | 04
#0782-d168 @A: 26 15 35 27 | 01
#0783-d168 @A: 05 27 26 07 | 10
#0784-d168 @A: 22 23 28 26 | 05
#0785-d168 @A: 05 33 26 31 | 08
#0786-d168 @A: 24 31 26 27 | 11
#0787-d168 @A: 24 10 06 09 | 07
#0788-d168 @A: 06 20 25 15 | 06
#0789-d168 @A: 06 34 20 04 | 09
#0790-d168 @A: 06 18 20 07 | 02
#0791-d168 @A: 06 05 22 21 | 12
#0792-d168 @A: 27 02 06 07 | 03
#0793-d168 @A: 18 31 06 28 | 04
#0794-d168 @A: 22 06 33 10 | 01
#0795-d168 @A: 25 33 09 35 | 10
#0796-d168 @A: 28 04 09 20 | 05
#0797-d168 @A: 02 09 20 10 | 08
#0798-d168 @A: 22 27 10 09 | 11
#0799-d168 @A: 09 24 31 18 | 07
#0800-d168 @A: 15 23 04 25 | 06
#0801-d168 @A: 25 35 11 02 | 09
#0802-d168 @A: 34 11 25 01 | 02
#0803-d168 @A: 22 25 01 20 | 12
#0804-d168 @A: 25 32 21 01 | 03
#0805-d168 @A: 25 18 28 07 | 04
#0806-d168 @A: 25 13 24 28 | 01
#0807-d168 @A: 31 10 25 32 | 10
#0808-d168 @A: 04 27 11 01 | 05
#0809-d168 @A: 21 04 18 27 | 08
#0810-d168 @A: 04 21 24 31 | 11
#0811-d168 @A: 31 27 07 04 | 07
#0812-d168 @A: 04 32 28 33 | 06
#0813-d168 @A: 02 28 04 05 | 09
#0814-d168 @A: 22 02 32 04 | 02
#0815-d168 @A: 32 18 01 04 | 12
#0816-d168 @A: 04 23 31 32 | 03
#0817-d168 @A: 28 35 27 22 | 04
#0818-d168 @A: 35 32 10 28 | 01
#0819-d168 @A: 34 22 02 15 | 10
#0820-d168 @A: 20 15 18 23 | 05
#0821-d168 @A: 24 01 15 05 | 08
#0822-d168 @A: 10 15 31 23 | 11
#0823-d168 @A: 34 01 05 20 | 07
#0824-d168 @A: 28 21 32 34 | 06
#0825-d168 @A: 28 31 34 22 | 09
#0826-d168 @A: 02 34 33 18 | 02
#0827-d168 @A: 31 18 10 34 | 12
#0828-d168 @A: 01 02 05 10 | 03
#0829-d168 @A: 03 08 14 05 | 04
#0830-d168 @A: 06 03 09 08 | 01
#0831-d168 @A: 13 08 03 25 | 10
#0832-d168 @A: 03 23 08 07 | 05
#0833-d168 @A: 06 14 31 08 | 08
#0834-d168 @A: 04 08 20 14 | 11
#0835-d168 @A: 35 14 18 08 | 07
#0836-d168 @A: 24 08 35 16 | 06
#0837-d168 @A: 08 31 09 17 | 09
#0838-d168 @A: 28 08 17 01 | 02
#0839-d168 @A: 11 09 12 08 | 12
#0840-d168 @A: 34 24 08 25 | 03
#0841-d168 @A: 23 08 11 04 | 04
#0842-d168 @A: 33 15 35 08 | 01
#0843-d168 @A: 35 10 15 08 | 10
#0844-d168 @A: 28 08 21 24 | 05
#0845-d168 @A: 07 13 10 08 | 08
#0846-d168 @A: 05 10 08 22 | 11
#0847-d168 @A: 24 18 08 02 | 07
#0848-d168 @A: 34 03 29 24 | 06
#0849-d168 @A: 14 07 06 03 | 09
#0850-d168 @A: 14 02 03 34 | 02
#0851-d168 @A: 14 03 22 10 | 12
#0852-d168 @A: 19 04 03 07 | 03
#0853-d168 @A: 03 16 15 32 | 04
#0854-d168 @A: 30 31 17 03 | 01
#0855-d168 @A: 35 03 24 17 | 10
#0856-d168 @A: 30 25 32 03 | 05
#0857-d168 @A: 03 04 01 30 | 08
#0858-d168 @A: 34 32 03 26 | 11
#0859-d168 @A: 20 03 25 09 | 07
#0860-d168 @A: 03 04 28 34 | 06
#0861-d168 @A: 01 03 33 21 | 09
#0862-d168 @A: 07 33 31 03 | 02
#0863-d168 @A: 03 23 32 28 | 12
#0864-d168 @A: 03 33 22 24 | 03
#0865-d168 @A: 32 30 29 16 | 04
#0866-d168 @A: 22 26 16 29 | 01
#0867-d168 @A: 27 29 26 17 | 10
#0868-d168 @A: 09 29 28 17 | 05
#0869-d168 @A: 17 01 25 29 | 08
#0870-d168 @A: 12 29 27 35 | 11
#0871-d168 @A: 33 15 12 29 | 07
#0872-d168 @A: 26 24 29 21 | 06
#0873-d168 @A: 29 35 25 24 | 09
#0874-d168 @A: 04 20 29 18 | 02
#0875-d168 @A: 33 04 29 27 | 12
#0876-d168 @A: 24 27 29 11 | 03
#0877-d168 @A: 28 20 29 31 | 04
#0878-d168 @A: 29 21 27 28 | 01
#0879-d168 @A: 29 01 22 24 | 10
#0880-d168 @A: 01 29 02 13 | 05
#0881-d168 @A: 34 14 19 05 | 08
#0882-d168 @A: 16 14 06 27 | 11
#0883-d168 @A: 35 07 14 16 | 07
#0884-d168 @A: 20 16 32 14 | 06
#0885-d168 @A: 16 14 10 33 | 09
#0886-d168 @A: 35 17 05 14 | 02
#0887-d168 @A: 17 10 11 14 | 12
#0888-d168 @A: 30 06 14 10 | 03
#0889-d168 @A: 35 30 24 14 | 04
#0890-d168 @A: 09 14 12 22 | 01
#0891-d168 @A: 34 14 18 12 | 10
#0892-d168 @A: 35 11 31 14 | 05
#0893-d168 @A: 15 22 14 35 | 08
#0894-d168 @A: 27 11 14 34 | 11
#0895-d168 @A: 21 14 24 20 | 07
#0896-d168 @A: 24 10 23 14 | 06
#0897-d168 @A: 09 21 19 30 | 09
#0898-d168 @A: 18 19 30 04 | 02
#0899-d168 @A: 30 11 19 22 | 12
#0900-d168 @A: 13 15 30 19 | 03
#0901-d168 @A: 19 30 02 32 | 04
#0902-d168 @A: 26 12 19 18 | 01
#0903-d168 @A: 27 25 19 12 | 10
#0904-d168 @A: 26 11 19 28 | 05
#0905-d168 @A: 27 09 19 06 | 08
#0906-d168 @A: 05 32 19 09 | 11
#0907-d168 @A: 11 27 07 19 | 07
#0908-d168 @A: 10 15 19 18 | 06
#0909-d168 @A: 21 28 05 19 | 09
#0910-d168 @A: 13 19 32 18 | 02
#0911-d168 @A: 04 17 16 01 | 12
#0912-d168 @A: 17 16 31 13 | 03
#0913-d168 @A: 30 15 20 16 | 04
#0914-d168 @A: 04 16 12 31 | 01
#0915-d168 @A: 20 16 06 24 | 10
#0916-d168 @A: 09 15 01 16 | 05
#0917-d168 @A: 04 10 16 11 | 08
#0918-d168 @A: 15 16 05 22 | 11
#0919-d168 @A: 13 01 16 20 | 07
#0920-d168 @A: 16 07 28 02 | 06
#0921-d168 @A: 01 07 22 16 | 09
#0922-d168 @A: 22 31 16 23 | 02
#0923-d168 @A: 13 02 16 24 | 12
#0924-d168 @A: 11 18 30 17 | 03
#0925-d168 @A: 17 12 11 02 | 04
#0926-d168 @A: 17 13 24 12 | 01
#0927-d168 @A: 25 33 17 06 | 10
#0928-d168 @A: 15 06 17 34 | 05
#0929-d168 @A: 13 11 25 17 | 08
#0930-d168 @A: 28 17 07 23 | 11
#0931-d168 @A: 27 17 22 02 | 07
#0932-d168 @A: 33 12 30 21 | 06
#0933-d168 @A: 21 15 30 26 | 09
#0934-d168 @A: 21 11 30 32 | 02
#0935-d168 @A: 05 01 30 21 | 12
#0936-d168 @A: 31 28 30 23 | 03
#0937-d168 @A: 31 33 24 30 | 04
#0938-d168 @A: 06 12 02 35 | 01
#0939-d168 @A: 12 04 09 21 | 10
#0940-d168 @A: 32 22 12 13 | 05
#0941-d168 @A: 25 26 23 06 | 08
#0942-d168 @A: 06 13 20 26 | 11
#0943-d168 @A: 26 32 21 06 | 07
#0944-d168 @A: 26 18 15 25 | 06
#0945-d168 @A: 15 07 26 01 | 09
#0946-d168 @A: 26 28 32 07 | 02
#0947-d168 @A: 18 07 33 26 | 12
#0948-d168 @A: 32 26 33 24 | 03
#0949-d168 @A: 32 22 26 05 | 04
#0950-d168 @A: 23 02 26 18 | 01
#0951-d168 @A: 23 02 34 06 | 10
#0952-d168 @A: 20 31 32 06 | 05
#0953-d168 @A: 01 31 07 06 | 08
#0954-d168 @A: 23 01 33 06 | 11
#0955-d168 @A: 22 09 11 25 | 07
#0956-d168 @A: 09 15 11 24 | 06
#0957-d168 @A: 07 11 18 09 | 09
#0958-d168 @A: 33 18 20 09 | 02
#0959-d168 @A: 09 02 24 28 | 12
#0960-d168 @A: 24 25 32 07 | 03
#0961-d168 @A: 22 25 05 33 | 04
#0962-d168 @A: 04 11 20 35 | 01
#0963-d168 @A: 21 23 04 35 | 10
#0964-d168 @A: 04 31 05 35 | 05
#0965-d168 @A: 07 34 04 32 | 08
#0966-d168 @A: 13 28 21 04 | 11
#0967-d168 @A: 24 02 04 27 | 07
#0968-d168 @A: 28 35 20 21 | 06
#0969-d168 @A: 35 10 20 13 | 09
#0970-d168 @A: 35 02 10 21 | 02
#0971-d168 @A: 22 35 07 23 | 12
#0972-d168 @A: 33 01 10 35 | 03
#0973-d168 @A: 33 24 35 13 | 04
#0974-d168 @A: 23 15 11 02 | 01
#0975-d168 @A: 11 20 27 21 | 10
#0976-d168 @A: 11 13 21 33 | 05
#0977-d168 @A: 02 05 11 21 | 08
#0978-d168 @A: 13 31 11 07 | 11
#0979-d168 @A: 27 23 28 11 | 07
#0980-d168 @A: 33 01 22 11 | 06
#0981-d168 @A: 07 28 34 15 | 09
#0982-d168 @A: 07 15 20 33 | 02
#0983-d168 @A: 23 22 15 01 | 12
#0984-d168 @A: 34 23 10 20 | 03
#0985-d168 @A: 34 24 23 22 | 04
#0986-d168 @A: 10 23 28 07 | 01
#0987-d168 @A: 05 10 18 33 | 10
#0988-d168 @A: 04 01 29 08 | 05
#0989-d168 @A: 22 34 14 08 | 08
#0990-d168 @A: 16 13 23 08 | 11
#0991-d168 @A: 08 28 30 34 | 07
#0992-d168 @A: 06 34 33 08 | 06
#0993-d168 @A: 09 21 15 08 | 09
#0994-d168 @A: 25 11 08 28 | 02
#0995-d168 @A: 08 01 25 31 | 12
#0996-d168 @A: 34 18 08 04 | 03
#0997-d168 @A: 11 10 31 08 | 04
#0998-d168 @A: 28 20 07 08 | 01
#0999-d168 @A: 23 33 08 28 | 10
#1000-d168 @A: 19 03 01 35 | 05
#1001-d168 @A: 20 26 03 17 | 08
#1002-d168 @A: 03 28 15 17 | 11
#1003-d168 @A: 03 17 31 10 | 07
#1004-d168 @A: 21 06 12 03 | 06
#1005-d168 @A: 03 12 22 25 | 09
#1006-d168 @A: 24 12 04 03 | 02
#1007-d168 @A: 10 03 06 07 | 12
#1008-d168 @A: 05 11 03 25 | 03
#1009-d168 @A: 02 03 35 15 | 04
#1010-d168 @A: 33 35 34 03 | 01
#1011-d168 @A: 32 03 22 07 | 10
#1012-d168 @A: 01 18 03 05 | 05
#1013-d168 @A: 16 35 29 02 | 08
#1014-d168 @A: 29 26 30 01 | 11
#1015-d168 @A: 30 29 31 02 | 07
#1016-d168 @A: 09 29 32 26 | 06
#1017-d168 @A: 21 09 35 29 | 09
#1018-d168 @A: 09 29 33 02 | 02
#1019-d168 @A: 29 21 05 13 | 12
#1020-d168 @A: 19 09 13 14 | 03
#1021-d168 @A: 28 19 35 14 | 04
#1022-d168 @A: 31 34 14 16 | 01
#1023-d168 @A: 30 12 17 14 | 10
#1024-d168 @A: 17 21 14 11 | 05
#1025-d168 @A: 07 14 26 34 | 08
#1026-d168 @A: 32 27 26 14 | 11
#1027-d168 @A: 25 05 14 31 | 07
#1028-d168 @A: 14 13 35 27 | 06
#1029-d168 @A: 28 14 34 33 | 09
#1030-d168 @A: 28 27 20 14 | 02
#1031-d168 @A: 24 14 22 27 | 12
#1032-d168 @A: 02 01 27 14 | 03
#1033-d168 @A: 24 02 14 31 | 04
#1034-d168 @A: 19 25 17 28 | 01
#1035-d168 @A: 18 27 17 19 | 10
#1036-d168 @A: 23 19 30 06 | 05
#1037-d168 @A: 19 18 25 09 | 08
#1038-d168 @A: 20 23 19 28 | 11
#1039-d168 @A: 13 19 23 31 | 07
#1040-d168 @A: 17 12 16 22 | 06
#1041-d168 @A: 35 16 23 17 | 09
#1042-d168 @A: 11 24 30 16 | 02
#1043-d168 @A: 34 16 28 12 | 12
#1044-d168 @A: 12 10 24 16 | 03
#1045-d168 @A: 13 26 16 34 | 04
#1046-d168 @A: 21 26 10 16 | 01
#1047-d168 @A: 06 16 13 25 | 10
#1048-d168 @A: 04 16 06 07 | 05
#1049-d168 @A: 25 16 11 32 | 08
#1050-d168 @A: 25 13 10 16 | 11
#1051-d168 @A: 27 16 22 34 | 07
#1052-d168 @A: 10 16 34 22 | 06
#1053-d168 @A: 05 16 23 21 | 09
#1054-d168 @A: 30 28 02 17 | 02
#1055-d168 @A: 22 17 05 34 | 12
#1056-d168 @A: 22 20 28 17 | 03
#1057-d168 @A: 01 20 24 17 | 04
#1058-d168 @A: 17 18 01 21 | 01
#1059-d168 @A: 07 32 17 05 | 10
#1060-d168 @A: 17 32 23 24 | 05
#1061-d168 @A: 35 30 09 31 | 08
#1062-d168 @A: 09 15 30 33 | 11
#1063-d168 @A: 05 34 09 30 | 07
#1064-d168 @A: 25 15 30 10 | 06
#1065-d168 @A: 01 18 15 30 | 09
#1066-d168 @A: 21 28 30 22 | 02
#1067-d168 @A: 23 30 27 24 | 12
#1068-d168 @A: 12 09 01 35 | 03
#1069-d168 @A: 04 12 02 33 | 04
#1070-d168 @A: 21 28 11 12 | 01
#1071-d168 @A: 21 12 02 20 | 10
#1072-d168 @A: 12 27 28 07 | 05
#1073-d168 @A: 02 22 05 12 | 08
#1074-d168 @A: 26 02 06 09 | 11
#1075-d168 @A: 26 09 25 27 | 07
#1076-d168 @A: 20 11 25 26 | 06
#1077-d168 @A: 26 04 15 05 | 09
#1078-d168 @A: 10 26 20 05 | 02
#1079-d168 @A: 26 31 21 01 | 12
#1080-d168 @A: 33 02 26 22 | 03
#1081-d168 @A: 26 10 27 33 | 04
#1082-d168 @A: 26 01 10 13 | 01
#1083-d168 @A: 32 31 26 02 | 10
#1084-d168 @A: 06 22 33 09 | 05
#1085-d168 @A: 07 32 06 23 | 08
#1086-d168 @A: 22 06 01 28 | 11
#1087-d168 @A: 23 28 24 06 | 07
#1088-d168 @A: 18 05 06 33 | 06
#1089-d168 @A: 01 05 13 06 | 09
#1090-d168 @A: 09 22 15 04 | 02
#1091-d168 @A: 20 35 09 15 | 12
#1092-d168 @A: 07 34 09 35 | 03
#1093-d168 @A: 11 34 28 09 | 04
#1094-d168 @A: 11 32 09 33 | 01
#1095-d168 @A: 09 07 23 01 | 10
#1096-d168 @A: 09 05 18 27 | 05
#1097-d168 @A: 09 10 23 18 | 08
#1098-d168 @A: 13 27 09 02 | 11
#1099-d168 @A: 23 01 35 25 | 07
#1100-d168 @A: 24 25 20 33 | 06
#1101-d168 @A: 25 10 27 07 | 09
#1102-d168 @A: 05 23 25 13 | 02
#1103-d168 @A: 02 25 23 32 | 12
#1104-d168 @A: 02 25 24 10 | 03
#1105-d168 @A: 04 13 15 32 | 04
#1106-d168 @A: 02 07 20 04 | 01
#1107-d168 @A: 27 04 20 32 | 10
#1108-d168 @A: 04 22 13 10 | 05
#1109-d168 @A: 34 24 35 28 | 08
#1110-d168 @A: 35 20 32 22 | 11
#1111-d168 @A: 35 32 13 07 | 07
#1112-d168 @A: 35 23 22 10 | 06
#1113-d168 @A: 32 23 35 05 | 09
#1114-d168 @A: 18 35 27 23 | 02
#1115-d168 @A: 23 21 11 07 | 12
#1116-d168 @A: 02 01 07 11 | 03
#1117-d168 @A: 11 27 05 22 | 04
#1118-d168 @A: 05 11 32 10 | 01
#1119-d168 @A: 21 15 02 24 | 10
#1120-d168 @A: 23 15 33 32 | 05
#1121-d168 @A: 18 23 07 34 | 08
#1122-d168 @A: 32 05 34 02 | 11
#1123-d168 @A: 32 22 10 20 | 07
#1124-d168 @A: 10 32 23 21 | 06
#1125-d168 @A: 29 14 21 08 | 09
#1126-d168 @A: 29 08 32 12 | 02
#1127-d168 @A: 19 25 20 08 | 12
#1128-d168 @A: 10 25 19 08 | 03
#1129-d168 @A: 08 16 22 06 | 04
#1130-d168 @A: 16 08 10 32 | 01
#1131-d168 @A: 08 17 32 34 | 10
#1132-d168 @A: 30 25 08 33 | 05
#1133-d168 @A: 08 18 26 09 | 08
#1134-d168 @A: 04 08 09 13 | 11
#1135-d168 @A: 20 15 02 08 | 07
#1136-d168 @A: 05 21 08 31 | 06
#1137-d168 @A: 08 21 18 23 | 09
#1138-d168 @A: 14 20 29 03 | 02
#1139-d168 @A: 03 28 29 30 | 12
#1140-d168 @A: 28 12 03 14 | 03
#1141-d168 @A: 30 03 20 19 | 04
#1142-d168 @A: 09 03 28 19 | 01
#1143-d168 @A: 19 02 25 03 | 10
#1144-d168 @A: 19 34 03 27 | 05
#1145-d168 @A: 19 02 03 10 | 08
#1146-d168 @A: 34 07 03 16 | 11
#1147-d168 @A: 33 18 16 03 | 07
#1148-d168 @A: 03 35 12 18 | 06
#1149-d168 @A: 23 03 24 26 | 09
#1150-d168 @A: 03 13 06 22 | 02
#1151-d168 @A: 03 09 04 05 | 12
#1152-d168 @A: 03 09 31 21 | 03
#1153-d168 @A: 11 03 34 13 | 04
#1154-d168 @A: 03 27 10 11 | 01
#1155-d168 @A: 01 07 20 03 | 10
#1156-d168 @A: 03 32 21 13 | 05
#1157-d168 @A: 03 05 33 28 | 08
#1158-d168 @A: 23 31 27 03 | 11
#1159-d168 @A: 10 14 29 26 | 07
#1160-d168 @A: 29 31 09 19 | 06
#1161-d168 @A: 07 35 19 29 | 09
#1162-d168 @A: 18 12 29 16 | 02
#1163-d168 @A: 12 17 21 29 | 12
#1164-d168 @A: 02 11 26 29 | 03
#1165-d168 @A: 01 35 06 29 | 04
#1166-d168 @A: 27 15 29 06 | 01
#1167-d168 @A: 29 21 33 06 | 10
#1168-d168 @A: 29 25 23 20 | 05
#1169-d168 @A: 34 21 29 11 | 08
#1170-d168 @A: 10 11 29 13 | 11
#1171-d168 @A: 10 34 15 29 | 07
#1172-d168 @A: 23 05 28 29 | 06
#1173-d168 @A: 14 06 20 19 | 09
#1174-d168 @A: 04 05 14 16 | 02
#1175-d168 @A: 14 26 31 09 | 12
#1176-d168 @A: 14 26 23 13 | 03
#1177-d168 @A: 35 14 02 09 | 04
#1178-d168 @A: 25 14 04 35 | 01
#1179-d168 @A: 14 20 34 25 | 10
#1180-d168 @A: 20 14 13 02 | 05
#1181-d168 @A: 21 07 14 27 | 08
#1182-d168 @A: 01 19 30 34 | 11
#1183-d168 @A: 19 12 32 10 | 07
#1184-d168 @A: 04 10 19 26 | 06
#1185-d168 @A: 19 10 06 23 | 09
#1186-d168 @A: 19 34 35 02 | 02
#1187-d168 @A: 19 28 18 02 | 12
#1188-d168 @A: 19 01 28 13 | 03
#1189-d168 @A: 19 02 01 22 | 04
#1190-d168 @A: 10 19 27 31 | 01
#1191-d168 @A: 06 30 18 16 | 10
#1192-d168 @A: 05 30 16 25 | 05
#1193-d168 @A: 12 16 09 27 | 08
#1194-d168 @A: 12 13 15 16 | 11
#1195-d168 @A: 04 15 16 28 | 07
#1196-d168 @A: 11 18 35 16 | 06
#1197-d168 @A: 27 31 20 16 | 09
#1198-d168 @A: 16 10 07 02 | 02
#1199-d168 @A: 18 13 16 22 | 12
#1200-d168 @A: 16 05 01 32 | 03
#1201-d168 @A: 33 17 32 12 | 04
#1202-d168 @A: 17 05 26 25 | 01
#1203-d168 @A: 26 17 34 28 | 10
#1204-d168 @A: 27 17 04 09 | 05
#1205-d168 @A: 35 22 09 17 | 08
#1206-d168 @A: 17 15 23 09 | 11
#1207-d168 @A: 04 20 25 17 | 07
#1208-d168 @A: 17 02 10 04 | 06
#1209-d168 @A: 28 11 35 17 | 09
#1210-d168 @A: 33 31 17 11 | 02
#1211-d168 @A: 01 17 32 22 | 12
#1212-d168 @A: 30 11 25 23 | 03
#1213-d168 @A: 25 18 13 30 | 04
#1214-d168 @A: 28 11 15 30 | 01
#1215-d168 @A: 24 21 30 07 | 10
#1216-d168 @A: 28 13 07 30 | 05
#1217-d168 @A: 07 30 32 18 | 08
#1218-d168 @A: 28 18 30 33 | 11
#1219-d168 @A: 13 05 30 02 | 07
#1220-d168 @A: 24 30 10 05 | 06
#1221-d168 @A: 30 01 32 27 | 09
#1222-d168 @A: 12 31 06 09 | 02
#1223-d168 @A: 28 13 12 06 | 12
#1224-d168 @A: 11 10 12 09 | 03
#1225-d168 @A: 12 35 31 25 | 04
#1226-d168 @A: 34 12 25 07 | 01
#1227-d168 @A: 12 35 22 04 | 10
#1228-d168 @A: 15 12 27 22 | 05
#1229-d168 @A: 20 07 24 12 | 08
#1230-d168 @A: 13 20 12 18 | 11
#1231-d168 @A: 32 12 27 24 | 07
#1232-d168 @A: 28 35 26 09 | 06
#1233-d168 @A: 35 26 32 11 | 09
#1234-d168 @A: 21 23 33 26 | 02
#1235-d168 @A: 26 31 18 22 | 12
#1236-d168 @A: 01 27 26 22 | 03
#1237-d168 @A: 11 31 25 06 | 04
#1238-d168 @A: 06 25 28 34 | 01
#1239-d168 @A: 04 22 06 18 | 10
#1240-d168 @A: 13 27 06 11 | 05
#1241-d168 @A: 13 21 24 06 | 08
#1242-d168 @A: 33 06 02 24 | 11
#1243-d168 @A: 04 09 25 31 | 07
#1244-d168 @A: 07 09 15 10 | 06
#1245-d168 @A: 20 27 09 22 | 09
#1246-d168 @A: 21 24 09 32 | 02
#1247-d168 @A: 33 28 27 09 | 12
#1248-d168 @A: 09 02 10 13 | 03
#1249-d168 @A: 35 15 25 32 | 04
#1250-d168 @A: 25 18 34 35 | 01
#1251-d168 @A: 20 18 25 27 | 10
#1252-d168 @A: 21 18 31 25 | 05
#1253-d168 @A: 07 02 31 25 | 08
#1254-d168 @A: 21 33 20 04 | 11
#1255-d168 @A: 20 01 04 23 | 07
#1256-d168 @A: 04 21 07 22 | 06
#1257-d168 @A: 04 10 33 07 | 09
#1258-d168 @A: 28 04 18 24 | 02
#1259-d168 @A: 04 33 22 31 | 12
#1260-d168 @A: 04 22 13 27 | 03
#1261-d168 @A: 23 05 04 24 | 04
#1262-d168 @A: 02 23 04 13 | 01
#1263-d168 @A: 22 11 20 23 | 10
#1264-d168 @A: 11 23 32 13 | 05
#1265-d168 @A: 15 01 33 34 | 08
#1266-d168 @A: 13 31 28 15 | 11
#1267-d168 @A: 20 07 22 34 | 07
#1268-d168 @A: 22 33 32 34 | 06
#1269-d168 @A: 05 34 27 24 | 09
#1270-d168 @A: 02 31 34 13 | 02
#1271-d168 @A: 21 31 10 24 | 12
#1272-d168 @A: 27 10 01 32 | 03
#1273-d168 @A: 11 08 03 20 | 04
#1274-d168 @A: 08 29 20 35 | 01
#1275-d168 @A: 29 24 08 23 | 10
#1276-d168 @A: 23 08 14 19 | 05
#1277-d168 @A: 08 27 10 14 | 08
#1278-d168 @A: 08 19 13 26 | 11
#1279-d168 @A: 18 17 07 08 | 07
#1280-d168 @A: 08 09 02 30 | 06
#1281-d168 @A: 08 27 11 30 | 09
#1282-d168 @A: 04 08 07 12 | 02
#1283-d168 @A: 08 20 12 27 | 12
#1284-d168 @A: 18 08 33 12 | 03
#1285-d168 @A: 08 11 01 26 | 04
#1286-d168 @A: 06 28 15 08 | 01
#1287-d168 @A: 02 35 08 04 | 10
#1288-d168 @A: 18 05 08 28 | 05
#1289-d168 @A: 19 29 03 21 | 08
#1290-d168 @A: 29 03 11 31 | 11
#1291-d168 @A: 10 29 03 01 | 07
#1292-d168 @A: 17 03 14 23 | 06
#1293-d168 @A: 13 14 03 15 | 09
#1294-d168 @A: 19 16 31 03 | 02
#1295-d168 @A: 19 26 05 03 | 12
#1296-d168 @A: 04 03 32 17 | 03
#1297-d168 @A: 02 32 03 12 | 04
#1298-d168 @A: 09 03 26 07 | 01
#1299-d168 @A: 06 03 25 18 | 10
#1300-d168 @A: 03 21 18 24 | 05
#1301-d168 @A: 30 29 18 14 | 08
#1302-d168 @A: 29 13 14 25 | 11
#1303-d168 @A: 04 21 16 29 | 07
#1304-d168 @A: 34 26 29 23 | 06
#1305-d168 @A: 15 09 29 18 | 09
#1306-d168 @A: 18 01 29 33 | 02
#1307-d168 @A: 10 18 02 29 | 12
#1308-d168 @A: 29 27 23 10 | 03
#1309-d168 @A: 16 14 19 22 | 04
#1310-d168 @A: 19 17 07 14 | 01
#1311-d168 @A: 24 09 14 17 | 10
#1312-d168 @A: 01 31 17 14 | 05
#1313-d168 @A: 09 14 30 01 | 08
#1314-d168 @A: 25 30 14 28 | 11
#1315-d168 @A: 32 04 30 14 | 07
#1316-d168 @A: 21 02 14 30 | 06
#1317-d168 @A: 13 21 14 12 | 09
#1318-d168 @A: 06 14 05 26 | 02
#1319-d168 @A: 14 06 18 09 | 12
#1320-d168 @A: 27 25 23 14 | 03
#1321-d168 @A: 07 15 14 04 | 04
#1322-d168 @A: 34 04 24 14 | 01
#1323-d168 @A: 15 32 11 14 | 10
#1324-d168 @A: 14 23 21 32 | 05
#1325-d168 @A: 05 23 14 07 | 08
#1326-d168 @A: 14 13 28 32 | 11
#1327-d168 @A: 33 31 14 27 | 07
#1328-d168 @A: 33 01 13 14 | 06
#1329-d168 @A: 32 18 14 24 | 09
#1330-d168 @A: 17 05 10 19 | 02
#1331-d168 @A: 35 19 32 12 | 12
#1332-d168 @A: 11 19 24 06 | 03
#1333-d168 @A: 25 13 19 04 | 04
#1334-d168 @A: 25 34 22 19 | 01
#1335-d168 @A: 07 23 19 25 | 10
#1336-d168 @A: 35 15 23 19 | 05
#1337-d168 @A: 33 19 34 13 | 08
#1338-d168 @A: 32 20 19 21 | 11
#1339-d168 @A: 21 22 19 24 | 07
#1340-d168 @A: 21 13 19 02 | 06
#1341-d168 @A: 19 07 32 33 | 09
#1342-d168 @A: 32 24 19 01 | 02
#1343-d168 @A: 33 16 15 17 | 12
#1344-d168 @A: 34 33 16 30 | 03
#1345-d168 @A: 16 01 26 12 | 04
#1346-d168 @A: 26 16 25 02 | 01
#1347-d168 @A: 16 28 06 10 | 10
#1348-d168 @A: 16 32 28 09 | 05
#1349-d168 @A: 23 25 28 16 | 08
#1350-d168 @A: 13 35 21 16 | 11
#1351-d168 @A: 31 05 16 28 | 07
#1352-d168 @A: 12 26 17 31 | 06
#1353-d168 @A: 17 09 02 18 | 09
#1354-d168 @A: 25 35 21 17 | 02
#1355-d168 @A: 17 18 15 04 | 12
#1356-d168 @A: 17 22 15 11 | 03
#1357-d168 @A: 11 32 17 27 | 04
#1358-d168 @A: 21 02 32 17 | 01
#1359-d168 @A: 13 28 27 17 | 10
#1360-d168 @A: 17 27 05 31 | 05
#1361-d168 @A: 22 30 26 09 | 08
#1362-d168 @A: 30 02 04 11 | 11
#1363-d168 @A: 11 21 30 10 | 07
#1364-d168 @A: 30 31 05 32 | 06
#1365-d168 @A: 01 30 23 02 | 09
#1366-d168 @A: 26 06 12 04 | 02
#1367-d168 @A: 24 09 12 26 | 12
#1368-d168 @A: 21 34 26 12 | 03
#1369-d168 @A: 02 26 12 13 | 04
#1370-d168 @A: 12 25 18 04 | 01
#1371-d168 @A: 15 12 05 25 | 10
#1372-d168 @A: 15 11 12 20 | 05
#1373-d168 @A: 18 05 12 11 | 08
#1374-d168 @A: 01 12 18 27 | 11
#1375-d168 @A: 26 15 24 06 | 07
#1376-d168 @A: 04 01 35 26 | 06
#1377-d168 @A: 34 26 24 10 | 09
#1378-d168 @A: 18 21 26 05 | 02
#1379-d168 @A: 26 02 10 31 | 12
#1380-d168 @A: 09 35 24 06 | 03
#1381-d168 @A: 05 25 35 06 | 04
#1382-d168 @A: 28 04 06 35 | 01
#1383-d168 @A: 11 06 05 04 | 10
#1384-d168 @A: 35 13 06 15 | 05
#1385-d168 @A: 22 35 34 06 | 08
#1386-d168 @A: 10 06 21 01 | 11
#1387-d168 @A: 28 31 07 09 | 07
#1388-d168 @A: 02 32 09 01 | 06
#1389-d168 @A: 09 13 32 31 | 09
#1390-d168 @A: 04 27 34 25 | 02
#1391-d168 @A: 23 10 04 25 | 12
#1392-d168 @A: 24 25 23 21 | 03
#1393-d168 @A: 31 33 25 23 | 04
#1394-d168 @A: 02 05 25 18 | 01
#1395-d168 @A: 11 04 21 15 | 10
#1396-d168 @A: 35 01 28 05 | 05
#1397-d168 @A: 18 28 32 35 | 08
#1398-d168 @A: 35 23 31 24 | 11
#1399-d168 @A: 24 01 21 11 | 07
#1400-d168 @A: 01 15 32 20 | 06
#1401-d168 @A: 21 15 18 07 | 09
#1402-d168 @A: 33 15 02 05 | 02
#1403-d168 @A: 15 31 33 18 | 12
#1404-d168 @A: 34 33 05 07 | 03
#1405-d168 @A: 13 34 07 27 | 04
#1406-d168 @A: 26 27 08 03 | 01
#1407-d168 @A: 19 08 27 29 | 10
#1408-d168 @A: 08 29 25 06 | 05
#1409-d168 @A: 11 22 08 29 | 08
#1410-d168 @A: 29 08 10 24 | 11
#1411-d168 @A: 14 27 08 17 | 07
#1412-d168 @A: 08 24 12 14 | 06
#1413-d168 @A: 08 05 19 16 | 09
#1414-d168 @A: 17 08 25 02 | 02
#1415-d168 @A: 08 26 05 34 | 12
#1416-d168 @A: 07 13 06 08 | 03
#1417-d168 @A: 22 24 08 09 | 04
#1418-d168 @A: 10 08 04 20 | 01
#1419-d168 @A: 01 23 08 32 | 10
#1420-d168 @A: 15 29 23 03 | 05
#1421-d168 @A: 11 03 30 14 | 08
#1422-d168 @A: 09 33 03 14 | 11
#1423-d168 @A: 01 22 03 14 | 07
#1424-d168 @A: 16 17 03 05 | 06
#1425-d168 @A: 30 03 09 10 | 09
#1426-d168 @A: 26 03 04 11 | 02
#1427-d168 @A: 26 03 32 10 | 12
#1428-d168 @A: 09 03 11 02 | 03
#1429-d168 @A: 07 11 03 24 | 04
#1430-d168 @A: 29 19 04 14 | 01
#1431-d168 @A: 34 29 14 15 | 10
#1432-d168 @A: 19 29 22 12 | 05
#1433-d168 @A: 32 29 19 11 | 08
#1434-d168 @A: 28 34 29 19 | 11
#1435-d168 @A: 19 18 29 05 | 07
#1436-d168 @A: 15 16 24 29 | 06
#1437-d168 @A: 34 29 16 20 | 09
#1438-d168 @A: 29 20 17 11 | 02
#1439-d168 @A: 29 24 17 02 | 12
#1440-d168 @A: 29 30 24 12 | 03
#1441-d168 @A: 29 25 28 12 | 04
#1442-d168 @A: 04 29 26 07 | 01
#1443-d168 @A: 09 29 20 13 | 10
#1444-d168 @A: 04 02 29 15 | 05
#1445-d168 @A: 04 29 31 34 | 08
#1446-d168 @A: 02 29 28 22 | 11
#1447-d168 @A: 22 18 29 27 | 07
#1448-d168 @A: 29 18 23 32 | 06
#1449-d168 @A: 18 19 14 21 | 09
#1450-d168 @A: 24 26 14 16 | 02
#1451-d168 @A: 14 30 31 15 | 12
#1452-d168 @A: 14 25 06 12 | 03
#1453-d168 @A: 33 35 12 14 | 04
#1454-d168 @A: 12 05 14 32 | 01
#1455-d168 @A: 22 14 32 06 | 10
#1456-d168 @A: 14 10 28 09 | 05
#1457-d168 @A: 15 02 25 14 | 08
#1458-d168 @A: 18 02 04 14 | 11
#1459-d168 @A: 15 10 02 14 | 07
#1460-d168 @A: 23 14 33 20 | 06
#1461-d168 @A: 02 33 32 14 | 09
#1462-d168 @A: 10 14 05 31 | 02
#1463-d168 @A: 18 14 23 31 | 12
#1464-d168 @A: 14 24 23 01 | 03
#1465-d168 @A: 19 12 33 16 | 04
#1466-d168 @A: 25 16 19 01 | 01
#1467-d168 @A: 12 11 31 19 | 10
#1468-d168 @A: 19 04 32 26 | 05
#1469-d168 @A: 06 19 15 22 | 08
#1470-d168 @A: 05 19 15 11 | 11
#1471-d168 @A: 19 02 20 33 | 07
#1472-d168 @A: 18 21 10 19 | 06
#1473-d168 @A: 24 19 28 07 | 09
#1474-d168 @A: 32 23 19 27 | 02
#1475-d168 @A: 27 24 13 19 | 12
#1476-d168 @A: 13 01 10 19 | 03
#1477-d168 @A: 06 16 17 09 | 04
#1478-d168 @A: 07 16 30 12 | 01
#1479-d168 @A: 28 30 16 35 | 10
#1480-d168 @A: 16 15 06 02 | 05
#1481-d168 @A: 35 16 25 22 | 08
#1482-d168 @A: 25 16 34 21 | 11
#1483-d168 @A: 16 33 11 07 | 07
#1484-d168 @A: 16 22 32 24 | 06
#1485-d168 @A: 30 04 23 17 | 09
#1486-d168 @A: 17 35 30 32 | 02
#1487-d168 @A: 34 07 17 30 | 12
#1488-d168 @A: 17 25 12 23 | 03
#1489-d168 @A: 26 17 11 07 | 04
#1490-d168 @A: 17 09 20 07 | 01
#1491-d168 @A: 17 31 34 25 | 10
#1492-d168 @A: 27 17 07 10 | 05
#1493-d168 @A: 13 05 18 17 | 08
#1494-d168 @A: 18 17 32 31 | 11
#1495-d168 @A: 32 17 13 10 | 07
#1496-d168 @A: 12 26 30 27 | 06
#1497-d168 @A: 12 01 30 25 | 09
#1498-d168 @A: 31 30 26 10 | 02
#1499-d168 @A: 30 35 27 06 | 12
#1500-d168 @A: 06 11 30 20 | 03
#1501-d168 @A: 21 06 34 30 | 04
#1502-d168 @A: 30 34 25 15 | 01
#1503-d168 @A: 30 04 28 27 | 10
#1504-d168 @A: 30 02 35 07 | 05
#1505-d168 @A: 13 30 31 21 | 08
#1506-d168 @A: 31 30 27 18 | 11
#1507-d168 @A: 33 06 12 07 | 07
#1508-d168 @A: 31 12 06 10 | 06
#1509-d168 @A: 10 15 12 04 | 09
#1510-d168 @A: 11 34 22 12 | 02
#1511-d168 @A: 22 12 31 20 | 12
#1512-d168 @A: 12 07 32 31 | 03
#1513-d168 @A: 18 23 12 24 | 04
#1514-d168 @A: 26 06 34 27 | 01
#1515-d168 @A: 04 23 27 26 | 10
#1516-d168 @A: 26 18 24 13 | 05
#1517-d168 @A: 26 32 01 13 | 08
#1518-d168 @A: 04 09 06 32 | 11
#1519-d168 @A: 13 06 31 33 | 07
#1520-d168 @A: 24 05 32 06 | 06
#1521-d168 @A: 06 27 10 13 | 09
#1522-d168 @A: 02 06 32 13 | 02
#1523-d168 @A: 05 09 25 01 | 12
#1524-d168 @A: 01 09 25 10 | 03
#1525-d168 @A: 09 35 13 05 | 04
#1526-d168 @A: 07 09 24 05 | 01
#1527-d168 @A: 27 07 09 32 | 10
#1528-d168 @A: 23 09 18 28 | 05
#1529-d168 @A: 07 11 25 04 | 08
#1530-d168 @A: 04 01 25 02 | 11
#1531-d168 @A: 21 35 10 25 | 07
#1532-d168 @A: 15 25 13 33 | 06
#1533-d168 @A: 21 25 02 33 | 09
#1534-d168 @A: 25 13 01 07 | 02
#1535-d168 @A: 05 28 25 27 | 12
#1536-d168 @A: 13 25 31 27 | 03
#1537-d168 @A: 04 34 15 35 | 04
#1538-d168 @A: 35 05 10 04 | 01
#1539-d168 @A: 18 31 04 11 | 10
#1540-d168 @A: 04 10 22 21 | 05
#1541-d168 @A: 07 28 01 04 | 08
#1542-d168 @A: 21 24 05 35 | 11
#1543-d168 @A: 35 01 32 33 | 07
#1544-d168 @A: 27 02 35 32 | 06
#1545-d168 @A: 18 33 11 27 | 09
#1546-d168 @A: 23 24 33 11 | 02
#1547-d168 @A: 23 18 01 11 | 12
#1548-d168 @A: 11 32 24 02 | 03
#1549-d168 @A: 24 15 22 07 | 04
#1550-d168 @A: 27 33 15 24 | 01
#1551-d168 @A: 20 34 13 24 | 10
#1552-d168 @A: 28 13 05 34 | 05
#1553-d168 @A: 34 28 01 23 | 08
#1554-d168 @A: 20 24 01 10 | 11
#1555-d168 @A: 30 18 08 03 | 07
#1556-d168 @A: 08 03 04 33 | 06
#1557-d168 @A: 07 14 08 30 | 09
#1558-d168 @A: 08 14 01 15 | 02
#1559-d168 @A: 09 19 08 01 | 12
#1560-d168 @A: 08 16 09 20 | 03
#1561-d168 @A: 08 25 16 18 | 04
#1562-d168 @A: 35 13 30 08 | 01
#1563-d168 @A: 25 21 12 08 | 10
#1564-d168 @A: 26 32 08 15 | 05
#1565-d168 @A: 06 08 01 24 | 08
#1566-d168 @A: 33 21 32 08 | 11
#1567-d168 @A: 08 32 28 27 | 07
#1568-d168 @A: 02 01 05 08 | 06
#1569-d168 @A: 08 13 27 18 | 09
#1570-d168 @A: 03 13 29 17 | 02
#1571-d168 @A: 29 03 33 25 | 12
#1572-d168 @A: 14 03 24 19 | 03
#1573-d168 @A: 22 19 03 17 | 04
#1574-d168 @A: 03 06 23 16 | 01
#1575-d168 @A: 15 05 03 06 | 10
#1576-d168 @A: 09 03 15 34 | 05
#1577-d168 @A: 28 18 11 03 | 08
#1578-d168 @A: 11 03 32 01 | 11
#1579-d168 @A: 21 22 27 03 | 07
#1580-d168 @A: 02 23 21 03 | 06
#1581-d168 @A: 02 13 03 33 | 09
#1582-d168 @A: 31 03 32 24 | 02
#1583-d168 @A: 16 29 01 14 | 12
#1584-d168 @A: 19 29 25 26 | 03
#1585-d168 @A: 12 35 10 29 | 04
#1586-d168 @A: 06 29 07 11 | 01
#1587-d168 @A: 33 25 29 10 | 10
#1588-d168 @A: 11 04 28 29 | 05
#1589-d168 @A: 35 29 28 15 | 08
#1590-d168 @A: 29 31 24 05 | 11
#1591-d168 @A: 28 14 17 16 | 07
#1592-d168 @A: 13 14 16 30 | 06
#1593-d168 @A: 14 27 12 04 | 09
#1594-d168 @A: 25 14 26 01 | 02
#1595-d168 @A: 13 04 14 06 | 12
#1596-d168 @A: 14 35 06 23 | 03
#1597-d168 @A: 09 14 32 34 | 04
#1598-d168 @A: 21 35 34 14 | 01
#1599-d168 @A: 01 05 14 11 | 10
#1600-d168 @A: 07 34 10 14 | 05
#1601-d168 @A: 07 14 02 22 | 08
#1602-d168 @A: 05 14 28 22 | 11
#1603-d168 @A: 16 02 17 19 | 07
#1604-d168 @A: 16 19 30 27 | 06
#1605-d168 @A: 07 30 19 31 | 09
#1606-d168 @A: 06 26 19 31 | 02
#1607-d168 @A: 19 11 09 04 | 12
#1608-d168 @A: 24 05 19 25 | 03
#1609-d168 @A: 33 19 04 35 | 04
#1610-d168 @A: 20 15 19 04 | 01
#1611-d168 @A: 04 05 27 19 | 10
#1612-d168 @A: 21 27 35 19 | 05
#1613-d168 @A: 33 28 15 19 | 08
#1614-d168 @A: 20 19 27 01 | 11
#1615-d168 @A: 07 01 18 19 | 07
#1616-d168 @A: 24 16 17 34 | 06
#1617-d168 @A: 12 23 16 32 | 09
#1618-d168 @A: 15 23 16 26 | 02
#1619-d168 @A: 16 32 35 06 | 12
#1620-d168 @A: 11 04 13 16 | 03
#1621-d168 @A: 02 11 22 16 | 04
#1622-d168 @A: 21 20 22 16 | 01
#1623-d168 @A: 07 16 21 32 | 10
#1624-d168 @A: 13 16 05 33 | 05
#1625-d168 @A: 23 27 01 16 | 08
#1626-d168 @A: 01 17 06 30 | 11
#1627-d168 @A: 13 30 17 09 | 07
#1628-d168 @A: 30 10 23 17 | 06
#1629-d168 @A: 06 18 17 26 | 09
#1630-d168 @A: 17 35 26 33 | 02
#1631-d168 @A: 17 35 06 31 | 12
#1632-d168 @A: 34 17 09 21 | 03
#1633-d168 @A: 20 27 17 23 | 04
#1634-d168 @A: 27 17 21 24 | 01
#1635-d168 @A: 17 24 28 05 | 10
#1636-d168 @A: 10 17 24 18 | 05
#1637-d168 @A: 09 12 30 18 | 08
#1638-d168 @A: 26 32 30 23 | 11
#1639-d168 @A: 30 09 06 28 | 07
#1640-d168 @A: 15 04 30 24 | 06
#1641-d168 @A: 34 04 13 30 | 09
#1642-d168 @A: 15 30 35 05 | 02
#1643-d168 @A: 32 30 10 34 | 12
#1644-d168 @A: 01 30 28 20 | 03
#1645-d168 @A: 30 27 13 20 | 04
#1646-d168 @A: 13 18 10 30 | 01
#1647-d168 @A: 34 12 06 24 | 10
#1648-d168 @A: 01 04 15 12 | 05
#1649-d168 @A: 35 13 34 12 | 08
#1650-d168 @A: 05 23 12 20 | 11
#1651-d168 @A: 32 12 21 18 | 07
#1652-d168 @A: 22 18 07 12 | 06
#1653-d168 @A: 04 21 26 02 | 09
#1654-d168 @A: 35 23 26 20 | 02
#1655-d168 @A: 18 34 26 01 | 12
#1656-d168 @A: 28 01 24 26 | 03
#1657-d168 @A: 10 11 06 35 | 04
#1658-d168 @A: 28 05 06 07 | 01
#1659-d168 @A: 06 05 02 31 | 10
#1660-d168 @A: 09 25 15 28 | 05
#1661-d168 @A: 18 09 04 35 | 08
#1662-d168 @A: 20 05 09 21 | 11
#1663-d168 @A: 22 02 21 09 | 07
#1664-d168 @A: 25 20 35 07 | 06
#1665-d168 @A: 13 25 32 34 | 09
#1666-d168 @A: 25 18 23 22 | 02
#1667-d168 @A: 25 13 02 22 | 12
#1668-d168 @A: 22 04 05 01 | 03
#1669-d168 @A: 18 15 24 35 | 04
#1670-d168 @A: 27 20 24 35 | 01
#1671-d168 @A: 22 24 02 35 | 10
#1672-d168 @A: 11 33 05 20 | 05
#1673-d168 @A: 22 11 07 28 | 08
#1674-d168 @A: 32 05 28 11 | 11
#1675-d168 @A: 11 28 24 10 | 07
#1676-d168 @A: 32 22 11 18 | 06
#1677-d168 @A: 13 01 15 21 | 09
#1678-d168 @A: 27 15 01 28 | 02
#1679-d168 @A: 15 32 22 31 | 12
#1680-d168 @A: 05 18 32 15 | 03
#1681-d168 @A: 05 15 10 27 | 04
#1682-d168 @A: 15 02 27 18 | 01
#1683-d168 @A: 34 27 21 01 | 10
#1684-d168 @A: 10 02 34 28 | 05
#1685-d168 @A: 05 31 34 18 | 08
#1686-d168 @A: 31 34 32 01 | 11
#1687-d168 @A: 24 02 01 34 | 07
#1688-d168 @A: 20 18 10 07 | 06
#1689-d168 @A: 13 05 21 10 | 09
