#0001-d192 @A: 24 15 30 06 | 01
#0002-d192 @A: 27 30 26 06 | 09
#0003-d192 @A: 22 06 23 34 | 12
#0004-d192 @A: 01 34 06 19 | 07
#0005-d192 @A: 11 19 07 06 | 03
#0006-d192 @A: 21 11 06 17 | 04
#0007-d192 @A: 19 06 04 12 | 11
#0008-d192 @A: 33 27 13 06 | 08
#0009-d192 @A: 06 14 13 17 | 02
#0010-d192 @A: 17 05 07 06 | 05
#0011-d192 @A: 25 16 06 24 | 06
#0012-d192 @A: 06 16 20 09 | 10
#0013-d192 @A: 06 13 26 07 | 01
#0014-d192 @A: 10 13 23 06 | 09
#0015-d192 @A: 35 20 10 06 | 12
#0016-d192 @A: 23 30 04 02 | 07
#0017-d192 @A: 30 19 02 10 | 03
#0018-d192 @A: 27 34 02 12 | 04
#0019-d192 @A: 26 02 03 08 | 11
#0020-d192 @A: 03 16 02 32 | 08
#0021-d192 @A: 32 19 01 02 | 02
#0022-d192 @A: 02 19 18 27 | 05
#0023-d192 @A: 15 14 02 17 | 06
#0024-d192 @A: 02 23 08 24 | 10
#0025-d192 @A: 23 12 07 02 | 01
#0026-d192 @A: 18 09 25 02 | 09
#0027-d192 @A: 04 01 19 30 | 12
#0028-d192 @A: 30 31 33 20 | 07
#0029-d192 @A: 31 30 29 19 | 03
#0030-d192 @A: 08 05 31 30 | 04
#0031-d192 @A: 18 33 30 08 | 11
#0032-d192 @A: 35 32 30 33 | 08
#0033-d192 @A: 20 30 19 05 | 02
#0034-d192 @A: 08 26 28 30 | 05
#0035-d192 @A: 08 30 10 14 | 06
#0036-d192 @A: 30 07 14 24 | 10
#0037-d192 @A: 14 30 01 12 | 01
#0038-d192 @A: 01 30 32 08 | 09
#0039-d192 @A: 05 30 13 24 | 12
#0040-d192 @A: 13 27 15 30 | 07
#0041-d192 @A: 23 30 35 27 | 03
#0042-d192 @A: 33 11 31 34 | 04
#0043-d192 @A: 34 11 03 20 | 11
#0044-d192 @A: 34 03 31 22 | 08
#0045-d192 @A: 34 25 31 07 | 02
#0046-d192 @A: 34 15 31 23 | 05
#0047-d192 @A: 29 27 03 34 | 06
#0048-d192 @A: 34 17 28 16 | 10
#0049-d192 @A: 34 14 25 24 | 01
#0050-d192 @A: 15 34 21 07 | 09
#0051-d192 @A: 09 13 20 34 | 12
#0052-d192 @A: 04 05 11 28 | 07
#0053-d192 @A: 11 17 01 03 | 03
#0054-d192 @A: 19 01 33 11 | 04
#0055-d192 @A: 08 33 10 11 | 11
#0056-d192 @A: 11 25 28 24 | 08
#0057-d192 @A: 12 11 28 18 | 02
#0058-d192 @A: 15 11 14 26 | 05
#0059-d192 @A: 07 11 32 08 | 06
#0060-d192 @A: 01 21 11 07 | 10
#0061-d192 @A: 03 22 12 04 | 01
#0062-d192 @A: 10 04 22 33 | 09
#0063-d192 @A: 28 31 35 04 | 12
#0064-d192 @A: 04 03 16 14 | 07
#0065-d192 @A: 19 14 04 29 | 03
#0066-d192 @A: 04 19 18 08 | 04
#0067-d192 @A: 27 04 23 16 | 11
#0068-d192 @A: 13 07 04 09 | 08
#0069-d192 @A: 09 04 15 26 | 02
#0070-d192 @A: 04 27 35 15 | 05
#0071-d192 @A: 04 20 23 35 | 06
#0072-d192 @A: 29 25 26 04 | 10
#0073-d192 @A: 35 08 31 22 | 01
#0074-d192 @A: 22 32 18 31 | 09
#0075-d192 @A: 27 35 22 31 | 12
#0076-d192 @A: 35 22 03 14 | 07
#0077-d192 @A: 29 08 33 22 | 03
#0078-d192 @A: 26 19 18 22 | 04
#0079-d192 @A: 22 32 01 14 | 11
#0080-d192 @A: 22 16 25 15 | 08
#0081-d192 @A: 07 25 22 10 | 02
#0082-d192 @A: 22 25 21 18 | 05
#0083-d192 @A: 13 12 27 22 | 06
#0084-d192 @A: 22 26 09 12 | 10
#0085-d192 @A: 35 22 29 20 | 01
#0086-d192 @A: 12 31 19 03 | 09
#0087-d192 @A: 13 28 31 19 | 12
#0088-d192 @A: 31 17 07 27 | 07
#0089-d192 @A: 07 26 18 31 | 03
#0090-d192 @A: 31 18 20 27 | 04
#0091-d192 @A: 31 13 01 35 | 11
#0092-d192 @A: 20 29 26 31 | 08
#0093-d192 @A: 10 03 14 33 | 02
#0094-d192 @A: 03 19 32 26 | 05
#0095-d192 @A: 07 03 08 28 | 06
#0096-d192 @A: 27 17 28 03 | 10
#0097-d192 @A: 03 20 24 08 | 01
#0098-d192 @A: 29 09 16 03 | 09
#0099-d192 @A: 18 13 23 03 | 12
#0100-d192 @A: 27 13 21 03 | 07
#0101-d192 @A: 29 28 24 33 | 03
#0102-d192 @A: 35 33 05 16 | 04
#0103-d192 @A: 25 21 12 33 | 11
#0104-d192 @A: 27 20 29 33 | 08
#0105-d192 @A: 19 24 14 16 | 02
#0106-d192 @A: 07 17 19 09 | 05
#0107-d192 @A: 19 17 23 29 | 06
#0108-d192 @A: 24 19 35 01 | 10
#0109-d192 @A: 25 12 16 19 | 01
#0110-d192 @A: 13 07 19 25 | 09
#0111-d192 @A: 09 01 13 19 | 12
#0112-d192 @A: 19 20 15 29 | 07
#0113-d192 @A: 09 20 25 19 | 03
#0114-d192 @A: 12 14 28 17 | 04
#0115-d192 @A: 26 17 24 28 | 11
#0116-d192 @A: 17 21 10 28 | 08
#0117-d192 @A: 28 27 18 24 | 02
#0118-d192 @A: 21 16 09 28 | 05
#0119-d192 @A: 28 15 23 09 | 06
#0120-d192 @A: 25 08 20 14 | 10
#0121-d192 @A: 17 24 23 14 | 01
#0122-d192 @A: 14 10 18 26 | 09
#0123-d192 @A: 27 10 14 01 | 12
#0124-d192 @A: 16 12 26 08 | 07
#0125-d192 @A: 01 26 08 07 | 03
#0126-d192 @A: 13 26 08 09 | 04
#0127-d192 @A: 29 12 27 08 | 11
#0128-d192 @A: 13 05 32 26 | 08
#0129-d192 @A: 01 05 27 18 | 02
#0130-d192 @A: 12 05 09 15 | 05
#0131-d192 @A: 16 29 13 17 | 06
#0132-d192 @A: 15 27 17 18 | 10
#0133-d192 @A: 24 32 18 13 | 01
#0134-d192 @A: 24 25 12 32 | 09
#0135-d192 @A: 24 29 32 09 | 12
#0136-d192 @A: 16 21 24 18 | 07
#0137-d192 @A: 26 18 24 12 | 03
#0138-d192 @A: 32 21 10 12 | 04
#0139-d192 @A: 32 29 12 20 | 11
#0140-d192 @A: 23 10 32 09 | 08
#0141-d192 @A: 16 10 12 27 | 02
#0142-d192 @A: 06 15 34 02 | 05
#0143-d192 @A: 03 06 02 04 | 06
#0144-d192 @A: 12 17 30 06 | 10
#0145-d192 @A: 05 06 22 11 | 01
#0146-d192 @A: 25 03 06 11 | 09
#0147-d192 @A: 14 06 27 11 | 12
#0148-d192 @A: 04 06 17 22 | 07
#0149-d192 @A: 09 06 14 04 | 03
#0150-d192 @A: 06 12 22 08 | 04
#0151-d192 @A: 26 06 21 22 | 11
#0152-d192 @A: 07 06 03 14 | 08
#0153-d192 @A: 15 33 32 06 | 02
#0154-d192 @A: 06 14 01 20 | 05
#0155-d192 @A: 08 06 25 05 | 06
#0156-d192 @A: 08 09 32 06 | 10
#0157-d192 @A: 23 06 12 01 | 01
#0158-d192 @A: 02 24 35 30 | 09
#0159-d192 @A: 21 28 34 02 | 12
#0160-d192 @A: 34 02 08 01 | 07
#0161-d192 @A: 02 11 15 33 | 03
#0162-d192 @A: 09 04 21 02 | 04
#0163-d192 @A: 16 22 02 27 | 11
#0164-d192 @A: 28 02 23 31 | 08
#0165-d192 @A: 28 18 33 02 | 02
#0166-d192 @A: 19 02 14 09 | 05
#0167-d192 @A: 17 02 28 25 | 06
#0168-d192 @A: 10 09 28 02 | 10
#0169-d192 @A: 08 05 02 29 | 01
#0170-d192 @A: 05 02 25 24 | 09
#0171-d192 @A: 07 02 25 35 | 12
#0172-d192 @A: 25 02 26 15 | 07
#0173-d192 @A: 01 29 02 09 | 03
#0174-d192 @A: 34 21 30 17 | 04
#0175-d192 @A: 30 05 22 09 | 11
#0176-d192 @A: 22 30 07 27 | 08
#0177-d192 @A: 28 31 17 30 | 02
#0178-d192 @A: 24 12 31 30 | 05
#0179-d192 @A: 35 07 31 30 | 06
#0180-d192 @A: 19 03 30 16 | 10
#0181-d192 @A: 19 18 30 17 | 01
#0182-d192 @A: 12 32 28 30 | 09
#0183-d192 @A: 30 16 35 14 | 12
#0184-d192 @A: 30 21 01 05 | 07
#0185-d192 @A: 16 20 07 30 | 03
#0186-d192 @A: 12 16 21 30 | 04
#0187-d192 @A: 30 10 25 16 | 11
#0188-d192 @A: 25 30 07 09 | 08
#0189-d192 @A: 26 13 30 21 | 02
#0190-d192 @A: 29 13 30 09 | 05
#0191-d192 @A: 25 30 20 29 | 06
#0192-d192 @A: 34 11 22 18 | 10
#0193-d192 @A: 34 04 08 15 | 01
#0194-d192 @A: 24 01 34 31 | 09
#0195-d192 @A: 09 34 19 28 | 12
#0196-d192 @A: 19 34 05 35 | 07
#0197-d192 @A: 34 17 13 19 | 03
#0198-d192 @A: 12 14 34 07 | 04
#0199-d192 @A: 34 23 35 14 | 11
#0200-d192 @A: 27 34 25 24 | 08
#0201-d192 @A: 34 15 09 16 | 02
#0202-d192 @A: 34 01 07 13 | 05
#0203-d192 @A: 12 26 23 34 | 06
#0204-d192 @A: 01 26 34 25 | 10
#0205-d192 @A: 19 11 13 04 | 01
#0206-d192 @A: 11 04 08 26 | 09
#0207-d192 @A: 04 07 11 24 | 12
#0208-d192 @A: 04 10 32 11 | 07
#0209-d192 @A: 22 11 15 31 | 03
#0210-d192 @A: 11 13 14 22 | 04
#0211-d192 @A: 31 11 18 01 | 11
#0212-d192 @A: 16 03 11 28 | 08
#0213-d192 @A: 11 12 33 16 | 02
#0214-d192 @A: 17 27 16 11 | 05
#0215-d192 @A: 09 24 11 27 | 06
#0216-d192 @A: 13 10 11 12 | 10
#0217-d192 @A: 21 15 35 11 | 01
#0218-d192 @A: 11 26 20 10 | 09
#0219-d192 @A: 22 27 03 04 | 12
#0220-d192 @A: 04 17 03 19 | 07
#0221-d192 @A: 04 29 33 32 | 03
#0222-d192 @A: 04 10 05 19 | 04
#0223-d192 @A: 04 01 28 17 | 11
#0224-d192 @A: 04 14 07 32 | 08
#0225-d192 @A: 12 32 27 04 | 02
#0226-d192 @A: 16 23 01 04 | 05
#0227-d192 @A: 31 10 05 22 | 06
#0228-d192 @A: 05 16 22 03 | 10
#0229-d192 @A: 28 20 33 22 | 01
#0230-d192 @A: 22 24 25 33 | 09
#0231-d192 @A: 18 05 08 22 | 12
#0232-d192 @A: 24 08 22 09 | 07
#0233-d192 @A: 01 13 22 08 | 03
#0234-d192 @A: 32 22 23 05 | 04
#0235-d192 @A: 18 29 07 22 | 11
#0236-d192 @A: 12 18 22 01 | 08
#0237-d192 @A: 15 22 20 21 | 02
#0238-d192 @A: 23 12 22 25 | 05
#0239-d192 @A: 35 10 22 26 | 06
#0240-d192 @A: 31 29 17 03 | 10
#0241-d192 @A: 31 19 24 10 | 01
#0242-d192 @A: 28 24 31 21 | 09
#0243-d192 @A: 32 31 28 15 | 12
#0244-d192 @A: 14 35 17 31 | 07
#0245-d192 @A: 25 18 05 31 | 03
#0246-d192 @A: 31 17 10 07 | 04
#0247-d192 @A: 15 31 17 18 | 11
#0248-d192 @A: 20 09 31 24 | 08
#0249-d192 @A: 31 16 25 26 | 02
#0250-d192 @A: 23 21 25 31 | 05
#0251-d192 @A: 25 09 31 12 | 06
#0252-d192 @A: 29 09 27 31 | 10
#0253-d192 @A: 19 20 03 10 | 01
#0254-d192 @A: 03 08 14 09 | 09
#0255-d192 @A: 21 17 14 03 | 12
#0256-d192 @A: 03 05 32 29 | 07
#0257-d192 @A: 18 01 10 03 | 03
#0258-d192 @A: 17 12 33 19 | 04
#0259-d192 @A: 33 14 23 28 | 11
#0260-d192 @A: 07 17 28 33 | 08
#0261-d192 @A: 19 08 14 26 | 02
#0262-d192 @A: 19 20 23 14 | 05
#0263-d192 @A: 19 20 12 13 | 06
#0264-d192 @A: 08 32 28 20 | 10
#0265-d192 @A: 16 05 24 28 | 01
#0266-d192 @A: 18 20 35 28 | 09
#0267-d192 @A: 28 29 25 27 | 12
#0268-d192 @A: 21 25 14 07 | 07
#0269-d192 @A: 26 14 29 13 | 03
#0270-d192 @A: 29 12 14 25 | 04
#0271-d192 @A: 14 27 26 25 | 11
#0272-d192 @A: 07 18 12 08 | 08
#0273-d192 @A: 15 08 20 12 | 02
#0274-d192 @A: 05 15 17 32 | 05
#0275-d192 @A: 16 09 25 05 | 06
#0276-d192 @A: 16 05 01 29 | 10
#0277-d192 @A: 21 18 13 05 | 01
#0278-d192 @A: 18 35 05 12 | 09
#0279-d192 @A: 21 05 26 29 | 12
#0280-d192 @A: 35 17 24 25 | 07
#0281-d192 @A: 16 17 01 20 | 03
#0282-d192 @A: 17 13 18 12 | 04
#0283-d192 @A: 01 35 17 15 | 11
#0284-d192 @A: 27 10 17 15 | 08
#0285-d192 @A: 35 24 13 07 | 02
#0286-d192 @A: 29 20 24 07 | 05
#0287-d192 @A: 10 25 13 24 | 06
#0288-d192 @A: 01 21 09 24 | 10
#0289-d192 @A: 24 23 29 15 | 01
#0290-d192 @A: 10 32 01 20 | 09
#0291-d192 @A: 13 35 29 27 | 12
#0292-d192 @A: 27 02 06 07 | 07
#0293-d192 @A: 06 35 30 26 | 03
#0294-d192 @A: 11 15 04 06 | 04
#0295-d192 @A: 08 13 11 06 | 11
#0296-d192 @A: 06 18 24 11 | 08
#0297-d192 @A: 32 11 06 01 | 02
#0298-d192 @A: 18 01 06 04 | 05
#0299-d192 @A: 14 06 22 25 | 06
#0300-d192 @A: 06 03 28 17 | 10
#0301-d192 @A: 06 09 21 03 | 01
#0302-d192 @A: 19 06 24 13 | 09
#0303-d192 @A: 26 06 12 28 | 12
#0304-d192 @A: 06 18 05 15 | 07
#0305-d192 @A: 15 06 13 09 | 03
#0306-d192 @A: 01 02 30 17 | 04
#0307-d192 @A: 17 34 02 31 | 11
#0308-d192 @A: 02 24 29 34 | 08
#0309-d192 @A: 21 11 02 19 | 02
#0310-d192 @A: 02 26 04 20 | 05
#0311-d192 @A: 03 35 02 20 | 06
#0312-d192 @A: 32 14 35 02 | 10
#0313-d192 @A: 32 13 02 08 | 01
#0314-d192 @A: 18 23 02 05 | 09
#0315-d192 @A: 20 13 02 01 | 12
#0316-d192 @A: 25 02 29 21 | 07
#0317-d192 @A: 15 23 02 10 | 03
#0318-d192 @A: 29 20 23 02 | 04
#0319-d192 @A: 30 08 34 11 | 11
#0320-d192 @A: 01 34 30 03 | 08
#0321-d192 @A: 34 30 27 33 | 02
#0322-d192 @A: 34 30 23 28 | 05
#0323-d192 @A: 30 27 31 04 | 06
#0324-d192 @A: 14 04 30 28 | 10
#0325-d192 @A: 22 30 20 14 | 01
#0326-d192 @A: 30 25 26 22 | 09
#0327-d192 @A: 25 17 30 33 | 12
#0328-d192 @A: 33 01 29 30 | 07
#0329-d192 @A: 30 24 28 09 | 03
#0330-d192 @A: 21 25 30 28 | 04
#0331-d192 @A: 30 21 23 08 | 11
#0332-d192 @A: 12 29 30 05 | 08
#0333-d192 @A: 18 30 10 24 | 02
#0334-d192 @A: 12 07 30 10 | 05
#0335-d192 @A: 07 29 15 30 | 06
#0336-d192 @A: 34 11 29 28 | 10
#0337-d192 @A: 34 13 11 05 | 01
#0338-d192 @A: 22 17 34 07 | 09
#0339-d192 @A: 03 28 34 12 | 12
#0340-d192 @A: 33 14 20 34 | 07
#0341-d192 @A: 33 34 17 09 | 03
#0342-d192 @A: 24 33 21 34 | 04
#0343-d192 @A: 23 33 10 34 | 11
#0344-d192 @A: 34 20 08 07 | 08
#0345-d192 @A: 13 16 34 23 | 02
#0346-d192 @A: 18 25 12 34 | 05
#0347-d192 @A: 15 35 18 34 | 06
#0348-d192 @A: 12 13 34 15 | 10
#0349-d192 @A: 34 21 25 10 | 01
#0350-d192 @A: 09 11 03 33 | 09
#0351-d192 @A: 24 03 11 26 | 12
#0352-d192 @A: 20 08 11 19 | 07
#0353-d192 @A: 14 32 11 12 | 03
#0354-d192 @A: 35 11 14 18 | 04
#0355-d192 @A: 25 13 11 09 | 11
#0356-d192 @A: 31 04 33 01 | 08
#0357-d192 @A: 19 04 07 20 | 02
#0358-d192 @A: 08 25 28 04 | 05
#0359-d192 @A: 04 21 28 26 | 06
#0360-d192 @A: 27 14 04 29 | 10
#0361-d192 @A: 20 05 04 32 | 01
#0362-d192 @A: 04 20 18 12 | 09
#0363-d192 @A: 12 29 09 04 | 12
#0364-d192 @A: 23 10 29 04 | 07
#0365-d192 @A: 16 22 21 31 | 03
#0366-d192 @A: 25 22 17 03 | 04
#0367-d192 @A: 22 09 19 33 | 11
#0368-d192 @A: 22 15 14 33 | 08
#0369-d192 @A: 05 22 17 13 | 02
#0370-d192 @A: 23 26 07 22 | 05
#0371-d192 @A: 09 01 22 10 | 06
#0372-d192 @A: 22 26 09 27 | 10
#0373-d192 @A: 31 12 28 33 | 01
#0374-d192 @A: 33 31 25 32 | 09
#0375-d192 @A: 33 15 13 31 | 12
#0376-d192 @A: 23 19 31 05 | 07
#0377-d192 @A: 31 12 15 26 | 03
#0378-d192 @A: 20 31 01 12 | 04
#0379-d192 @A: 35 29 31 12 | 11
#0380-d192 @A: 03 33 05 18 | 08
#0381-d192 @A: 24 03 13 33 | 02
#0382-d192 @A: 33 07 03 32 | 05
#0383-d192 @A: 08 03 21 25 | 06
#0384-d192 @A: 07 09 03 10 | 10
#0385-d192 @A: 01 07 35 03 | 01
#0386-d192 @A: 03 35 29 18 | 09
#0387-d192 @A: 27 23 03 25 | 12
#0388-d192 @A: 28 25 33 19 | 07
#0389-d192 @A: 14 09 33 24 | 03
#0390-d192 @A: 09 33 07 15 | 04
#0391-d192 @A: 19 16 13 21 | 11
#0392-d192 @A: 10 23 21 19 | 08
#0393-d192 @A: 14 28 13 24 | 02
#0394-d192 @A: 07 28 20 13 | 05
#0395-d192 @A: 10 23 18 28 | 06
#0396-d192 @A: 14 25 05 17 | 10
#0397-d192 @A: 27 05 14 07 | 01
#0398-d192 @A: 14 24 21 29 | 09
#0399-d192 @A: 16 14 20 12 | 12
#0400-d192 @A: 09 01 14 07 | 07
#0401-d192 @A: 01 25 14 18 | 03
#0402-d192 @A: 20 21 13 14 | 04
#0403-d192 @A: 35 01 14 21 | 11
#0404-d192 @A: 07 08 05 35 | 08
#0405-d192 @A: 08 01 18 23 | 02
#0406-d192 @A: 13 08 15 25 | 05
#0407-d192 @A: 23 26 08 25 | 06
#0408-d192 @A: 16 12 05 10 | 10
#0409-d192 @A: 23 35 17 13 | 01
#0410-d192 @A: 17 35 29 10 | 09
#0411-d192 @A: 10 24 16 20 | 12
#0412-d192 @A: 01 24 26 16 | 07
#0413-d192 @A: 01 16 32 21 | 03
#0414-d192 @A: 27 32 25 13 | 04
#0415-d192 @A: 16 26 20 27 | 11
#0416-d192 @A: 09 23 27 13 | 08
#0417-d192 @A: 29 21 27 01 | 02
#0418-d192 @A: 23 10 27 20 | 05
#0419-d192 @A: 02 06 29 14 | 06
#0420-d192 @A: 35 06 02 18 | 10
#0421-d192 @A: 28 30 18 06 | 01
#0422-d192 @A: 16 05 30 06 | 09
#0423-d192 @A: 29 32 06 30 | 12
#0424-d192 @A: 34 27 06 23 | 07
#0425-d192 @A: 29 11 33 06 | 03
#0426-d192 @A: 04 33 06 07 | 04
#0427-d192 @A: 27 06 31 21 | 11
#0428-d192 @A: 03 35 06 19 | 08
#0429-d192 @A: 33 06 19 05 | 02
#0430-d192 @A: 23 08 19 06 | 05
#0431-d192 @A: 10 17 01 06 | 06
#0432-d192 @A: 29 06 13 25 | 10
#0433-d192 @A: 21 06 25 01 | 01
#0434-d192 @A: 15 12 27 06 | 09
#0435-d192 @A: 06 09 25 26 | 12
#0436-d192 @A: 30 16 02 34 | 07
#0437-d192 @A: 07 30 02 11 | 03
#0438-d192 @A: 14 02 21 30 | 04
#0439-d192 @A: 02 08 12 30 | 11
#0440-d192 @A: 15 02 05 30 | 08
#0441-d192 @A: 34 02 04 14 | 02
#0442-d192 @A: 25 02 11 14 | 05
#0443-d192 @A: 02 07 17 04 | 06
#0444-d192 @A: 31 26 02 19 | 10
#0445-d192 @A: 21 33 02 03 | 01
#0446-d192 @A: 33 02 08 17 | 09
#0447-d192 @A: 33 10 27 02 | 12
#0448-d192 @A: 02 19 16 05 | 07
#0449-d192 @A: 02 17 23 27 | 03
#0450-d192 @A: 01 15 02 16 | 04
#0451-d192 @A: 25 23 16 02 | 11
#0452-d192 @A: 02 07 18 13 | 08
#0453-d192 @A: 29 18 02 15 | 02
#0454-d192 @A: 34 30 19 26 | 05
#0455-d192 @A: 25 04 05 30 | 06
#0456-d192 @A: 15 08 30 22 | 10
#0457-d192 @A: 30 03 26 31 | 01
#0458-d192 @A: 31 30 32 23 | 09
#0459-d192 @A: 03 21 24 30 | 12
#0460-d192 @A: 07 19 30 21 | 07
#0461-d192 @A: 30 07 05 28 | 03
#0462-d192 @A: 16 30 01 13 | 04
#0463-d192 @A: 10 13 20 30 | 11
#0464-d192 @A: 09 21 30 20 | 08
#0465-d192 @A: 01 26 15 30 | 02
#0466-d192 @A: 04 01 32 34 | 05
#0467-d192 @A: 25 19 22 34 | 06
#0468-d192 @A: 14 22 09 34 | 10
#0469-d192 @A: 03 34 16 33 | 01
#0470-d192 @A: 23 34 08 03 | 09
#0471-d192 @A: 29 34 19 08 | 12
#0472-d192 @A: 08 14 34 05 | 07
#0473-d192 @A: 17 34 14 26 | 03
#0474-d192 @A: 05 20 34 16 | 04
#0475-d192 @A: 34 13 26 24 | 11
#0476-d192 @A: 16 21 34 35 | 08
#0477-d192 @A: 07 13 34 27 | 02
#0478-d192 @A: 29 21 20 34 | 05
#0479-d192 @A: 23 11 31 04 | 06
#0480-d192 @A: 20 17 22 11 | 10
#0481-d192 @A: 22 11 24 10 | 01
#0482-d192 @A: 11 19 35 31 | 09
#0483-d192 @A: 14 23 03 11 | 12
#0484-d192 @A: 27 33 11 08 | 07
#0485-d192 @A: 33 26 05 11 | 03
#0486-d192 @A: 19 11 18 32 | 04
#0487-d192 @A: 28 11 14 09 | 11
#0488-d192 @A: 25 11 21 16 | 08
#0489-d192 @A: 16 23 11 20 | 02
#0490-d192 @A: 07 15 13 11 | 05
#0491-d192 @A: 26 11 18 13 | 06
#0492-d192 @A: 15 12 11 29 | 10
#0493-d192 @A: 07 04 22 31 | 01
#0494-d192 @A: 04 22 23 14 | 09
#0495-d192 @A: 31 04 19 09 | 12
#0496-d192 @A: 04 23 03 28 | 07
#0497-d192 @A: 33 04 19 21 | 03
#0498-d192 @A: 15 33 04 28 | 04
#0499-d192 @A: 32 15 04 19 | 11
#0500-d192 @A: 14 05 04 12 | 08
#0501-d192 @A: 13 14 04 35 | 02
#0502-d192 @A: 18 21 04 17 | 05
#0503-d192 @A: 29 16 04 20 | 06
#0504-d192 @A: 25 04 10 09 | 10
#0505-d192 @A: 31 22 14 12 | 01
#0506-d192 @A: 13 09 22 03 | 09
#0507-d192 @A: 05 19 22 01 | 12
#0508-d192 @A: 20 07 22 09 | 07
#0509-d192 @A: 22 13 18 35 | 03
#0510-d192 @A: 29 27 10 22 | 04
#0511-d192 @A: 05 35 31 03 | 11
#0512-d192 @A: 21 07 03 31 | 08
#0513-d192 @A: 33 19 18 31 | 02
#0514-d192 @A: 19 01 31 08 | 05
#0515-d192 @A: 28 26 14 31 | 06
#0516-d192 @A: 08 33 19 03 | 10
#0517-d192 @A: 33 03 27 35 | 01
#0518-d192 @A: 16 10 13 03 | 09
#0519-d192 @A: 26 20 03 01 | 12
#0520-d192 @A: 33 35 14 19 | 07
#0521-d192 @A: 24 19 33 26 | 03
#0522-d192 @A: 27 05 33 28 | 04
#0523-d192 @A: 33 14 05 29 | 11
#0524-d192 @A: 14 17 16 33 | 08
#0525-d192 @A: 07 08 25 33 | 02
#0526-d192 @A: 08 33 35 23 | 05
#0527-d192 @A: 15 12 33 10 | 06
#0528-d192 @A: 33 35 25 09 | 10
#0529-d192 @A: 10 25 33 01 | 01
#0530-d192 @A: 19 07 28 14 | 09
#0531-d192 @A: 16 20 28 19 | 12
#0532-d192 @A: 17 27 05 19 | 07
#0533-d192 @A: 19 17 24 20 | 03
#0534-d192 @A: 16 15 23 19 | 04
#0535-d192 @A: 19 21 01 29 | 11
#0536-d192 @A: 29 09 19 35 | 08
#0537-d192 @A: 29 23 19 27 | 02
#0538-d192 @A: 01 28 08 27 | 05
#0539-d192 @A: 28 17 05 23 | 06
#0540-d192 @A: 32 28 35 01 | 10
#0541-d192 @A: 28 01 25 16 | 01
#0542-d192 @A: 27 28 21 07 | 09
#0543-d192 @A: 13 28 01 18 | 12
#0544-d192 @A: 13 28 29 12 | 07
#0545-d192 @A: 35 13 09 28 | 03
#0546-d192 @A: 28 09 01 26 | 04
#0547-d192 @A: 20 05 14 35 | 11
#0548-d192 @A: 21 26 16 14 | 08
#0549-d192 @A: 15 14 16 10 | 02
#0550-d192 @A: 14 13 15 23 | 05
#0551-d192 @A: 23 29 14 01 | 06
#0552-d192 @A: 05 17 08 16 | 10
#0553-d192 @A: 21 08 29 09 | 01
#0554-d192 @A: 05 29 10 18 | 09
#0555-d192 @A: 21 25 05 35 | 12
#0556-d192 @A: 21 17 29 07 | 07
#0557-d192 @A: 17 07 12 01 | 03
#0558-d192 @A: 21 23 17 09 | 04
#0559-d192 @A: 10 32 24 26 | 11
#0560-d192 @A: 29 12 24 16 | 08
#0561-d192 @A: 21 12 07 24 | 02
#0562-d192 @A: 21 26 24 23 | 05
#0563-d192 @A: 29 26 35 24 | 06
#0564-d192 @A: 07 32 25 18 | 10
#0565-d192 @A: 32 15 09 01 | 01
#0566-d192 @A: 23 26 32 15 | 09
#0567-d192 @A: 29 07 27 15 | 12
#0568-d192 @A: 10 35 07 27 | 07
#0569-d192 @A: 01 26 07 27 | 03
#0570-d192 @A: 18 10 27 26 | 04
#0571-d192 @A: 27 21 09 15 | 11
#0572-d192 @A: 06 32 02 20 | 08
#0573-d192 @A: 06 34 04 21 | 02
#0574-d192 @A: 09 05 34 06 | 05
#0575-d192 @A: 16 11 14 06 | 06
#0576-d192 @A: 06 19 16 22 | 10
#0577-d192 @A: 16 06 31 33 | 01
#0578-d192 @A: 15 31 19 06 | 09
#0579-d192 @A: 06 28 31 25 | 12
#0580-d192 @A: 03 06 23 16 | 07
#0581-d192 @A: 33 06 01 13 | 03
#0582-d192 @A: 10 19 09 06 | 04
#0583-d192 @A: 26 20 06 19 | 11
#0584-d192 @A: 28 06 08 29 | 08
#0585-d192 @A: 14 32 06 26 | 02
#0586-d192 @A: 07 06 29 12 | 05
#0587-d192 @A: 07 23 06 25 | 06
#0588-d192 @A: 25 18 10 06 | 10
#0589-d192 @A: 03 18 02 30 | 01
#0590-d192 @A: 30 02 20 27 | 09
#0591-d192 @A: 18 34 02 19 | 12
#0592-d192 @A: 04 11 02 01 | 07
#0593-d192 @A: 22 12 02 11 | 03
#0594-d192 @A: 02 22 04 15 | 04
#0595-d192 @A: 29 13 02 04 | 11
#0596-d192 @A: 24 12 02 33 | 08
#0597-d192 @A: 02 33 35 26 | 02
#0598-d192 @A: 05 02 28 35 | 05
#0599-d192 @A: 27 09 14 02 | 06
#0600-d192 @A: 16 18 02 20 | 10
#0601-d192 @A: 02 21 10 16 | 01
#0602-d192 @A: 02 07 09 26 | 09
#0603-d192 @A: 01 10 02 26 | 12
#0604-d192 @A: 34 10 30 22 | 07
#0605-d192 @A: 11 04 30 29 | 03
#0606-d192 @A: 21 11 31 30 | 04
#0607-d192 @A: 11 30 25 19 | 11
#0608-d192 @A: 30 07 04 08 | 08
#0609-d192 @A: 21 04 35 30 | 02
#0610-d192 @A: 17 30 20 03 | 05
#0611-d192 @A: 03 32 30 25 | 06
#0612-d192 @A: 24 08 25 30 | 10
#0613-d192 @A: 16 18 23 30 | 01
#0614-d192 @A: 18 07 30 01 | 09
#0615-d192 @A: 13 07 23 30 | 12
#0616-d192 @A: 12 30 20 26 | 07
#0617-d192 @A: 30 01 35 20 | 03
#0618-d192 @A: 34 11 16 19 | 04
#0619-d192 @A: 34 15 32 11 | 11
#0620-d192 @A: 01 11 34 10 | 08
#0621-d192 @A: 10 16 34 04 | 02
#0622-d192 @A: 27 34 22 17 | 05
#0623-d192 @A: 21 19 31 34 | 06
#0624-d192 @A: 13 34 31 14 | 10
#0625-d192 @A: 15 33 19 34 | 01
#0626-d192 @A: 34 13 33 08 | 09
#0627-d192 @A: 33 34 29 35 | 12
#0628-d192 @A: 14 16 34 32 | 07
#0629-d192 @A: 18 08 34 24 | 03
#0630-d192 @A: 10 24 34 17 | 04
#0631-d192 @A: 27 32 34 18 | 11
#0632-d192 @A: 10 34 18 20 | 08
#0633-d192 @A: 07 11 03 18 | 02
#0634-d192 @A: 03 11 27 10 | 05
#0635-d192 @A: 33 13 17 11 | 06
#0636-d192 @A: 11 29 14 08 | 10
#0637-d192 @A: 14 24 11 01 | 01
#0638-d192 @A: 17 09 11 32 | 09
#0639-d192 @A: 09 07 11 27 | 12
#0640-d192 @A: 07 11 20 35 | 07
#0641-d192 @A: 21 18 10 11 | 03
#0642-d192 @A: 27 20 11 29 | 04
#0643-d192 @A: 04 22 26 32 | 11
#0644-d192 @A: 04 29 03 24 | 08
#0645-d192 @A: 32 03 04 13 | 02
#0646-d192 @A: 33 24 04 35 | 05
#0647-d192 @A: 04 26 16 19 | 06
#0648-d192 @A: 32 04 35 08 | 10
#0649-d192 @A: 01 04 24 05 | 01
#0650-d192 @A: 27 09 04 05 | 09
#0651-d192 @A: 13 20 17 04 | 12
#0652-d192 @A: 15 12 04 24 | 07
#0653-d192 @A: 15 04 07 35 | 03
#0654-d192 @A: 18 04 35 26 | 04
#0655-d192 @A: 09 20 01 04 | 11
#0656-d192 @A: 31 19 22 20 | 08
#0657-d192 @A: 22 31 28 29 | 02
#0658-d192 @A: 22 28 08 23 | 05
#0659-d192 @A: 22 29 12 21 | 06
#0660-d192 @A: 31 03 09 28 | 10
#0661-d192 @A: 14 31 33 08 | 01
#0662-d192 @A: 27 31 24 14 | 09
#0663-d192 @A: 01 14 31 16 | 12
#0664-d192 @A: 31 10 08 27 | 07
#0665-d192 @A: 12 18 31 23 | 03
#0666-d192 @A: 31 13 26 10 | 04
#0667-d192 @A: 31 26 27 15 | 11
#0668-d192 @A: 09 31 01 23 | 08
#0669-d192 @A: 10 20 23 31 | 02
#0670-d192 @A: 03 25 18 28 | 05
#0671-d192 @A: 03 13 28 15 | 06
#0672-d192 @A: 03 05 08 12 | 10
#0673-d192 @A: 09 03 25 01 | 01
#0674-d192 @A: 12 32 33 08 | 09
#0675-d192 @A: 32 01 33 05 | 12
#0676-d192 @A: 33 09 32 20 | 07
#0677-d192 @A: 28 19 32 29 | 03
#0678-d192 @A: 09 08 27 19 | 04
#0679-d192 @A: 21 19 05 17 | 11
#0680-d192 @A: 05 29 24 19 | 08
#0681-d192 @A: 16 19 01 10 | 02
#0682-d192 @A: 26 29 07 19 | 05
#0683-d192 @A: 19 29 10 25 | 06
#0684-d192 @A: 21 28 14 05 | 10
#0685-d192 @A: 14 28 15 20 | 01
#0686-d192 @A: 29 05 28 15 | 09
#0687-d192 @A: 28 29 20 17 | 12
#0688-d192 @A: 35 10 12 28 | 07
#0689-d192 @A: 18 14 08 17 | 03
#0690-d192 @A: 17 32 20 14 | 04
#0691-d192 @A: 15 18 14 07 | 11
#0692-d192 @A: 09 14 15 25 | 08
#0693-d192 @A: 01 15 05 08 | 02
#0694-d192 @A: 08 09 01 17 | 05
#0695-d192 @A: 08 21 07 16 | 06
#0696-d192 @A: 08 29 20 01 | 10
#0697-d192 @A: 27 29 05 16 | 01
#0698-d192 @A: 05 25 20 07 | 09
#0699-d192 @A: 13 23 12 05 | 12
#0700-d192 @A: 13 05 10 09 | 07
#0701-d192 @A: 13 05 10 27 | 03
#0702-d192 @A: 10 09 17 12 | 04
#0703-d192 @A: 09 17 29 25 | 11
#0704-d192 @A: 01 25 23 17 | 08
#0705-d192 @A: 24 07 25 26 | 02
#0706-d192 @A: 16 15 32 20 | 05
#0707-d192 @A: 27 23 32 07 | 06
#0708-d192 @A: 07 29 32 35 | 10
#0709-d192 @A: 32 10 15 25 | 01
#0710-d192 @A: 17 16 06 02 | 09
#0711-d192 @A: 30 13 06 04 | 12
#0712-d192 @A: 30 06 03 10 | 07
#0713-d192 @A: 06 34 16 08 | 03
#0714-d192 @A: 06 29 17 34 | 04
#0715-d192 @A: 06 24 20 34 | 11
#0716-d192 @A: 06 04 16 28 | 08
#0717-d192 @A: 31 03 01 06 | 02
#0718-d192 @A: 06 32 24 03 | 05
#0719-d192 @A: 24 33 06 10 | 06
#0720-d192 @A: 35 06 17 08 | 10
#0721-d192 @A: 27 06 05 24 | 01
#0722-d192 @A: 16 18 13 06 | 09
#0723-d192 @A: 27 29 06 18 | 12
#0724-d192 @A: 23 35 15 06 | 07
#0725-d192 @A: 29 06 01 26 | 03
#0726-d192 @A: 26 11 34 02 | 04
#0727-d192 @A: 24 11 09 02 | 11
#0728-d192 @A: 04 18 32 02 | 08
#0729-d192 @A: 07 05 02 31 | 02
#0730-d192 @A: 03 07 02 19 | 05
#0731-d192 @A: 23 03 17 02 | 06
#0732-d192 @A: 01 14 33 02 | 10
#0733-d192 @A: 10 33 02 32 | 01
#0734-d192 @A: 08 19 02 25 | 09
#0735-d192 @A: 02 08 09 35 | 12
#0736-d192 @A: 02 16 24 07 | 07
#0737-d192 @A: 29 35 16 02 | 03
#0738-d192 @A: 20 02 21 07 | 04
#0739-d192 @A: 02 21 15 13 | 11
#0740-d192 @A: 12 25 01 02 | 08
#0741-d192 @A: 34 33 30 05 | 02
#0742-d192 @A: 30 33 11 14 | 05
#0743-d192 @A: 11 05 18 30 | 06
#0744-d192 @A: 30 13 32 11 | 10
#0745-d192 @A: 30 16 11 26 | 01
#0746-d192 @A: 03 30 08 29 | 09
#0747-d192 @A: 30 28 10 33 | 12
#0748-d192 @A: 27 10 28 30 | 07
#0749-d192 @A: 30 08 09 16 | 03
#0750-d192 @A: 32 07 30 17 | 04
#0751-d192 @A: 12 01 27 30 | 11
#0752-d192 @A: 17 35 04 34 | 08
#0753-d192 @A: 21 34 04 27 | 02
#0754-d192 @A: 22 28 26 34 | 05
#0755-d192 @A: 08 22 21 34 | 06
#0756-d192 @A: 22 24 16 34 | 10
#0757-d192 @A: 22 32 29 34 | 01
#0758-d192 @A: 03 34 15 10 | 09
#0759-d192 @A: 12 08 17 34 | 12
#0760-d192 @A: 26 16 34 07 | 07
#0761-d192 @A: 01 34 18 16 | 03
#0762-d192 @A: 26 21 34 18 | 04
#0763-d192 @A: 09 18 29 34 | 11
#0764-d192 @A: 11 22 04 25 | 08
#0765-d192 @A: 16 11 04 17 | 02
#0766-d192 @A: 11 07 33 22 | 05
#0767-d192 @A: 11 31 12 17 | 06
#0768-d192 @A: 11 19 09 05 | 10
#0769-d192 @A: 11 15 01 20 | 01
#0770-d192 @A: 26 25 35 11 | 09
#0771-d192 @A: 28 22 19 04 | 12
#0772-d192 @A: 12 31 04 08 | 07
#0773-d192 @A: 31 13 04 05 | 03
#0774-d192 @A: 24 31 16 04 | 04
#0775-d192 @A: 26 03 07 04 | 11
#0776-d192 @A: 04 33 25 14 | 08
#0777-d192 @A: 04 13 19 27 | 02
#0778-d192 @A: 08 27 04 17 | 05
#0779-d192 @A: 04 23 32 12 | 06
#0780-d192 @A: 04 21 15 29 | 10
#0781-d192 @A: 27 20 04 01 | 01
#0782-d192 @A: 20 03 32 22 | 09
#0783-d192 @A: 05 22 14 07 | 12
#0784-d192 @A: 05 22 32 27 | 07
#0785-d192 @A: 12 24 17 22 | 03
#0786-d192 @A: 17 35 22 32 | 04
#0787-d192 @A: 22 21 01 17 | 11
#0788-d192 @A: 10 22 23 17 | 08
#0789-d192 @A: 15 24 22 07 | 02
#0790-d192 @A: 20 24 27 22 | 05
#0791-d192 @A: 12 10 22 20 | 06
#0792-d192 @A: 29 09 15 22 | 10
#0793-d192 @A: 23 33 03 31 | 01
#0794-d192 @A: 28 08 31 18 | 09
#0795-d192 @A: 24 31 14 32 | 12
#0796-d192 @A: 31 05 17 20 | 07
#0797-d192 @A: 13 17 31 24 | 03
#0798-d192 @A: 20 31 16 13 | 04
#0799-d192 @A: 09 21 31 13 | 11
#0800-d192 @A: 17 33 03 35 | 08
#0801-d192 @A: 28 29 14 03 | 02
#0802-d192 @A: 17 08 10 03 | 05
#0803-d192 @A: 17 26 03 05 | 06
#0804-d192 @A: 18 26 16 03 | 10
#0805-d192 @A: 18 07 27 03 | 01
#0806-d192 @A: 18 03 15 20 | 09
#0807-d192 @A: 20 03 09 23 | 12
#0808-d192 @A: 10 33 19 07 | 07
#0809-d192 @A: 24 01 17 33 | 03
#0810-d192 @A: 16 20 25 33 | 04
#0811-d192 @A: 33 18 13 10 | 11
#0812-d192 @A: 12 33 13 35 | 08
#0813-d192 @A: 01 33 15 21 | 02
#0814-d192 @A: 12 01 33 09 | 05
#0815-d192 @A: 33 27 01 25 | 06
#0816-d192 @A: 12 14 18 19 | 10
#0817-d192 @A: 19 32 12 05 | 01
#0818-d192 @A: 25 23 18 19 | 09
#0819-d192 @A: 35 21 19 20 | 12
#0820-d192 @A: 28 14 25 32 | 07
#0821-d192 @A: 28 05 09 08 | 03
#0822-d192 @A: 09 17 28 18 | 04
#0823-d192 @A: 32 15 27 28 | 11
#0824-d192 @A: 23 20 26 28 | 08
#0825-d192 @A: 14 27 35 08 | 02
#0826-d192 @A: 05 18 16 14 | 05
#0827-d192 @A: 16 14 09 23 | 06
#0828-d192 @A: 14 18 23 27 | 10
#0829-d192 @A: 09 14 35 12 | 01
#0830-d192 @A: 17 08 23 20 | 09
#0831-d192 @A: 18 16 08 25 | 12
#0832-d192 @A: 07 29 13 08 | 07
#0833-d192 @A: 08 18 20 13 | 03
#0834-d192 @A: 08 10 21 13 | 04
#0835-d192 @A: 26 20 21 08 | 11
#0836-d192 @A: 09 01 18 05 | 08
#0837-d192 @A: 05 35 13 29 | 02
#0838-d192 @A: 17 13 15 10 | 05
#0839-d192 @A: 24 23 35 18 | 06
#0840-d192 @A: 24 12 09 13 | 10
#0841-d192 @A: 24 10 15 09 | 01
#0842-d192 @A: 27 24 35 01 | 09
#0843-d192 @A: 29 26 27 24 | 12
#0844-d192 @A: 32 07 20 23 | 07
#0845-d192 @A: 18 32 29 23 | 03
#0846-d192 @A: 01 26 18 32 | 04
#0847-d192 @A: 32 29 15 13 | 11
#0848-d192 @A: 26 02 24 06 | 08
#0849-d192 @A: 13 12 06 02 | 02
#0850-d192 @A: 09 01 06 30 | 05
#0851-d192 @A: 32 06 34 12 | 06
#0852-d192 @A: 31 06 04 20 | 10
#0853-d192 @A: 04 08 06 10 | 01
#0854-d192 @A: 33 35 22 06 | 09
#0855-d192 @A: 33 03 12 06 | 12
#0856-d192 @A: 19 18 29 06 | 07
#0857-d192 @A: 12 14 06 24 | 03
#0858-d192 @A: 24 21 05 06 | 04
#0859-d192 @A: 17 06 24 09 | 11
#0860-d192 @A: 06 07 16 32 | 08
#0861-d192 @A: 06 16 29 21 | 02
#0862-d192 @A: 25 35 27 06 | 05
#0863-d192 @A: 02 26 32 30 | 06
#0864-d192 @A: 02 34 09 23 | 10
#0865-d192 @A: 20 11 05 02 | 01
#0866-d192 @A: 04 08 02 16 | 09
#0867-d192 @A: 19 22 17 02 | 12
#0868-d192 @A: 02 22 10 08 | 07
#0869-d192 @A: 02 01 22 27 | 03
#0870-d192 @A: 02 28 27 31 | 04
#0871-d192 @A: 35 21 02 31 | 11
#0872-d192 @A: 12 03 14 02 | 08
#0873-d192 @A: 10 25 03 02 | 02
#0874-d192 @A: 02 16 28 14 | 05
#0875-d192 @A: 16 02 12 09 | 06
#0876-d192 @A: 12 21 26 02 | 10
#0877-d192 @A: 20 04 30 34 | 01
#0878-d192 @A: 35 12 30 34 | 09
#0879-d192 @A: 30 11 20 24 | 12
#0880-d192 @A: 11 30 18 27 | 07
#0881-d192 @A: 33 12 30 04 | 03
#0882-d192 @A: 17 15 04 30 | 04
#0883-d192 @A: 30 12 19 22 | 11
#0884-d192 @A: 28 22 30 13 | 08
#0885-d192 @A: 22 17 16 30 | 02
#0886-d192 @A: 30 23 03 05 | 05
#0887-d192 @A: 30 03 05 27 | 06
#0888-d192 @A: 33 16 30 24 | 10
#0889-d192 @A: 30 27 19 16 | 01
#0890-d192 @A: 16 29 28 30 | 09
#0891-d192 @A: 30 14 26 05 | 12
#0892-d192 @A: 30 09 17 14 | 07
#0893-d192 @A: 15 30 14 32 | 03
#0894-d192 @A: 30 05 17 35 | 04
#0895-d192 @A: 29 17 30 27 | 11
#0896-d192 @A: 35 13 30 15 | 08
#0897-d192 @A: 09 27 25 30 | 02
#0898-d192 @A: 26 29 30 10 | 05
#0899-d192 @A: 34 05 11 27 | 06
#0900-d192 @A: 08 10 34 31 | 10
#0901-d192 @A: 17 18 03 34 | 01
#0902-d192 @A: 34 03 32 09 | 09
#0903-d192 @A: 34 29 07 03 | 12
#0904-d192 @A: 33 01 28 34 | 07
#0905-d192 @A: 34 19 24 07 | 03
#0906-d192 @A: 01 34 23 21 | 04
#0907-d192 @A: 15 34 01 27 | 11
#0908-d192 @A: 09 10 34 26 | 08
#0909-d192 @A: 25 31 10 11 | 02
#0910-d192 @A: 03 32 35 11 | 05
#0911-d192 @A: 28 35 33 11 | 06
#0912-d192 @A: 25 11 32 05 | 10
#0913-d192 @A: 23 11 18 17 | 01
#0914-d192 @A: 11 16 13 35 | 09
#0915-d192 @A: 25 11 07 29 | 12
#0916-d192 @A: 11 18 09 20 | 07
#0917-d192 @A: 04 08 22 20 | 03
#0918-d192 @A: 21 22 04 24 | 04
#0919-d192 @A: 04 01 22 29 | 11
#0920-d192 @A: 05 04 15 03 | 08
#0921-d192 @A: 04 17 33 23 | 02
#0922-d192 @A: 19 25 04 24 | 05
#0923-d192 @A: 05 04 08 23 | 06
#0924-d192 @A: 04 16 18 15 | 10
#0925-d192 @A: 23 21 07 04 | 01
#0926-d192 @A: 18 09 23 04 | 09
#0927-d192 @A: 25 27 18 04 | 12
#0928-d192 @A: 13 04 23 26 | 07
#0929-d192 @A: 10 04 26 12 | 03
#0930-d192 @A: 22 10 03 21 | 04
#0931-d192 @A: 33 22 32 13 | 11
#0932-d192 @A: 27 19 22 21 | 08
#0933-d192 @A: 19 15 35 22 | 02
#0934-d192 @A: 14 10 22 28 | 05
#0935-d192 @A: 17 15 28 22 | 06
#0936-d192 @A: 28 18 22 16 | 10
#0937-d192 @A: 25 28 09 22 | 01
#0938-d192 @A: 17 22 08 26 | 09
#0939-d192 @A: 16 01 07 22 | 12
#0940-d192 @A: 33 31 05 09 | 07
#0941-d192 @A: 23 31 14 07 | 03
#0942-d192 @A: 08 29 31 32 | 04
#0943-d192 @A: 31 32 26 09 | 11
#0944-d192 @A: 31 23 16 29 | 08
#0945-d192 @A: 13 12 31 07 | 02
#0946-d192 @A: 26 28 33 03 | 05
#0947-d192 @A: 03 01 28 19 | 06
#0948-d192 @A: 19 03 27 01 | 10
#0949-d192 @A: 35 08 13 03 | 01
#0950-d192 @A: 13 03 17 07 | 09
#0951-d192 @A: 12 03 18 09 | 12
#0952-d192 @A: 12 15 25 03 | 07
#0953-d192 @A: 08 33 28 21 | 03
#0954-d192 @A: 32 14 33 21 | 04
#0955-d192 @A: 14 07 13 33 | 11
#0956-d192 @A: 05 20 08 33 | 08
#0957-d192 @A: 01 16 33 08 | 02
#0958-d192 @A: 33 16 26 15 | 05
#0959-d192 @A: 16 15 27 33 | 06
#0960-d192 @A: 21 33 35 07 | 10
#0961-d192 @A: 18 29 12 33 | 01
#0962-d192 @A: 01 18 33 35 | 09
#0963-d192 @A: 13 23 09 33 | 12
#0964-d192 @A: 21 27 23 33 | 07
#0965-d192 @A: 15 19 08 17 | 03
#0966-d192 @A: 16 35 19 07 | 04
#0967-d192 @A: 21 12 19 27 | 11
#0968-d192 @A: 19 26 10 15 | 08
#0969-d192 @A: 26 09 23 19 | 02
#0970-d192 @A: 32 13 17 28 | 05
#0971-d192 @A: 23 28 01 24 | 06
#0972-d192 @A: 23 12 16 28 | 10
#0973-d192 @A: 28 23 35 07 | 01
#0974-d192 @A: 28 21 20 01 | 09
#0975-d192 @A: 01 12 28 15 | 12
#0976-d192 @A: 08 12 13 14 | 07
#0977-d192 @A: 14 17 27 32 | 03
#0978-d192 @A: 20 35 16 08 | 04
#0979-d192 @A: 12 08 27 07 | 11
#0980-d192 @A: 26 05 15 07 | 08
#0981-d192 @A: 05 25 27 07 | 02
#0982-d192 @A: 01 05 26 35 | 05
#0983-d192 @A: 27 24 17 12 | 06
#0984-d192 @A: 18 17 10 16 | 10
#0985-d192 @A: 26 17 16 09 | 01
#0986-d192 @A: 15 17 25 07 | 09
#0987-d192 @A: 07 17 20 26 | 12
#0988-d192 @A: 15 12 23 17 | 07
#0989-d192 @A: 24 35 20 12 | 03
#0990-d192 @A: 12 10 24 01 | 04
#0991-d192 @A: 07 10 13 32 | 11
#0992-d192 @A: 01 32 27 09 | 08
#0993-d192 @A: 13 27 16 01 | 02
#0994-d192 @A: 20 12 09 27 | 05
#0995-d192 @A: 06 02 23 33 | 06
#0996-d192 @A: 30 20 08 06 | 10
#0997-d192 @A: 14 10 34 06 | 01
#0998-d192 @A: 32 25 04 06 | 09
#0999-d192 @A: 06 28 01 22 | 12
#1000-d192 @A: 27 22 06 28 | 07
#1001-d192 @A: 24 29 06 22 | 03
#1002-d192 @A: 06 22 09 18 | 04
#1003-d192 @A: 06 31 35 24 | 11
#1004-d192 @A: 27 06 09 03 | 08
#1005-d192 @A: 06 14 18 33 | 02
#1006-d192 @A: 25 19 17 06 | 05
#1007-d192 @A: 35 06 14 28 | 06
#1008-d192 @A: 06 10 05 28 | 10
#1009-d192 @A: 05 06 23 14 | 01
#1010-d192 @A: 07 35 09 06 | 09
#1011-d192 @A: 26 06 23 18 | 12
#1012-d192 @A: 06 35 13 21 | 07
#1013-d192 @A: 12 35 25 06 | 03
#1014-d192 @A: 23 09 29 06 | 04
#1015-d192 @A: 30 13 31 02 | 11
#1016-d192 @A: 02 30 33 09 | 08
#1017-d192 @A: 03 02 34 13 | 02
#1018-d192 @A: 25 32 34 02 | 05
#1019-d192 @A: 35 17 02 11 | 06
#1020-d192 @A: 33 02 16 22 | 10
#1021-d192 @A: 14 10 31 02 | 01
#1022-d192 @A: 24 31 02 18 | 09
#1023-d192 @A: 09 02 05 03 | 12
#1024-d192 @A: 20 33 19 02 | 07
#1025-d192 @A: 02 05 13 14 | 03
#1026-d192 @A: 24 21 17 02 | 04
#1027-d192 @A: 23 01 02 35 | 11
#1028-d192 @A: 18 13 34 30 | 08
#1029-d192 @A: 22 11 35 30 | 02
#1030-d192 @A: 30 28 11 01 | 05
#1031-d192 @A: 15 09 11 30 | 06
#1032-d192 @A: 18 04 30 22 | 10
#1033-d192 @A: 30 04 10 31 | 01
#1034-d192 @A: 07 22 03 30 | 09
#1035-d192 @A: 23 30 19 24 | 12
#1036-d192 @A: 17 13 30 08 | 07
#1037-d192 @A: 30 20 32 18 | 03
#1038-d192 @A: 18 26 09 30 | 04
#1039-d192 @A: 04 13 22 34 | 11
#1040-d192 @A: 24 04 09 34 | 08
#1041-d192 @A: 34 12 33 22 | 02
#1042-d192 @A: 05 22 34 15 | 05
#1043-d192 @A: 34 14 19 03 | 06
#1044-d192 @A: 05 03 34 21 | 10
#1045-d192 @A: 14 27 16 34 | 01
#1046-d192 @A: 32 34 08 26 | 09
#1047-d192 @A: 05 29 23 34 | 12
#1048-d192 @A: 13 34 21 32 | 07
#1049-d192 @A: 23 18 07 34 | 03
#1050-d192 @A: 35 25 13 34 | 04
#1051-d192 @A: 21 09 12 34 | 11
#1052-d192 @A: 01 09 35 34 | 08
#1053-d192 @A: 03 04 21 11 | 02
#1054-d192 @A: 28 27 04 11 | 05
#1055-d192 @A: 22 11 09 23 | 06
#1056-d192 @A: 32 24 33 11 | 10
#1057-d192 @A: 11 21 33 20 | 01
#1058-d192 @A: 23 25 11 33 | 09
#1059-d192 @A: 11 28 17 08 | 12
#1060-d192 @A: 10 28 11 15 | 07
#1061-d192 @A: 21 08 05 11 | 03
#1062-d192 @A: 07 11 12 26 | 04
#1063-d192 @A: 11 25 15 18 | 11
#1064-d192 @A: 04 03 08 01 | 08
#1065-d192 @A: 03 10 04 35 | 02
#1066-d192 @A: 04 09 33 08 | 05
#1067-d192 @A: 04 28 24 20 | 06
#1068-d192 @A: 28 09 04 32 | 10
#1069-d192 @A: 08 14 04 21 | 01
#1070-d192 @A: 18 24 04 14 | 09
#1071-d192 @A: 21 05 04 16 | 12
#1072-d192 @A: 16 25 35 04 | 07
#1073-d192 @A: 01 25 04 07 | 03
#1074-d192 @A: 21 04 12 13 | 04
#1075-d192 @A: 21 04 20 25 | 11
#1076-d192 @A: 19 03 22 23 | 08
#1077-d192 @A: 22 07 19 08 | 02
#1078-d192 @A: 13 22 19 10 | 05
#1079-d192 @A: 24 26 22 14 | 06
#1080-d192 @A: 22 07 21 13 | 10
#1081-d192 @A: 15 10 18 22 | 01
#1082-d192 @A: 26 13 15 22 | 09
#1083-d192 @A: 29 23 22 13 | 12
#1084-d192 @A: 01 31 33 27 | 07
#1085-d192 @A: 19 31 14 25 | 03
#1086-d192 @A: 31 19 07 32 | 04
#1087-d192 @A: 16 31 28 10 | 11
#1088-d192 @A: 24 05 15 31 | 08
#1089-d192 @A: 07 15 31 20 | 02
#1090-d192 @A: 10 31 15 01 | 05
#1091-d192 @A: 31 35 20 25 | 06
#1092-d192 @A: 03 19 18 21 | 10
#1093-d192 @A: 08 32 15 03 | 01
#1094-d192 @A: 16 20 03 21 | 09
#1095-d192 @A: 16 15 35 03 | 12
#1096-d192 @A: 13 03 20 25 | 07
#1097-d192 @A: 03 15 26 21 | 03
#1098-d192 @A: 32 33 28 16 | 04
#1099-d192 @A: 17 15 33 29 | 11
#1100-d192 @A: 23 29 07 33 | 08
#1101-d192 @A: 23 18 33 15 | 02
#1102-d192 @A: 01 26 33 23 | 05
#1103-d192 @A: 10 29 20 33 | 06
#1104-d192 @A: 01 19 17 14 | 10
#1105-d192 @A: 05 07 18 19 | 01
#1106-d192 @A: 10 19 32 17 | 09
#1107-d192 @A: 15 07 12 19 | 12
#1108-d192 @A: 07 28 25 12 | 07
#1109-d192 @A: 29 21 35 28 | 03
#1110-d192 @A: 29 23 28 25 | 04
#1111-d192 @A: 27 24 14 13 | 11
#1112-d192 @A: 32 29 14 10 | 08
#1113-d192 @A: 14 10 21 09 | 02
#1114-d192 @A: 05 27 15 08 | 05
#1115-d192 @A: 24 17 08 07 | 06
#1116-d192 @A: 10 08 24 29 | 10
#1117-d192 @A: 12 29 08 23 | 01
#1118-d192 @A: 08 29 35 25 | 09
#1119-d192 @A: 18 17 05 24 | 12
#1120-d192 @A: 10 05 21 20 | 07
#1121-d192 @A: 09 20 05 29 | 03
#1122-d192 @A: 20 05 23 01 | 04
#1123-d192 @A: 29 18 01 17 | 11
#1124-d192 @A: 17 27 25 21 | 08
#1125-d192 @A: 32 21 24 20 | 02
#1126-d192 @A: 32 15 35 24 | 05
#1127-d192 @A: 10 24 23 07 | 06
#1128-d192 @A: 21 27 24 10 | 10
#1129-d192 @A: 23 24 27 15 | 01
#1130-d192 @A: 32 16 27 35 | 09
#1131-d192 @A: 15 18 21 32 | 12
#1132-d192 @A: 32 26 12 35 | 07
#1133-d192 @A: 02 25 30 06 | 03
#1134-d192 @A: 02 06 19 28 | 04
#1135-d192 @A: 06 05 01 02 | 11
#1136-d192 @A: 06 23 11 30 | 08
#1137-d192 @A: 06 19 14 30 | 02
#1138-d192 @A: 05 06 26 04 | 05
#1139-d192 @A: 04 06 10 27 | 06
#1140-d192 @A: 32 10 06 22 | 10
#1141-d192 @A: 31 06 23 17 | 01
#1142-d192 @A: 06 03 18 08 | 09
#1143-d192 @A: 08 01 24 06 | 12
#1144-d192 @A: 08 27 06 16 | 07
#1145-d192 @A: 21 06 07 10 | 03
#1146-d192 @A: 21 12 06 18 | 04
#1147-d192 @A: 34 33 07 02 | 11
#1148-d192 @A: 02 28 11 13 | 08
#1149-d192 @A: 11 02 25 27 | 02
#1150-d192 @A: 02 24 04 27 | 05
#1151-d192 @A: 02 28 03 22 | 06
#1152-d192 @A: 02 08 31 20 | 10
#1153-d192 @A: 13 02 33 25 | 01
#1154-d192 @A: 02 24 14 20 | 09
#1155-d192 @A: 02 12 17 05 | 12
#1156-d192 @A: 02 26 18 17 | 07
#1157-d192 @A: 02 07 29 10 | 03
#1158-d192 @A: 10 18 12 02 | 04
#1159-d192 @A: 02 09 20 15 | 11
#1160-d192 @A: 32 34 24 30 | 08
#1161-d192 @A: 03 30 11 12 | 02
#1162-d192 @A: 30 01 31 25 | 05
#1163-d192 @A: 07 26 30 33 | 06
#1164-d192 @A: 08 27 30 32 | 10
#1165-d192 @A: 12 30 15 18 | 01
#1166-d192 @A: 30 25 35 18 | 09
#1167-d192 @A: 25 13 30 12 | 12
#1168-d192 @A: 30 21 15 10 | 07
#1169-d192 @A: 35 10 30 09 | 03
#1170-d192 @A: 07 09 34 11 | 04
#1171-d192 @A: 01 34 20 22 | 11
#1172-d192 @A: 32 31 34 35 | 08
#1173-d192 @A: 24 03 35 34 | 02
#1174-d192 @A: 19 20 32 34 | 05
#1175-d192 @A: 24 28 34 15 | 06
#1176-d192 @A: 23 34 32 17 | 10
#1177-d192 @A: 35 34 07 10 | 01
#1178-d192 @A: 34 26 20 35 | 09
#1179-d192 @A: 04 11 33 18 | 12
#1180-d192 @A: 35 11 09 04 | 07
#1181-d192 @A: 11 03 08 22 | 03
#1182-d192 @A: 11 16 22 32 | 04
#1183-d192 @A: 15 11 19 03 | 11
#1184-d192 @A: 11 19 23 28 | 08
#1185-d192 @A: 28 26 11 32 | 02
#1186-d192 @A: 11 14 17 07 | 05
#1187-d192 @A: 16 24 11 08 | 06
#1188-d192 @A: 17 05 29 11 | 10
#1189-d192 @A: 15 11 05 16 | 01
#1190-d192 @A: 11 15 17 24 | 09
#1191-d192 @A: 11 32 29 21 | 12
#1192-d192 @A: 11 29 13 20 | 07
#1193-d192 @A: 12 26 11 27 | 03
#1194-d192 @A: 10 11 23 35 | 04
#1195-d192 @A: 03 04 18 31 | 11
#1196-d192 @A: 03 26 27 04 | 08
#1197-d192 @A: 07 29 05 04 | 02
#1198-d192 @A: 32 24 17 04 | 05
#1199-d192 @A: 10 04 07 18 | 06
#1200-d192 @A: 18 13 04 25 | 10
#1201-d192 @A: 15 04 13 01 | 01
#1202-d192 @A: 04 01 35 12 | 09
#1203-d192 @A: 15 04 25 23 | 12
#1204-d192 @A: 31 22 09 17 | 07
#1205-d192 @A: 33 27 14 22 | 03
#1206-d192 @A: 21 19 22 14 | 04
#1207-d192 @A: 08 16 22 14 | 11
#1208-d192 @A: 32 08 25 22 | 08
#1209-d192 @A: 22 05 24 20 | 02
#1210-d192 @A: 29 25 22 05 | 05
#1211-d192 @A: 16 20 26 22 | 06
#1212-d192 @A: 29 10 22 16 | 10
#1213-d192 @A: 22 15 01 23 | 01
#1214-d192 @A: 31 17 21 33 | 09
#1215-d192 @A: 28 05 31 01 | 12
#1216-d192 @A: 25 17 08 31 | 07
#1217-d192 @A: 08 23 31 13 | 03
#1218-d192 @A: 15 08 21 31 | 04
#1219-d192 @A: 31 27 32 10 | 11
#1220-d192 @A: 16 31 09 07 | 08
#1221-d192 @A: 29 01 31 07 | 02
#1222-d192 @A: 29 31 15 25 | 05
#1223-d192 @A: 35 31 26 23 | 06
#1224-d192 @A: 19 05 25 03 | 10
#1225-d192 @A: 03 29 19 13 | 01
#1226-d192 @A: 32 14 18 03 | 09
#1227-d192 @A: 14 26 25 03 | 12
#1228-d192 @A: 08 03 27 24 | 07
#1229-d192 @A: 17 03 32 12 | 03
#1230-d192 @A: 03 32 01 23 | 04
#1231-d192 @A: 32 03 27 20 | 11
#1232-d192 @A: 21 35 12 03 | 08
#1233-d192 @A: 33 24 27 19 | 02
#1234-d192 @A: 16 19 33 29 | 05
#1235-d192 @A: 12 33 05 07 | 06
#1236-d192 @A: 17 33 32 26 | 10
#1237-d192 @A: 27 33 32 26 | 01
#1238-d192 @A: 07 16 18 33 | 09
#1239-d192 @A: 16 33 21 23 | 12
#1240-d192 @A: 21 33 09 18 | 07
#1241-d192 @A: 25 26 33 18 | 03
#1242-d192 @A: 33 21 10 26 | 04
#1243-d192 @A: 12 20 23 33 | 11
#1244-d192 @A: 15 20 35 33 | 08
#1245-d192 @A: 15 27 14 19 | 02
#1246-d192 @A: 16 18 09 19 | 05
#1247-d192 @A: 19 18 15 13 | 06
#1248-d192 @A: 19 13 26 35 | 10
#1249-d192 @A: 27 10 19 25 | 01
#1250-d192 @A: 12 08 24 28 | 09
#1251-d192 @A: 15 07 16 28 | 12
#1252-d192 @A: 18 07 28 21 | 07
#1253-d192 @A: 21 13 28 23 | 03
#1254-d192 @A: 20 28 12 09 | 04
#1255-d192 @A: 28 09 27 35 | 11
#1256-d192 @A: 10 25 20 28 | 08
#1257-d192 @A: 05 14 32 09 | 02
#1258-d192 @A: 18 09 13 14 | 05
#1259-d192 @A: 01 14 10 13 | 06
#1260-d192 @A: 05 24 08 32 | 10
#1261-d192 @A: 10 08 05 26 | 01
#1262-d192 @A: 08 27 18 21 | 09
#1263-d192 @A: 12 08 10 25 | 12
#1264-d192 @A: 05 15 20 13 | 07
#1265-d192 @A: 15 05 21 23 | 03
#1266-d192 @A: 05 26 25 12 | 04
#1267-d192 @A: 10 05 15 35 | 11
#1268-d192 @A: 15 17 16 21 | 08
#1269-d192 @A: 12 35 17 16 | 02
#1270-d192 @A: 07 18 35 17 | 05
#1271-d192 @A: 17 21 12 20 | 06
#1272-d192 @A: 25 17 10 26 | 10
#1273-d192 @A: 16 15 13 24 | 01
#1274-d192 @A: 13 23 20 24 | 09
#1275-d192 @A: 29 24 01 13 | 12
#1276-d192 @A: 25 09 23 24 | 07
#1277-d192 @A: 09 35 18 32 | 03
#1278-d192 @A: 20 26 25 32 | 04
#1279-d192 @A: 21 08 02 06 | 11
#1280-d192 @A: 07 30 06 34 | 08
#1281-d192 @A: 06 31 18 34 | 02
#1282-d192 @A: 06 33 25 34 | 05
#1283-d192 @A: 06 26 11 31 | 06
#1284-d192 @A: 11 06 12 09 | 10
#1285-d192 @A: 06 15 03 22 | 01
#1286-d192 @A: 06 32 31 13 | 09
#1287-d192 @A: 03 13 06 05 | 12
#1288-d192 @A: 28 06 09 33 | 07
#1289-d192 @A: 08 33 06 26 | 03
#1290-d192 @A: 20 06 17 33 | 04
#1291-d192 @A: 12 20 06 05 | 11
#1292-d192 @A: 16 06 10 26 | 08
#1293-d192 @A: 07 18 06 20 | 02
#1294-d192 @A: 07 06 15 01 | 05
#1295-d192 @A: 20 25 15 06 | 06
#1296-d192 @A: 22 02 30 29 | 10
#1297-d192 @A: 02 18 08 11 | 01
#1298-d192 @A: 23 02 32 11 | 09
#1299-d192 @A: 04 02 33 05 | 12
#1300-d192 @A: 02 19 04 35 | 07
#1301-d192 @A: 31 22 02 01 | 03
#1302-d192 @A: 23 02 21 22 | 04
#1303-d192 @A: 02 22 20 25 | 11
#1304-d192 @A: 32 12 31 02 | 08
#1305-d192 @A: 03 02 27 15 | 02
#1306-d192 @A: 24 02 28 32 | 05
#1307-d192 @A: 05 21 02 32 | 06
#1308-d192 @A: 27 26 05 02 | 10
#1309-d192 @A: 17 02 29 32 | 01
#1310-d192 @A: 20 17 02 10 | 09
#1311-d192 @A: 30 03 04 09 | 12
#1312-d192 @A: 22 33 30 23 | 07
#1313-d192 @A: 22 30 32 21 | 03
#1314-d192 @A: 19 35 08 30 | 04
#1315-d192 @A: 32 09 30 19 | 11
#1316-d192 @A: 27 14 21 30 | 08
#1317-d192 @A: 21 30 29 18 | 02
#1318-d192 @A: 11 12 04 34 | 05
#1319-d192 @A: 21 11 34 14 | 06
#1320-d192 @A: 34 23 19 04 | 10
#1321-d192 @A: 07 34 28 04 | 01
#1322-d192 @A: 34 20 31 28 | 09
#1323-d192 @A: 31 34 05 26 | 12
#1324-d192 @A: 12 31 16 34 | 07
#1325-d192 @A: 14 34 28 18 | 03
#1326-d192 @A: 25 05 28 34 | 04
#1327-d192 @A: 34 28 13 27 | 11
#1328-d192 @A: 34 08 09 25 | 08
#1329-d192 @A: 34 20 08 27 | 02
#1330-d192 @A: 29 16 25 34 | 05
#1331-d192 @A: 34 13 29 10 | 06
#1332-d192 @A: 10 27 34 09 | 10
#1333-d192 @A: 29 19 22 11 | 01
#1334-d192 @A: 22 28 21 11 | 09
#1335-d192 @A: 05 14 11 31 | 12
#1336-d192 @A: 11 03 10 05 | 07
#1337-d192 @A: 19 17 26 11 | 03
#1338-d192 @A: 35 19 11 27 | 04
#1339-d192 @A: 11 12 08 35 | 11
#1340-d192 @A: 25 08 11 01 | 08
#1341-d192 @A: 13 11 21 24 | 02
#1342-d192 @A: 29 18 16 11 | 05
#1343-d192 @A: 26 11 09 21 | 06
#1344-d192 @A: 25 20 11 12 | 10
#1345-d192 @A: 11 09 29 10 | 01
#1346-d192 @A: 27 11 23 01 | 09
#1347-d192 @A: 31 32 04 21 | 12
#1348-d192 @A: 13 33 16 04 | 07
#1349-d192 @A: 18 28 29 04 | 03
#1350-d192 @A: 04 28 13 10 | 04
#1351-d192 @A: 24 04 08 13 | 11
#1352-d192 @A: 04 09 05 17 | 08
#1353-d192 @A: 31 26 22 33 | 02
#1354-d192 @A: 26 29 22 03 | 05
#1355-d192 @A: 22 33 18 17 | 06
#1356-d192 @A: 22 28 12 05 | 10
#1357-d192 @A: 12 32 15 22 | 01
#1358-d192 @A: 23 16 35 22 | 09
#1359-d192 @A: 07 35 22 12 | 12
#1360-d192 @A: 20 22 18 23 | 07
#1361-d192 @A: 12 31 21 05 | 03
#1362-d192 @A: 32 03 21 28 | 04
#1363-d192 @A: 03 12 16 01 | 11
#1364-d192 @A: 07 12 03 20 | 08
#1365-d192 @A: 03 26 13 12 | 02
#1366-d192 @A: 35 09 26 03 | 05
#1367-d192 @A: 23 03 10 26 | 06
#1368-d192 @A: 13 33 28 05 | 10
#1369-d192 @A: 05 33 15 25 | 01
#1370-d192 @A: 07 33 20 01 | 09
#1371-d192 @A: 19 10 08 28 | 12
#1372-d192 @A: 24 18 19 28 | 07
#1373-d192 @A: 28 19 27 26 | 03
#1374-d192 @A: 08 16 19 32 | 04
#1375-d192 @A: 27 19 20 07 | 11
#1376-d192 @A: 15 09 21 19 | 08
#1377-d192 @A: 28 27 20 14 | 02
#1378-d192 @A: 25 28 35 15 | 05
#1379-d192 @A: 14 05 10 24 | 06
#1380-d192 @A: 14 29 16 07 | 10
#1381-d192 @A: 07 14 20 10 | 01
#1382-d192 @A: 20 14 18 29 | 09
#1383-d192 @A: 26 20 14 09 | 12
#1384-d192 @A: 29 15 08 16 | 07
#1385-d192 @A: 08 23 09 07 | 03
#1386-d192 @A: 21 18 35 08 | 04
#1387-d192 @A: 15 18 08 09 | 11
#1388-d192 @A: 08 35 10 01 | 08
#1389-d192 @A: 05 07 16 13 | 02
#1390-d192 @A: 01 07 10 05 | 05
#1391-d192 @A: 20 18 05 26 | 06
#1392-d192 @A: 13 25 05 01 | 10
#1393-d192 @A: 21 27 20 05 | 01
#1394-d192 @A: 05 10 25 23 | 09
#1395-d192 @A: 17 16 32 25 | 12
#1396-d192 @A: 23 07 17 16 | 07
#1397-d192 @A: 13 17 26 27 | 03
#1398-d192 @A: 35 17 27 20 | 04
#1399-d192 @A: 27 07 24 16 | 11
#1400-d192 @A: 09 16 35 24 | 08
#1401-d192 @A: 35 21 24 10 | 02
#1402-d192 @A: 26 24 15 20 | 05
#1403-d192 @A: 01 24 25 20 | 06
#1404-d192 @A: 32 16 09 13 | 10
#1405-d192 @A: 26 32 16 29 | 01
#1406-d192 @A: 13 32 12 01 | 09
#1407-d192 @A: 18 13 27 35 | 12
#1408-d192 @A: 06 22 07 02 | 07
#1409-d192 @A: 06 09 02 31 | 03
#1410-d192 @A: 31 06 22 30 | 04
#1411-d192 @A: 11 35 06 34 | 11
#1412-d192 @A: 06 34 13 28 | 08
#1413-d192 @A: 06 04 35 29 | 02
#1414-d192 @A: 08 07 31 06 | 05
#1415-d192 @A: 06 20 03 29 | 06
#1416-d192 @A: 19 32 06 21 | 10
#1417-d192 @A: 28 32 06 23 | 01
#1418-d192 @A: 21 15 06 28 | 09
#1419-d192 @A: 06 14 08 15 | 12
#1420-d192 @A: 06 35 32 05 | 07
#1421-d192 @A: 12 06 16 15 | 03
#1422-d192 @A: 06 35 01 16 | 04
#1423-d192 @A: 06 27 13 20 | 11
#1424-d192 @A: 34 35 02 22 | 08
#1425-d192 @A: 34 02 05 10 | 02
#1426-d192 @A: 31 02 04 25 | 05
#1427-d192 @A: 22 02 24 13 | 06
#1428-d192 @A: 15 03 31 02 | 10
#1429-d192 @A: 15 19 02 24 | 01
#1430-d192 @A: 23 19 02 13 | 09
#1431-d192 @A: 28 15 02 08 | 12
#1432-d192 @A: 07 14 08 02 | 07
#1433-d192 @A: 26 23 14 02 | 03
#1434-d192 @A: 02 21 18 01 | 04
#1435-d192 @A: 13 10 35 02 | 11
#1436-d192 @A: 02 21 27 35 | 08
#1437-d192 @A: 35 15 02 12 | 02
#1438-d192 @A: 30 17 11 10 | 05
#1439-d192 @A: 32 30 16 04 | 06
#1440-d192 @A: 24 30 22 01 | 10
#1441-d192 @A: 35 28 30 03 | 01
#1442-d192 @A: 03 30 14 13 | 09
#1443-d192 @A: 13 33 30 19 | 12
#1444-d192 @A: 24 17 30 29 | 07
#1445-d192 @A: 17 23 26 30 | 03
#1446-d192 @A: 15 30 23 20 | 04
#1447-d192 @A: 23 11 34 24 | 11
#1448-d192 @A: 31 04 29 34 | 08
#1449-d192 @A: 26 33 04 34 | 02
#1450-d192 @A: 33 34 18 32 | 05
#1451-d192 @A: 10 19 34 12 | 06
#1452-d192 @A: 34 35 08 28 | 10
#1453-d192 @A: 17 34 01 05 | 01
#1454-d192 @A: 07 05 32 34 | 09
#1455-d192 @A: 20 17 34 15 | 12
#1456-d192 @A: 29 12 34 01 | 07
#1457-d192 @A: 29 15 34 26 | 03
#1458-d192 @A: 27 11 15 22 | 04
#1459-d192 @A: 26 11 01 22 | 11
#1460-d192 @A: 13 03 31 11 | 08
#1461-d192 @A: 08 31 11 09 | 02
#1462-d192 @A: 24 29 11 31 | 05
#1463-d192 @A: 20 11 31 32 | 06
#1464-d192 @A: 13 31 27 11 | 10
#1465-d192 @A: 14 10 19 11 | 01
#1466-d192 @A: 23 11 15 08 | 09
#1467-d192 @A: 11 05 35 24 | 12
#1468-d192 @A: 21 11 32 27 | 07
#1469-d192 @A: 11 21 12 23 | 03
#1470-d192 @A: 04 35 22 05 | 04
#1471-d192 @A: 09 04 16 22 | 11
#1472-d192 @A: 14 31 04 15 | 08
#1473-d192 @A: 26 17 31 04 | 02
#1474-d192 @A: 33 04 03 20 | 05
#1475-d192 @A: 33 27 04 07 | 06
#1476-d192 @A: 14 01 04 26 | 10
#1477-d192 @A: 04 17 25 12 | 01
#1478-d192 @A: 22 24 31 23 | 09
#1479-d192 @A: 22 25 13 31 | 12
#1480-d192 @A: 33 22 03 01 | 07
#1481-d192 @A: 24 03 22 18 | 03
#1482-d192 @A: 22 05 33 21 | 04
#1483-d192 @A: 28 35 24 22 | 11
#1484-d192 @A: 08 22 27 25 | 08
#1485-d192 @A: 22 12 16 13 | 02
#1486-d192 @A: 09 35 21 22 | 05
#1487-d192 @A: 31 03 14 20 | 06
#1488-d192 @A: 16 31 03 27 | 10
#1489-d192 @A: 33 31 24 07 | 01
#1490-d192 @A: 33 31 35 10 | 09
#1491-d192 @A: 09 29 31 14 | 12
#1492-d192 @A: 31 26 08 24 | 07
#1493-d192 @A: 16 05 32 31 | 03
#1494-d192 @A: 17 01 32 31 | 04
#1495-d192 @A: 31 29 18 13 | 11
#1496-d192 @A: 18 20 31 21 | 08
#1497-d192 @A: 10 09 31 18 | 02
#1498-d192 @A: 31 27 25 12 | 05
#1499-d192 @A: 31 35 15 09 | 06
#1500-d192 @A: 03 25 33 29 | 10
#1501-d192 @A: 09 03 24 19 | 01
#1502-d192 @A: 24 28 10 03 | 09
#1503-d192 @A: 24 03 17 16 | 12
#1504-d192 @A: 16 03 25 07 | 07
#1505-d192 @A: 01 13 21 03 | 03
#1506-d192 @A: 29 12 10 03 | 04
#1507-d192 @A: 33 19 32 23 | 11
#1508-d192 @A: 33 26 12 14 | 08
#1509-d192 @A: 10 33 17 05 | 02
#1510-d192 @A: 05 33 24 23 | 05
#1511-d192 @A: 27 09 33 17 | 06
#1512-d192 @A: 20 13 33 26 | 10
#1513-d192 @A: 26 29 09 33 | 01
#1514-d192 @A: 19 05 28 26 | 09
#1515-d192 @A: 12 19 28 21 | 12
#1516-d192 @A: 19 08 13 05 | 07
#1517-d192 @A: 21 24 08 19 | 03
#1518-d192 @A: 08 12 09 19 | 04
#1519-d192 @A: 25 19 32 35 | 11
#1520-d192 @A: 19 01 23 07 | 08
#1521-d192 @A: 19 26 21 25 | 02
#1522-d192 @A: 01 15 25 19 | 05
#1523-d192 @A: 08 14 28 01 | 06
#1524-d192 @A: 05 18 32 28 | 10
#1525-d192 @A: 26 35 28 16 | 01
#1526-d192 @A: 09 28 29 07 | 09
#1527-d192 @A: 26 07 10 28 | 12
#1528-d192 @A: 26 15 18 28 | 07
#1529-d192 @A: 23 27 28 12 | 03
#1530-d192 @A: 23 08 32 14 | 04
#1531-d192 @A: 14 25 13 16 | 11
#1532-d192 @A: 18 21 14 23 | 08
#1533-d192 @A: 12 14 10 23 | 02
#1534-d192 @A: 35 29 14 15 | 05
#1535-d192 @A: 10 35 14 25 | 06
#1536-d192 @A: 08 17 32 21 | 10
#1537-d192 @A: 08 18 10 32 | 01
#1538-d192 @A: 29 18 26 08 | 09
#1539-d192 @A: 26 35 08 15 | 12
#1540-d192 @A: 08 23 27 26 | 07
#1541-d192 @A: 27 35 05 12 | 03
#1542-d192 @A: 18 20 17 25 | 04
#1543-d192 @A: 25 13 17 21 | 11
#1544-d192 @A: 09 07 24 18 | 08
#1545-d192 @A: 24 29 18 25 | 02
#1546-d192 @A: 16 32 35 10 | 05
#1547-d192 @A: 27 18 09 16 | 06
#1548-d192 @A: 06 11 10 02 | 10
#1549-d192 @A: 33 21 30 06 | 01
#1550-d192 @A: 26 34 03 06 | 09
#1551-d192 @A: 11 28 06 20 | 12
#1552-d192 @A: 23 06 04 24 | 07
#1553-d192 @A: 22 20 06 13 | 03
#1554-d192 @A: 21 31 06 14 | 04
#1555-d192 @A: 31 29 06 05 | 11
#1556-d192 @A: 12 06 10 31 | 08
#1557-d192 @A: 06 27 19 32 | 02
#1558-d192 @A: 07 24 06 28 | 05
#1559-d192 @A: 18 32 17 06 | 06
#1560-d192 @A: 06 17 15 26 | 10
#1561-d192 @A: 01 27 06 17 | 01
#1562-d192 @A: 23 20 21 06 | 09
#1563-d192 @A: 29 15 10 06 | 12
#1564-d192 @A: 28 30 02 20 | 07
#1565-d192 @A: 12 20 02 34 | 03
#1566-d192 @A: 31 11 16 02 | 04
#1567-d192 @A: 02 29 11 03 | 11
#1568-d192 @A: 04 02 12 28 | 08
#1569-d192 @A: 02 04 24 10 | 02
#1570-d192 @A: 02 14 22 18 | 05
#1571-d192 @A: 22 02 26 05 | 06
#1572-d192 @A: 09 02 32 22 | 10
#1573-d192 @A: 33 31 02 29 | 01
#1574-d192 @A: 01 02 24 03 | 09
#1575-d192 @A: 29 12 02 19 | 12
#1576-d192 @A: 02 01 07 28 | 07
#1577-d192 @A: 29 28 26 02 | 03
#1578-d192 @A: 13 08 27 02 | 04
#1579-d192 @A: 09 13 17 02 | 11
#1580-d192 @A: 02 32 15 07 | 08
#1581-d192 @A: 02 29 27 32 | 02
#1582-d192 @A: 16 02 26 13 | 05
#1583-d192 @A: 31 34 09 30 | 06
#1584-d192 @A: 14 34 29 30 | 10
#1585-d192 @A: 25 34 15 30 | 01
#1586-d192 @A: 04 30 24 26 | 09
#1587-d192 @A: 31 18 30 14 | 12
#1588-d192 @A: 16 15 30 31 | 07
#1589-d192 @A: 33 30 15 03 | 03
#1590-d192 @A: 28 30 19 15 | 04
#1591-d192 @A: 30 14 25 23 | 11
#1592-d192 @A: 05 10 30 32 | 08
#1593-d192 @A: 30 32 27 24 | 02
#1594-d192 @A: 23 12 30 09 | 05
#1595-d192 @A: 30 23 35 29 | 06
#1596-d192 @A: 10 30 01 23 | 10
#1597-d192 @A: 11 17 25 34 | 01
#1598-d192 @A: 04 34 25 03 | 09
#1599-d192 @A: 04 05 34 18 | 12
#1600-d192 @A: 19 34 27 31 | 07
#1601-d192 @A: 28 32 10 34 | 03
#1602-d192 @A: 01 14 34 15 | 04
#1603-d192 @A: 12 05 24 34 | 11
#1604-d192 @A: 20 23 34 25 | 08
#1605-d192 @A: 26 34 27 35 | 02
#1606-d192 @A: 04 14 11 20 | 05
#1607-d192 @A: 31 28 11 07 | 06
#1608-d192 @A: 19 11 12 24 | 10
#1609-d192 @A: 11 07 05 23 | 01
#1610-d192 @A: 12 05 11 01 | 09
#1611-d192 @A: 07 10 16 11 | 12
#1612-d192 @A: 09 11 16 01 | 07
#1613-d192 @A: 23 13 01 11 | 03
#1614-d192 @A: 26 23 29 11 | 04
#1615-d192 @A: 11 01 29 35 | 11
#1616-d192 @A: 14 04 10 17 | 08
#1617-d192 @A: 04 17 08 29 | 02
#1618-d192 @A: 04 12 07 16 | 05
#1619-d192 @A: 04 10 21 01 | 06
#1620-d192 @A: 10 04 15 20 | 10
#1621-d192 @A: 19 22 32 24 | 01
#1622-d192 @A: 28 22 32 07 | 09
#1623-d192 @A: 14 17 22 29 | 12
#1624-d192 @A: 22 23 18 27 | 07
#1625-d192 @A: 25 35 01 22 | 03
#1626-d192 @A: 03 16 08 31 | 04
#1627-d192 @A: 24 31 25 03 | 11
#1628-d192 @A: 32 03 31 10 | 08
#1629-d192 @A: 16 19 17 31 | 02
#1630-d192 @A: 05 31 23 27 | 05
#1631-d192 @A: 18 35 16 31 | 06
#1632-d192 @A: 31 21 01 26 | 10
#1633-d192 @A: 21 31 10 29 | 01
#1634-d192 @A: 28 03 05 20 | 09
#1635-d192 @A: 03 05 14 01 | 12
#1636-d192 @A: 03 14 24 15 | 07
#1637-d192 @A: 03 12 27 14 | 03
#1638-d192 @A: 05 24 07 03 | 04
#1639-d192 @A: 17 09 03 15 | 11
#1640-d192 @A: 12 03 24 23 | 08
#1641-d192 @A: 23 03 07 15 | 02
#1642-d192 @A: 21 23 29 03 | 05
#1643-d192 @A: 15 03 01 29 | 06
#1644-d192 @A: 03 35 25 23 | 10
#1645-d192 @A: 33 24 08 15 | 01
#1646-d192 @A: 20 24 18 33 | 09
#1647-d192 @A: 33 10 09 16 | 12
#1648-d192 @A: 12 18 33 27 | 07
#1649-d192 @A: 33 21 29 13 | 03
#1650-d192 @A: 17 35 19 28 | 04
#1651-d192 @A: 19 05 15 14 | 11
#1652-d192 @A: 32 19 13 14 | 08
#1653-d192 @A: 18 19 20 01 | 02
#1654-d192 @A: 35 18 19 10 | 05
#1655-d192 @A: 19 35 23 12 | 06
#1656-d192 @A: 26 01 12 19 | 10
#1657-d192 @A: 13 16 08 28 | 01
#1658-d192 @A: 28 16 25 27 | 09
#1659-d192 @A: 26 25 13 28 | 12
#1660-d192 @A: 01 28 10 29 | 07
#1661-d192 @A: 24 14 08 35 | 03
#1662-d192 @A: 26 07 14 35 | 04
#1663-d192 @A: 21 12 15 14 | 11
#1664-d192 @A: 16 10 23 08 | 08
#1665-d192 @A: 07 08 10 15 | 02
#1666-d192 @A: 21 01 12 08 | 05
#1667-d192 @A: 20 09 08 10 | 06
#1668-d192 @A: 26 09 24 05 | 10
#1669-d192 @A: 16 05 23 26 | 01
#1670-d192 @A: 09 05 07 21 | 09
#1671-d192 @A: 09 23 05 35 | 12
#1672-d192 @A: 13 26 01 17 | 07
#1673-d192 @A: 26 21 17 35 | 03
#1674-d192 @A: 29 12 26 17 | 04
#1675-d192 @A: 17 35 20 09 | 11
#1676-d192 @A: 32 24 16 23 | 08
#1677-d192 @A: 07 01 24 32 | 02
#1678-d192 @A: 18 15 01 24 | 05
#1679-d192 @A: 15 25 21 24 | 06
#1680-d192 @A: 12 18 32 16 | 10
#1681-d192 @A: 07 26 21 32 | 01
#1682-d192 @A: 09 07 32 12 | 09
#1683-d192 @A: 32 25 23 13 | 12
#1684-d192 @A: 20 13 35 32 | 07
#1685-d192 @A: 09 25 32 21 | 03
#1686-d192 @A: 23 35 32 21 | 04
#1687-d192 @A: 29 25 01 32 | 11
#1688-d192 @A: 27 26 21 16 | 08
#1689-d192 @A: 25 15 27 20 | 02
