#0001-d266 @A: 22 21 27 16 | 03
#0002-d266 @A: 19 25 16 15 | 07
#0003-d266 @A: 15 05 16 22 | 01
#0004-d266 @A: 16 33 22 31 | 06
#0005-d266 @A: 16 20 05 02 | 11
#0006-d266 @A: 19 12 10 16 | 05
#0007-d266 @A: 32 17 16 18 | 04
#0008-d266 @A: 18 16 13 11 | 08
#0009-d266 @A: 12 18 16 31 | 12
#0010-d266 @A: 35 14 30 16 | 09
#0011-d266 @A: 29 10 05 16 | 02
#0012-d266 @A: 12 14 16 13 | 10
#0013-d266 @A: 07 28 34 16 | 03
#0014-d266 @A: 16 23 24 03 | 07
#0015-d266 @A: 16 12 10 07 | 01
#0016-d266 @A: 08 16 07 02 | 06
#0017-d266 @A: 27 18 01 12 | 11
#0018-d266 @A: 27 30 01 24 | 05
#0019-d266 @A: 27 01 07 10 | 04
#0020-d266 @A: 15 23 01 28 | 08
#0021-d266 @A: 33 24 01 06 | 12
#0022-d266 @A: 01 20 02 35 | 09
#0023-d266 @A: 24 18 01 34 | 02
#0024-d266 @A: 01 17 11 30 | 10
#0025-d266 @A: 30 23 03 01 | 03
#0026-d266 @A: 12 05 25 01 | 07
#0027-d266 @A: 13 01 26 31 | 01
#0028-d266 @A: 06 12 31 01 | 06
#0029-d266 @A: 23 14 10 01 | 11
#0030-d266 @A: 03 01 32 25 | 05
#0031-d266 @A: 10 22 12 01 | 04
#0032-d266 @A: 21 08 01 10 | 08
#0033-d266 @A: 21 22 04 01 | 12
#0034-d266 @A: 24 27 28 33 | 09
#0035-d266 @A: 07 33 24 27 | 02
#0036-d266 @A: 33 08 21 27 | 10
#0037-d266 @A: 22 27 05 20 | 03
#0038-d266 @A: 06 20 27 09 | 07
#0039-d266 @A: 06 28 18 27 | 01
#0040-d266 @A: 02 27 18 34 | 06
#0041-d266 @A: 17 27 31 26 | 11
#0042-d266 @A: 26 05 06 27 | 05
#0043-d266 @A: 27 13 06 23 | 04
#0044-d266 @A: 32 09 27 10 | 08
#0045-d266 @A: 27 22 24 09 | 12
#0046-d266 @A: 33 11 15 13 | 09
#0047-d266 @A: 24 20 15 28 | 02
#0048-d266 @A: 20 11 15 07 | 10
#0049-d266 @A: 30 04 15 07 | 03
#0050-d266 @A: 12 35 15 07 | 07
#0051-d266 @A: 02 15 28 34 | 01
#0052-d266 @A: 08 10 14 15 | 06
#0053-d266 @A: 21 32 08 15 | 11
#0054-d266 @A: 24 11 29 15 | 05
#0055-d266 @A: 04 24 15 21 | 04
#0056-d266 @A: 04 11 15 10 | 08
#0057-d266 @A: 04 02 22 15 | 12
#0058-d266 @A: 25 18 20 33 | 09
#0059-d266 @A: 20 31 33 23 | 02
#0060-d266 @A: 05 33 26 18 | 10
#0061-d266 @A: 02 33 18 14 | 03
#0062-d266 @A: 30 26 31 33 | 07
#0063-d266 @A: 17 22 33 05 | 01
#0064-d266 @A: 31 17 34 33 | 06
#0065-d266 @A: 22 06 03 33 | 11
#0066-d266 @A: 26 34 33 28 | 05
#0067-d266 @A: 33 07 32 14 | 04
#0068-d266 @A: 33 04 03 09 | 08
#0069-d266 @A: 19 04 20 22 | 12
#0070-d266 @A: 07 29 30 20 | 09
#0071-d266 @A: 03 05 20 34 | 02
#0072-d266 @A: 20 06 14 04 | 10
#0073-d266 @A: 20 03 11 10 | 03
#0074-d266 @A: 20 26 02 22 | 07
#0075-d266 @A: 20 29 08 21 | 01
#0076-d266 @A: 19 13 05 11 | 06
#0077-d266 @A: 24 05 29 19 | 11
#0078-d266 @A: 35 19 02 28 | 05
#0079-d266 @A: 14 19 04 13 | 04
#0080-d266 @A: 29 19 34 13 | 08
#0081-d266 @A: 07 31 28 19 | 12
#0082-d266 @A: 19 28 04 03 | 09
#0083-d266 @A: 10 07 34 19 | 02
#0084-d266 @A: 24 25 10 19 | 10
#0085-d266 @A: 25 13 18 09 | 03
#0086-d266 @A: 18 34 21 10 | 07
#0087-d266 @A: 08 10 18 09 | 01
#0088-d266 @A: 23 11 04 18 | 06
#0089-d266 @A: 08 22 18 23 | 11
#0090-d266 @A: 25 18 21 22 | 05
#0091-d266 @A: 26 25 18 29 | 04
#0092-d266 @A: 12 30 17 34 | 08
#0093-d266 @A: 09 06 30 35 | 12
#0094-d266 @A: 08 13 34 30 | 09
#0095-d266 @A: 10 06 30 34 | 02
#0096-d266 @A: 11 06 30 03 | 10
#0097-d266 @A: 22 24 30 23 | 03
#0098-d266 @A: 30 12 22 11 | 07
#0099-d266 @A: 25 21 30 10 | 01
#0100-d266 @A: 32 05 17 04 | 06
#0101-d266 @A: 28 17 07 35 | 11
#0102-d266 @A: 17 13 09 12 | 05
#0103-d266 @A: 22 17 14 34 | 04
#0104-d266 @A: 12 02 17 26 | 08
#0105-d266 @A: 17 23 02 08 | 12
#0106-d266 @A: 17 25 29 22 | 09
#0107-d266 @A: 09 05 13 35 | 02
#0108-d266 @A: 14 13 22 05 | 10
#0109-d266 @A: 28 05 07 14 | 03
#0110-d266 @A: 12 05 26 29 | 07
#0111-d266 @A: 08 05 11 21 | 01
#0112-d266 @A: 11 23 05 25 | 06
#0113-d266 @A: 02 25 26 05 | 11
#0114-d266 @A: 12 13 35 34 | 05
#0115-d266 @A: 34 02 06 35 | 04
#0116-d266 @A: 12 32 06 35 | 08
#0117-d266 @A: 35 14 04 10 | 12
#0118-d266 @A: 24 22 12 35 | 09
#0119-d266 @A: 35 24 26 10 | 02
#0120-d266 @A: 28 07 13 09 | 10
#0121-d266 @A: 08 21 13 03 | 03
#0122-d266 @A: 13 10 21 29 | 07
#0123-d266 @A: 29 12 21 06 | 01
#0124-d266 @A: 11 06 21 04 | 06
#0125-d266 @A: 02 23 06 03 | 11
#0126-d266 @A: 14 34 02 07 | 05
#0127-d266 @A: 14 09 11 04 | 04
#0128-d266 @A: 10 03 24 14 | 08
#0129-d266 @A: 03 11 14 12 | 12
#0130-d266 @A: 14 08 12 23 | 09
#0131-d266 @A: 14 29 11 26 | 02
#0132-d266 @A: 03 14 07 11 | 10
#0133-d266 @A: 31 32 22 11 | 03
#0134-d266 @A: 24 29 22 31 | 07
#0135-d266 @A: 26 29 31 02 | 01
#0136-d266 @A: 08 29 31 25 | 06
#0137-d266 @A: 31 23 25 21 | 11
#0138-d266 @A: 31 22 07 21 | 05
#0139-d266 @A: 29 22 07 09 | 04
#0140-d266 @A: 12 07 26 04 | 08
#0141-d266 @A: 08 03 07 10 | 12
#0142-d266 @A: 16 23 33 01 | 09
#0143-d266 @A: 16 30 01 20 | 02
#0144-d266 @A: 07 09 16 01 | 10
#0145-d266 @A: 08 16 34 27 | 03
#0146-d266 @A: 16 04 14 15 | 07
#0147-d266 @A: 16 02 31 15 | 01
#0148-d266 @A: 07 13 16 33 | 06
#0149-d266 @A: 19 16 34 04 | 11
#0150-d266 @A: 16 23 31 19 | 05
#0151-d266 @A: 28 05 16 17 | 04
#0152-d266 @A: 16 12 05 34 | 08
#0153-d266 @A: 11 31 16 05 | 12
#0154-d266 @A: 16 26 13 35 | 09
#0155-d266 @A: 28 23 35 16 | 02
#0156-d266 @A: 16 34 35 09 | 10
#0157-d266 @A: 28 06 16 03 | 03
#0158-d266 @A: 10 16 32 21 | 07
#0159-d266 @A: 11 16 22 03 | 01
#0160-d266 @A: 16 08 10 03 | 06
#0161-d266 @A: 01 12 15 30 | 11
#0162-d266 @A: 10 02 15 01 | 05
#0163-d266 @A: 18 32 01 33 | 04
#0164-d266 @A: 20 01 05 26 | 08
#0165-d266 @A: 24 20 31 01 | 12
#0166-d266 @A: 25 01 19 11 | 09
#0167-d266 @A: 05 01 21 13 | 02
#0168-d266 @A: 25 13 29 01 | 10
#0169-d266 @A: 14 04 01 31 | 03
#0170-d266 @A: 09 01 24 12 | 07
#0171-d266 @A: 02 01 23 24 | 01
#0172-d266 @A: 21 01 24 03 | 06
#0173-d266 @A: 01 12 08 11 | 11
#0174-d266 @A: 27 20 24 19 | 05
#0175-d266 @A: 27 18 23 20 | 04
#0176-d266 @A: 19 35 12 27 | 08
#0177-d266 @A: 19 31 11 27 | 12
#0178-d266 @A: 18 09 27 26 | 09
#0179-d266 @A: 30 08 27 17 | 02
#0180-d266 @A: 27 09 29 17 | 10
#0181-d266 @A: 27 25 32 24 | 03
#0182-d266 @A: 10 27 12 23 | 07
#0183-d266 @A: 26 25 27 04 | 01
#0184-d266 @A: 33 28 12 15 | 06
#0185-d266 @A: 15 20 09 35 | 11
#0186-d266 @A: 06 15 18 23 | 05
#0187-d266 @A: 30 11 28 15 | 04
#0188-d266 @A: 17 21 14 15 | 08
#0189-d266 @A: 23 15 25 17 | 12
#0190-d266 @A: 15 14 29 13 | 09
#0191-d266 @A: 13 32 07 15 | 02
#0192-d266 @A: 31 14 25 15 | 10
#0193-d266 @A: 15 07 09 12 | 03
#0194-d266 @A: 09 08 15 11 | 07
#0195-d266 @A: 09 26 15 23 | 01
#0196-d266 @A: 12 15 03 26 | 06
#0197-d266 @A: 25 10 03 15 | 11
#0198-d266 @A: 15 22 29 03 | 05
#0199-d266 @A: 33 20 34 09 | 04
#0200-d266 @A: 19 33 13 12 | 08
#0201-d266 @A: 33 21 19 25 | 12
#0202-d266 @A: 33 13 18 28 | 09
#0203-d266 @A: 13 33 21 35 | 02
#0204-d266 @A: 09 14 33 13 | 10
#0205-d266 @A: 34 22 33 13 | 03
#0206-d266 @A: 31 06 09 33 | 07
#0207-d266 @A: 12 26 32 33 | 01
#0208-d266 @A: 08 09 33 12 | 06
#0209-d266 @A: 29 10 23 33 | 11
#0210-d266 @A: 04 22 26 33 | 05
#0211-d266 @A: 34 20 26 17 | 04
#0212-d266 @A: 10 05 09 20 | 08
#0213-d266 @A: 03 06 35 20 | 12
#0214-d266 @A: 22 35 20 14 | 09
#0215-d266 @A: 10 34 20 35 | 02
#0216-d266 @A: 20 04 07 13 | 10
#0217-d266 @A: 28 22 34 20 | 03
#0218-d266 @A: 20 24 23 09 | 07
#0219-d266 @A: 22 23 11 20 | 01
#0220-d266 @A: 13 18 02 19 | 06
#0221-d266 @A: 13 19 31 22 | 11
#0222-d266 @A: 06 19 12 22 | 05
#0223-d266 @A: 11 09 19 12 | 04
#0224-d266 @A: 02 19 09 26 | 08
#0225-d266 @A: 19 25 24 07 | 12
#0226-d266 @A: 21 29 02 19 | 09
#0227-d266 @A: 25 03 02 19 | 02
#0228-d266 @A: 18 30 32 06 | 10
#0229-d266 @A: 28 18 30 26 | 03
#0230-d266 @A: 03 18 30 34 | 07
#0231-d266 @A: 32 18 23 35 | 01
#0232-d266 @A: 24 04 18 12 | 06
#0233-d266 @A: 11 22 29 18 | 11
#0234-d266 @A: 26 10 18 03 | 05
#0235-d266 @A: 06 30 05 17 | 04
#0236-d266 @A: 29 30 35 17 | 08
#0237-d266 @A: 02 34 25 30 | 12
#0238-d266 @A: 30 04 21 32 | 09
#0239-d266 @A: 30 04 24 26 | 02
#0240-d266 @A: 30 25 11 04 | 10
#0241-d266 @A: 32 26 28 17 | 03
#0242-d266 @A: 14 08 17 04 | 07
#0243-d266 @A: 32 17 08 07 | 01
#0244-d266 @A: 12 25 17 21 | 06
#0245-d266 @A: 21 17 04 29 | 11
#0246-d266 @A: 35 34 24 05 | 05
#0247-d266 @A: 05 32 06 31 | 04
#0248-d266 @A: 05 02 21 06 | 08
#0249-d266 @A: 32 05 09 26 | 12
#0250-d266 @A: 03 02 05 32 | 09
#0251-d266 @A: 23 05 32 22 | 02
#0252-d266 @A: 09 04 05 29 | 10
#0253-d266 @A: 11 26 05 10 | 03
#0254-d266 @A: 03 05 22 08 | 07
#0255-d266 @A: 21 10 05 03 | 01
#0256-d266 @A: 04 05 26 21 | 06
#0257-d266 @A: 35 03 32 07 | 11
#0258-d266 @A: 25 09 35 26 | 05
#0259-d266 @A: 35 21 22 29 | 04
#0260-d266 @A: 02 10 13 32 | 08
#0261-d266 @A: 24 11 13 25 | 12
#0262-d266 @A: 23 24 29 13 | 09
#0263-d266 @A: 22 23 12 13 | 02
#0264-d266 @A: 06 28 08 07 | 10
#0265-d266 @A: 11 06 14 31 | 03
#0266-d266 @A: 04 06 34 23 | 07
#0267-d266 @A: 24 31 06 23 | 01
#0268-d266 @A: 12 23 11 06 | 06
#0269-d266 @A: 11 10 29 06 | 11
#0270-d266 @A: 10 02 06 08 | 05
#0271-d266 @A: 06 29 26 08 | 04
#0272-d266 @A: 12 31 29 28 | 08
#0273-d266 @A: 23 12 28 21 | 12
#0274-d266 @A: 08 11 25 28 | 09
#0275-d266 @A: 14 09 22 02 | 02
#0276-d266 @A: 25 14 12 26 | 10
#0277-d266 @A: 26 21 14 10 | 03
#0278-d266 @A: 31 34 23 29 | 07
#0279-d266 @A: 04 02 32 34 | 01
#0280-d266 @A: 34 09 12 26 | 06
#0281-d266 @A: 23 25 09 34 | 11
#0282-d266 @A: 10 09 34 04 | 05
#0283-d266 @A: 02 34 21 12 | 04
#0284-d266 @A: 34 08 29 10 | 08
#0285-d266 @A: 31 23 11 02 | 12
#0286-d266 @A: 31 08 23 03 | 09
#0287-d266 @A: 03 31 04 22 | 02
#0288-d266 @A: 07 29 11 32 | 10
#0289-d266 @A: 18 16 21 01 | 03
#0290-d266 @A: 13 27 05 16 | 07
#0291-d266 @A: 16 35 27 24 | 01
#0292-d266 @A: 29 16 26 27 | 06
#0293-d266 @A: 13 23 16 15 | 11
#0294-d266 @A: 28 33 16 19 | 05
#0295-d266 @A: 16 35 33 10 | 04
#0296-d266 @A: 14 19 20 16 | 08
#0297-d266 @A: 35 19 16 07 | 12
#0298-d266 @A: 34 16 26 18 | 09
#0299-d266 @A: 16 02 18 23 | 02
#0300-d266 @A: 16 08 31 17 | 10
#0301-d266 @A: 06 16 35 04 | 03
#0302-d266 @A: 16 02 28 10 | 07
#0303-d266 @A: 24 14 16 31 | 01
#0304-d266 @A: 16 32 09 31 | 06
#0305-d266 @A: 32 12 24 16 | 11
#0306-d266 @A: 04 07 24 16 | 05
#0307-d266 @A: 05 27 01 23 | 04
#0308-d266 @A: 01 05 15 24 | 08
#0309-d266 @A: 31 03 01 15 | 12
#0310-d266 @A: 01 26 11 18 | 09
#0311-d266 @A: 17 35 01 24 | 02
#0312-d266 @A: 17 07 23 01 | 10
#0313-d266 @A: 26 21 01 06 | 03
#0314-d266 @A: 21 32 01 02 | 07
#0315-d266 @A: 32 26 04 01 | 01
#0316-d266 @A: 09 01 25 02 | 06
#0317-d266 @A: 11 26 01 07 | 11
#0318-d266 @A: 26 22 25 01 | 05
#0319-d266 @A: 27 13 33 17 | 04
#0320-d266 @A: 10 34 33 27 | 08
#0321-d266 @A: 27 05 04 18 | 12
#0322-d266 @A: 30 27 12 13 | 09
#0323-d266 @A: 17 12 27 05 | 02
#0324-d266 @A: 27 06 35 29 | 10
#0325-d266 @A: 27 35 23 07 | 03
#0326-d266 @A: 31 13 27 08 | 07
#0327-d266 @A: 11 07 13 27 | 01
#0328-d266 @A: 27 06 12 14 | 06
#0329-d266 @A: 28 04 27 02 | 11
#0330-d266 @A: 02 21 27 25 | 05
#0331-d266 @A: 27 07 22 02 | 04
#0332-d266 @A: 14 15 33 03 | 08
#0333-d266 @A: 15 33 08 31 | 12
#0334-d266 @A: 29 15 35 19 | 09
#0335-d266 @A: 13 19 15 21 | 02
#0336-d266 @A: 19 07 15 14 | 10
#0337-d266 @A: 18 15 07 05 | 03
#0338-d266 @A: 26 18 31 15 | 07
#0339-d266 @A: 02 15 23 05 | 01
#0340-d266 @A: 14 02 06 15 | 06
#0341-d266 @A: 24 34 15 06 | 11
#0342-d266 @A: 09 10 06 15 | 05
#0343-d266 @A: 15 25 04 28 | 04
#0344-d266 @A: 31 24 15 07 | 08
#0345-d266 @A: 09 15 25 24 | 12
#0346-d266 @A: 15 23 10 24 | 09
#0347-d266 @A: 02 15 08 12 | 02
#0348-d266 @A: 02 11 21 15 | 10
#0349-d266 @A: 33 19 30 06 | 03
#0350-d266 @A: 17 19 09 33 | 07
#0351-d266 @A: 30 17 21 33 | 01
#0352-d266 @A: 35 17 26 33 | 06
#0353-d266 @A: 26 33 05 07 | 11
#0354-d266 @A: 33 04 24 32 | 05
#0355-d266 @A: 33 24 21 10 | 04
#0356-d266 @A: 20 19 23 17 | 08
#0357-d266 @A: 26 19 20 28 | 12
#0358-d266 @A: 19 20 34 11 | 09
#0359-d266 @A: 18 20 34 32 | 02
#0360-d266 @A: 30 25 20 35 | 10
#0361-d266 @A: 29 20 09 30 | 03
#0362-d266 @A: 06 21 20 17 | 07
#0363-d266 @A: 13 20 11 06 | 01
#0364-d266 @A: 20 13 31 09 | 06
#0365-d266 @A: 06 14 07 20 | 11
#0366-d266 @A: 28 21 20 07 | 05
#0367-d266 @A: 20 09 11 25 | 04
#0368-d266 @A: 26 24 20 29 | 08
#0369-d266 @A: 04 20 11 08 | 12
#0370-d266 @A: 20 23 08 10 | 09
#0371-d266 @A: 17 10 35 19 | 02
#0372-d266 @A: 17 19 12 31 | 10
#0373-d266 @A: 22 05 19 28 | 03
#0374-d266 @A: 28 14 12 19 | 07
#0375-d266 @A: 22 14 11 19 | 01
#0376-d266 @A: 19 09 34 08 | 06
#0377-d266 @A: 29 09 19 25 | 11
#0378-d266 @A: 31 35 08 18 | 05
#0379-d266 @A: 24 14 18 08 | 04
#0380-d266 @A: 11 21 12 18 | 08
#0381-d266 @A: 22 12 18 26 | 12
#0382-d266 @A: 22 10 02 18 | 09
#0383-d266 @A: 08 07 18 29 | 02
#0384-d266 @A: 30 31 11 35 | 10
#0385-d266 @A: 08 30 35 12 | 03
#0386-d266 @A: 02 30 29 12 | 07
#0387-d266 @A: 30 26 21 29 | 01
#0388-d266 @A: 29 22 30 10 | 06
#0389-d266 @A: 13 11 31 17 | 11
#0390-d266 @A: 06 17 03 09 | 05
#0391-d266 @A: 29 17 07 31 | 04
#0392-d266 @A: 10 29 17 12 | 08
#0393-d266 @A: 11 22 08 17 | 12
#0394-d266 @A: 04 23 17 10 | 09
#0395-d266 @A: 04 10 07 17 | 02
#0396-d266 @A: 17 23 03 22 | 10
#0397-d266 @A: 35 05 29 28 | 03
#0398-d266 @A: 05 32 13 34 | 07
#0399-d266 @A: 07 06 21 05 | 01
#0400-d266 @A: 14 05 34 10 | 06
#0401-d266 @A: 03 23 04 05 | 11
#0402-d266 @A: 07 23 03 05 | 05
#0403-d266 @A: 35 06 10 31 | 04
#0404-d266 @A: 32 34 28 35 | 08
#0405-d266 @A: 10 09 12 35 | 12
#0406-d266 @A: 03 02 09 35 | 09
#0407-d266 @A: 11 35 10 22 | 02
#0408-d266 @A: 35 22 02 08 | 10
#0409-d266 @A: 26 34 13 06 | 03
#0410-d266 @A: 07 26 13 06 | 07
#0411-d266 @A: 07 31 13 14 | 01
#0412-d266 @A: 03 13 29 07 | 06
#0413-d266 @A: 06 28 34 31 | 11
#0414-d266 @A: 22 28 08 06 | 05
#0415-d266 @A: 06 14 09 34 | 04
#0416-d266 @A: 02 29 32 06 | 08
#0417-d266 @A: 32 23 25 06 | 12
#0418-d266 @A: 09 06 23 08 | 09
#0419-d266 @A: 25 28 32 29 | 02
#0420-d266 @A: 28 12 07 23 | 10
#0421-d266 @A: 22 32 14 10 | 03
#0422-d266 @A: 14 09 29 10 | 07
#0423-d266 @A: 31 34 25 32 | 01
#0424-d266 @A: 34 22 03 10 | 06
#0425-d266 @A: 31 29 32 04 | 11
#0426-d266 @A: 03 31 09 24 | 05
#0427-d266 @A: 26 04 31 09 | 04
#0428-d266 @A: 04 31 08 12 | 08
#0429-d266 @A: 31 12 25 03 | 12
#0430-d266 @A: 26 09 23 07 | 09
#0431-d266 @A: 16 27 01 03 | 02
#0432-d266 @A: 33 16 25 27 | 10
#0433-d266 @A: 16 10 27 06 | 03
#0434-d266 @A: 27 16 31 04 | 07
#0435-d266 @A: 11 15 16 20 | 01
#0436-d266 @A: 21 16 15 28 | 06
#0437-d266 @A: 16 33 13 32 | 11
#0438-d266 @A: 16 07 20 23 | 05
#0439-d266 @A: 16 19 22 35 | 04
#0440-d266 @A: 16 03 13 19 | 08
#0441-d266 @A: 34 16 30 31 | 12
#0442-d266 @A: 30 04 10 16 | 09
#0443-d266 @A: 02 16 32 08 | 02
#0444-d266 @A: 29 16 09 12 | 10
#0445-d266 @A: 16 25 03 09 | 03
#0446-d266 @A: 26 11 12 16 | 07
#0447-d266 @A: 18 14 15 01 | 01
#0448-d266 @A: 01 15 07 02 | 06
#0449-d266 @A: 01 17 20 28 | 11
#0450-d266 @A: 01 12 04 20 | 05
#0451-d266 @A: 29 20 10 01 | 04
#0452-d266 @A: 01 08 30 18 | 08
#0453-d266 @A: 23 18 01 13 | 12
#0454-d266 @A: 30 13 01 02 | 09
#0455-d266 @A: 26 01 10 30 | 02
#0456-d266 @A: 05 01 34 08 | 10
#0457-d266 @A: 34 01 31 35 | 03
#0458-d266 @A: 13 12 28 01 | 07
#0459-d266 @A: 01 06 07 12 | 01
#0460-d266 @A: 01 09 11 10 | 06
#0461-d266 @A: 27 15 07 17 | 11
#0462-d266 @A: 31 34 15 27 | 05
#0463-d266 @A: 27 29 32 33 | 04
#0464-d266 @A: 07 20 27 18 | 08
#0465-d266 @A: 20 27 21 30 | 12
#0466-d266 @A: 17 02 20 27 | 09
#0467-d266 @A: 18 10 17 27 | 02
#0468-d266 @A: 18 22 03 27 | 10
#0469-d266 @A: 25 30 27 28 | 03
#0470-d266 @A: 27 32 07 05 | 07
#0471-d266 @A: 27 32 11 02 | 01
#0472-d266 @A: 12 25 27 09 | 06
#0473-d266 @A: 23 27 21 26 | 11
#0474-d266 @A: 02 17 19 15 | 05
#0475-d266 @A: 32 15 30 17 | 04
#0476-d266 @A: 05 08 15 17 | 08
#0477-d266 @A: 06 15 35 26 | 12
#0478-d266 @A: 28 15 10 32 | 09
#0479-d266 @A: 15 12 23 04 | 02
#0480-d266 @A: 23 21 29 15 | 10
#0481-d266 @A: 33 20 35 07 | 03
#0482-d266 @A: 04 05 33 19 | 07
#0483-d266 @A: 33 35 11 19 | 01
#0484-d266 @A: 29 33 22 19 | 06
#0485-d266 @A: 35 33 30 32 | 11
#0486-d266 @A: 33 29 30 34 | 05
#0487-d266 @A: 35 25 33 05 | 04
#0488-d266 @A: 33 03 32 11 | 08
#0489-d266 @A: 23 33 11 24 | 12
#0490-d266 @A: 04 33 10 07 | 09
#0491-d266 @A: 32 19 21 20 | 02
#0492-d266 @A: 28 20 08 30 | 10
#0493-d266 @A: 20 13 22 29 | 03
#0494-d266 @A: 06 25 28 20 | 07
#0495-d266 @A: 34 14 31 20 | 01
#0496-d266 @A: 20 21 10 22 | 06
#0497-d266 @A: 23 03 20 21 | 11
#0498-d266 @A: 10 19 05 18 | 05
#0499-d266 @A: 30 19 17 22 | 04
#0500-d266 @A: 30 19 13 26 | 08
#0501-d266 @A: 19 25 06 35 | 12
#0502-d266 @A: 21 35 03 19 | 09
#0503-d266 @A: 31 06 03 19 | 02
#0504-d266 @A: 32 19 26 25 | 10
#0505-d266 @A: 24 19 09 04 | 03
#0506-d266 @A: 19 12 29 08 | 07
#0507-d266 @A: 19 21 26 11 | 01
#0508-d266 @A: 21 07 29 19 | 06
#0509-d266 @A: 18 05 17 24 | 11
#0510-d266 @A: 28 21 17 18 | 05
#0511-d266 @A: 17 31 18 03 | 04
#0512-d266 @A: 29 18 13 35 | 08
#0513-d266 @A: 32 28 18 31 | 12
#0514-d266 @A: 14 07 18 09 | 09
#0515-d266 @A: 26 24 18 32 | 02
#0516-d266 @A: 04 18 08 03 | 10
#0517-d266 @A: 26 07 17 30 | 03
#0518-d266 @A: 32 23 30 12 | 07
#0519-d266 @A: 30 24 09 07 | 01
#0520-d266 @A: 23 30 09 21 | 06
#0521-d266 @A: 21 03 30 22 | 11
#0522-d266 @A: 14 13 32 17 | 05
#0523-d266 @A: 29 13 02 17 | 04
#0524-d266 @A: 06 25 17 26 | 08
#0525-d266 @A: 10 17 24 34 | 12
#0526-d266 @A: 17 24 26 22 | 09
#0527-d266 @A: 23 17 29 11 | 02
#0528-d266 @A: 13 24 05 02 | 10
#0529-d266 @A: 06 08 14 05 | 03
#0530-d266 @A: 28 02 31 05 | 07
#0531-d266 @A: 04 14 25 05 | 01
#0532-d266 @A: 09 25 05 22 | 06
#0533-d266 @A: 05 03 25 24 | 11
#0534-d266 @A: 13 06 35 22 | 05
#0535-d266 @A: 28 31 24 35 | 04
#0536-d266 @A: 32 08 09 35 | 08
#0537-d266 @A: 35 04 02 12 | 12
#0538-d266 @A: 04 35 11 26 | 09
#0539-d266 @A: 35 10 03 23 | 02
#0540-d266 @A: 12 06 13 02 | 10
#0541-d266 @A: 32 13 28 24 | 03
#0542-d266 @A: 13 23 10 09 | 07
#0543-d266 @A: 08 13 02 11 | 01
#0544-d266 @A: 08 13 26 04 | 06
#0545-d266 @A: 26 13 03 23 | 11
#0546-d266 @A: 23 13 07 22 | 05
#0547-d266 @A: 11 06 09 32 | 04
#0548-d266 @A: 08 32 06 04 | 08
#0549-d266 @A: 22 09 29 06 | 12
#0550-d266 @A: 04 02 06 25 | 09
#0551-d266 @A: 28 32 23 02 | 02
#0552-d266 @A: 04 32 22 28 | 10
#0553-d266 @A: 23 10 28 11 | 03
#0554-d266 @A: 02 29 03 28 | 07
#0555-d266 @A: 23 26 08 28 | 01
#0556-d266 @A: 26 14 34 03 | 06
#0557-d266 @A: 32 23 24 14 | 11
#0558-d266 @A: 32 34 24 11 | 05
#0559-d266 @A: 10 34 23 32 | 04
#0560-d266 @A: 34 11 26 23 | 08
#0561-d266 @A: 26 22 07 34 | 12
#0562-d266 @A: 02 31 21 09 | 09
#0563-d266 @A: 25 24 31 04 | 02
#0564-d266 @A: 10 31 26 12 | 10
#0565-d266 @A: 32 29 10 07 | 03
#0566-d266 @A: 08 11 21 07 | 07
#0567-d266 @A: 16 01 11 06 | 01
#0568-d266 @A: 16 26 01 24 | 06
#0569-d266 @A: 11 17 16 27 | 11
#0570-d266 @A: 16 03 33 30 | 05
#0571-d266 @A: 33 17 04 16 | 04
#0572-d266 @A: 16 20 09 17 | 08
#0573-d266 @A: 16 21 13 20 | 12
#0574-d266 @A: 22 16 30 18 | 09
#0575-d266 @A: 28 16 18 04 | 02
#0576-d266 @A: 05 26 16 30 | 10
#0577-d266 @A: 13 09 16 30 | 03
#0578-d266 @A: 16 24 17 13 | 07
#0579-d266 @A: 10 16 17 14 | 01
#0580-d266 @A: 16 17 34 23 | 06
#0581-d266 @A: 29 14 08 16 | 11
#0582-d266 @A: 16 26 03 02 | 05
#0583-d266 @A: 26 23 10 16 | 04
#0584-d266 @A: 15 01 04 34 | 08
#0585-d266 @A: 02 33 01 19 | 12
#0586-d266 @A: 08 01 33 17 | 09
#0587-d266 @A: 18 19 01 22 | 02
#0588-d266 @A: 19 10 03 01 | 10
#0589-d266 @A: 18 25 01 35 | 03
#0590-d266 @A: 17 01 05 10 | 07
#0591-d266 @A: 07 25 01 14 | 01
#0592-d266 @A: 29 32 12 01 | 06
#0593-d266 @A: 29 21 01 09 | 11
#0594-d266 @A: 01 24 11 22 | 05
#0595-d266 @A: 11 04 01 03 | 04
#0596-d266 @A: 23 19 15 27 | 08
#0597-d266 @A: 02 26 27 15 | 12
#0598-d266 @A: 18 11 27 33 | 09
#0599-d266 @A: 34 27 29 20 | 02
#0600-d266 @A: 21 27 19 28 | 10
#0601-d266 @A: 14 35 18 27 | 03
#0602-d266 @A: 08 18 27 32 | 07
#0603-d266 @A: 05 27 08 35 | 01
#0604-d266 @A: 31 06 27 22 | 06
#0605-d266 @A: 27 23 31 28 | 11
#0606-d266 @A: 14 09 31 27 | 05
#0607-d266 @A: 04 27 09 08 | 04
#0608-d266 @A: 34 25 15 33 | 08
#0609-d266 @A: 18 15 34 22 | 12
#0610-d266 @A: 15 26 17 04 | 09
#0611-d266 @A: 05 15 14 12 | 02
#0612-d266 @A: 15 13 24 35 | 10
#0613-d266 @A: 14 15 23 34 | 03
#0614-d266 @A: 22 21 26 15 | 07
#0615-d266 @A: 13 10 20 33 | 01
#0616-d266 @A: 20 33 21 26 | 06
#0617-d266 @A: 33 09 35 18 | 11
#0618-d266 @A: 33 07 12 18 | 05
#0619-d266 @A: 33 28 30 23 | 04
#0620-d266 @A: 14 30 33 22 | 08
#0621-d266 @A: 25 28 33 09 | 12
#0622-d266 @A: 31 33 21 14 | 09
#0623-d266 @A: 12 11 33 34 | 02
#0624-d266 @A: 10 33 32 25 | 10
#0625-d266 @A: 12 29 24 33 | 03
#0626-d266 @A: 33 08 24 03 | 07
#0627-d266 @A: 22 25 12 33 | 01
#0628-d266 @A: 07 22 33 25 | 06
#0629-d266 @A: 19 07 30 20 | 11
#0630-d266 @A: 06 19 20 10 | 05
#0631-d266 @A: 18 20 22 17 | 04
#0632-d266 @A: 18 35 20 26 | 08
#0633-d266 @A: 18 20 11 31 | 12
#0634-d266 @A: 05 20 30 14 | 09
#0635-d266 @A: 20 13 17 03 | 02
#0636-d266 @A: 09 20 17 07 | 10
#0637-d266 @A: 26 31 20 06 | 03
#0638-d266 @A: 28 10 20 31 | 07
#0639-d266 @A: 14 11 20 24 | 01
#0640-d266 @A: 02 07 20 31 | 06
#0641-d266 @A: 29 23 02 20 | 11
#0642-d266 @A: 23 19 18 28 | 05
#0643-d266 @A: 03 14 19 30 | 04
#0644-d266 @A: 19 30 12 21 | 08
#0645-d266 @A: 34 03 17 19 | 12
#0646-d266 @A: 09 06 05 19 | 09
#0647-d266 @A: 05 19 07 11 | 02
#0648-d266 @A: 32 19 35 24 | 10
#0649-d266 @A: 09 13 28 19 | 03
#0650-d266 @A: 29 19 06 14 | 07
#0651-d266 @A: 19 34 21 06 | 01
#0652-d266 @A: 07 06 03 19 | 06
#0653-d266 @A: 28 19 25 31 | 11
#0654-d266 @A: 19 10 32 29 | 05
#0655-d266 @A: 11 19 08 10 | 04
#0656-d266 @A: 26 04 19 10 | 08
#0657-d266 @A: 07 32 18 30 | 12
#0658-d266 @A: 05 18 03 13 | 09
#0659-d266 @A: 18 31 05 09 | 02
#0660-d266 @A: 34 06 18 29 | 10
#0661-d266 @A: 18 24 28 03 | 03
#0662-d266 @A: 18 24 10 07 | 07
#0663-d266 @A: 17 24 30 28 | 01
#0664-d266 @A: 34 21 05 30 | 06
#0665-d266 @A: 13 24 31 30 | 11
#0666-d266 @A: 30 13 29 03 | 05
#0667-d266 @A: 30 06 28 02 | 04
#0668-d266 @A: 07 34 06 30 | 08
#0669-d266 @A: 02 09 10 30 | 12
#0670-d266 @A: 08 29 11 30 | 09
#0671-d266 @A: 05 13 26 17 | 02
#0672-d266 @A: 05 17 29 34 | 10
#0673-d266 @A: 28 17 35 12 | 03
#0674-d266 @A: 13 17 28 04 | 07
#0675-d266 @A: 17 06 34 08 | 01
#0676-d266 @A: 32 06 22 17 | 06
#0677-d266 @A: 17 14 31 29 | 11
#0678-d266 @A: 17 08 32 29 | 05
#0679-d266 @A: 25 17 02 10 | 04
#0680-d266 @A: 05 35 26 14 | 08
#0681-d266 @A: 13 25 05 10 | 12
#0682-d266 @A: 08 09 02 05 | 09
#0683-d266 @A: 23 26 05 24 | 02
#0684-d266 @A: 21 22 12 05 | 10
#0685-d266 @A: 04 22 05 11 | 03
#0686-d266 @A: 35 07 13 10 | 07
#0687-d266 @A: 31 35 08 07 | 01
#0688-d266 @A: 35 02 25 32 | 06
#0689-d266 @A: 35 09 07 11 | 11
#0690-d266 @A: 24 35 29 08 | 05
#0691-d266 @A: 14 31 13 10 | 04
#0692-d266 @A: 08 09 13 24 | 08
#0693-d266 @A: 07 25 13 24 | 12
#0694-d266 @A: 11 12 10 13 | 09
#0695-d266 @A: 12 29 04 13 | 02
#0696-d266 @A: 13 25 23 02 | 10
#0697-d266 @A: 14 25 06 10 | 03
#0698-d266 @A: 04 29 24 06 | 07
#0699-d266 @A: 06 07 04 02 | 01
#0700-d266 @A: 31 08 28 14 | 06
#0701-d266 @A: 28 04 07 32 | 11
#0702-d266 @A: 11 09 28 21 | 05
#0703-d266 @A: 03 09 28 10 | 04
#0704-d266 @A: 03 28 09 07 | 08
#0705-d266 @A: 14 02 26 32 | 12
#0706-d266 @A: 12 02 24 14 | 09
#0707-d266 @A: 22 14 29 12 | 02
#0708-d266 @A: 08 12 32 34 | 10
#0709-d266 @A: 34 03 04 24 | 03
#0710-d266 @A: 34 29 07 04 | 07
#0711-d266 @A: 31 23 12 09 | 01
#0712-d266 @A: 31 12 02 22 | 06
#0713-d266 @A: 01 28 22 16 | 11
#0714-d266 @A: 16 27 23 30 | 05
#0715-d266 @A: 16 28 27 32 | 04
#0716-d266 @A: 16 10 18 20 | 08
#0717-d266 @A: 31 16 03 20 | 12
#0718-d266 @A: 25 32 30 16 | 09
#0719-d266 @A: 21 35 16 17 | 02
#0720-d266 @A: 17 07 16 12 | 10
#0721-d266 @A: 25 06 05 16 | 03
#0722-d266 @A: 14 16 05 03 | 07
#0723-d266 @A: 16 24 04 05 | 01
#0724-d266 @A: 21 23 16 05 | 06
#0725-d266 @A: 32 07 06 16 | 11
#0726-d266 @A: 21 16 34 14 | 05
#0727-d266 @A: 24 16 11 02 | 04
#0728-d266 @A: 12 16 21 08 | 08
#0729-d266 @A: 12 04 03 16 | 12
#0730-d266 @A: 16 25 08 26 | 09
#0731-d266 @A: 33 03 13 01 | 02
#0732-d266 @A: 01 26 33 14 | 10
#0733-d266 @A: 08 20 01 19 | 03
#0734-d266 @A: 07 19 01 22 | 07
#0735-d266 @A: 01 06 10 18 | 01
#0736-d266 @A: 01 07 24 05 | 06
#0737-d266 @A: 06 28 04 01 | 11
#0738-d266 @A: 11 01 29 02 | 05
#0739-d266 @A: 15 27 21 18 | 04
#0740-d266 @A: 27 29 05 15 | 08
#0741-d266 @A: 27 15 13 04 | 12
#0742-d266 @A: 15 27 11 14 | 09
#0743-d266 @A: 27 02 30 33 | 02
#0744-d266 @A: 27 19 29 03 | 10
#0745-d266 @A: 35 27 26 30 | 03
#0746-d266 @A: 07 30 27 28 | 07
#0747-d266 @A: 22 17 04 27 | 01
#0748-d266 @A: 10 05 27 28 | 06
#0749-d266 @A: 35 21 27 34 | 11
#0750-d266 @A: 34 07 31 27 | 05
#0751-d266 @A: 12 04 21 27 | 04
#0752-d266 @A: 07 27 03 21 | 08
#0753-d266 @A: 25 27 07 26 | 12
#0754-d266 @A: 09 21 15 33 | 09
#0755-d266 @A: 15 21 20 34 | 02
#0756-d266 @A: 11 15 06 19 | 10
#0757-d266 @A: 04 19 15 31 | 03
#0758-d266 @A: 05 18 15 11 | 07
#0759-d266 @A: 26 15 30 34 | 01
#0760-d266 @A: 15 13 34 03 | 06
#0761-d266 @A: 03 21 15 06 | 11
#0762-d266 @A: 29 15 34 12 | 05
#0763-d266 @A: 02 03 15 24 | 04
#0764-d266 @A: 15 26 10 29 | 08
#0765-d266 @A: 30 20 11 33 | 12
#0766-d266 @A: 20 17 33 24 | 09
#0767-d266 @A: 10 33 18 31 | 02
#0768-d266 @A: 25 33 17 03 | 10
#0769-d266 @A: 13 23 05 33 | 03
#0770-d266 @A: 28 21 33 05 | 07
#0771-d266 @A: 33 28 11 06 | 01
#0772-d266 @A: 31 33 07 11 | 06
#0773-d266 @A: 33 23 04 21 | 11
#0774-d266 @A: 23 28 20 05 | 05
#0775-d266 @A: 34 13 24 20 | 04
#0776-d266 @A: 04 28 20 09 | 08
#0777-d266 @A: 10 12 14 20 | 12
#0778-d266 @A: 09 32 02 20 | 09
#0779-d266 @A: 04 20 32 10 | 02
#0780-d266 @A: 03 20 09 22 | 10
#0781-d266 @A: 22 20 10 07 | 03
#0782-d266 @A: 18 06 26 19 | 07
#0783-d266 @A: 18 34 25 19 | 01
#0784-d266 @A: 18 19 31 24 | 06
#0785-d266 @A: 05 30 19 25 | 11
#0786-d266 @A: 10 31 19 30 | 05
#0787-d266 @A: 30 23 11 19 | 04
#0788-d266 @A: 07 17 19 13 | 08
#0789-d266 @A: 06 19 17 04 | 12
#0790-d266 @A: 13 23 35 19 | 09
#0791-d266 @A: 26 19 35 34 | 02
#0792-d266 @A: 28 06 19 24 | 10
#0793-d266 @A: 11 24 03 19 | 03
#0794-d266 @A: 30 18 35 21 | 07
#0795-d266 @A: 23 30 18 31 | 01
#0796-d266 @A: 35 02 17 18 | 06
#0797-d266 @A: 09 17 34 18 | 11
#0798-d266 @A: 18 26 14 13 | 05
#0799-d266 @A: 06 18 25 12 | 04
#0800-d266 @A: 14 18 10 28 | 08
#0801-d266 @A: 23 31 18 07 | 12
#0802-d266 @A: 32 18 25 04 | 09
#0803-d266 @A: 24 29 09 18 | 02
#0804-d266 @A: 30 31 17 09 | 10
#0805-d266 @A: 30 08 31 06 | 03
#0806-d266 @A: 30 10 11 32 | 07
#0807-d266 @A: 30 08 26 32 | 01
#0808-d266 @A: 09 30 25 08 | 06
#0809-d266 @A: 12 07 11 30 | 11
#0810-d266 @A: 02 11 26 30 | 05
#0811-d266 @A: 28 23 17 14 | 04
#0812-d266 @A: 17 28 25 34 | 08
#0813-d266 @A: 02 28 09 17 | 12
#0814-d266 @A: 17 07 21 14 | 09
#0815-d266 @A: 24 21 11 17 | 02
#0816-d266 @A: 02 04 17 24 | 10
#0817-d266 @A: 14 21 09 05 | 03
#0818-d266 @A: 32 24 05 21 | 07
#0819-d266 @A: 32 12 05 11 | 01
#0820-d266 @A: 09 05 07 10 | 06
#0821-d266 @A: 24 05 22 10 | 11
#0822-d266 @A: 02 05 29 22 | 05
#0823-d266 @A: 29 05 08 23 | 04
#0824-d266 @A: 13 11 28 35 | 08
#0825-d266 @A: 14 23 35 11 | 12
#0826-d266 @A: 07 35 34 24 | 09
#0827-d266 @A: 32 21 11 35 | 02
#0828-d266 @A: 03 22 32 35 | 10
#0829-d266 @A: 23 25 35 24 | 03
#0830-d266 @A: 10 02 35 21 | 07
#0831-d266 @A: 29 25 10 35 | 01
#0832-d266 @A: 09 22 21 13 | 06
#0833-d266 @A: 06 28 32 14 | 11
#0834-d266 @A: 06 23 29 28 | 05
#0835-d266 @A: 32 10 26 06 | 04
#0836-d266 @A: 23 09 28 22 | 08
#0837-d266 @A: 08 28 10 12 | 12
#0838-d266 @A: 29 11 28 04 | 09
#0839-d266 @A: 26 07 28 02 | 02
#0840-d266 @A: 32 11 08 14 | 10
#0841-d266 @A: 24 08 14 07 | 03
#0842-d266 @A: 14 08 25 02 | 07
#0843-d266 @A: 21 04 14 03 | 01
#0844-d266 @A: 34 02 03 31 | 06
#0845-d266 @A: 03 34 23 12 | 11
#0846-d266 @A: 12 31 21 32 | 05
#0847-d266 @A: 32 31 10 08 | 04
#0848-d266 @A: 31 09 29 11 | 08
#0849-d266 @A: 31 23 22 10 | 12
#0850-d266 @A: 24 07 21 32 | 09
#0851-d266 @A: 24 07 29 23 | 02
#0852-d266 @A: 25 12 07 21 | 10
#0853-d266 @A: 04 11 07 22 | 03
#0854-d266 @A: 17 25 16 01 | 07
#0855-d266 @A: 16 01 13 04 | 01
#0856-d266 @A: 12 02 16 01 | 06
#0857-d266 @A: 15 16 12 35 | 11
#0858-d266 @A: 35 32 16 20 | 05
#0859-d266 @A: 22 16 24 20 | 04
#0860-d266 @A: 16 19 21 24 | 08
#0861-d266 @A: 05 08 18 16 | 12
#0862-d266 @A: 09 18 16 06 | 09
#0863-d266 @A: 02 16 30 17 | 02
#0864-d266 @A: 10 22 13 16 | 10
#0865-d266 @A: 34 22 16 06 | 03
#0866-d266 @A: 16 24 08 28 | 07
#0867-d266 @A: 32 34 16 03 | 01
#0868-d266 @A: 02 16 09 04 | 06
#0869-d266 @A: 16 03 21 29 | 11
#0870-d266 @A: 01 19 04 27 | 05
#0871-d266 @A: 35 10 01 27 | 04
#0872-d266 @A: 22 14 27 01 | 08
#0873-d266 @A: 22 33 20 01 | 12
#0874-d266 @A: 01 33 35 12 | 09
#0875-d266 @A: 33 01 07 03 | 02
#0876-d266 @A: 06 20 32 01 | 10
#0877-d266 @A: 20 01 23 34 | 03
#0878-d266 @A: 35 01 19 30 | 07
#0879-d266 @A: 19 01 05 14 | 01
#0880-d266 @A: 01 32 07 19 | 06
#0881-d266 @A: 30 21 28 01 | 11
#0882-d266 @A: 31 30 01 32 | 05
#0883-d266 @A: 29 01 17 26 | 04
#0884-d266 @A: 28 05 32 01 | 08
#0885-d266 @A: 32 13 01 35 | 12
#0886-d266 @A: 35 28 01 26 | 09
#0887-d266 @A: 14 01 08 13 | 02
#0888-d266 @A: 34 01 13 10 | 10
#0889-d266 @A: 34 25 06 01 | 03
#0890-d266 @A: 01 14 11 34 | 07
#0891-d266 @A: 32 08 22 01 | 01
#0892-d266 @A: 29 01 08 03 | 06
#0893-d266 @A: 22 23 01 29 | 11
#0894-d266 @A: 20 10 15 27 | 05
#0895-d266 @A: 31 20 32 27 | 04
#0896-d266 @A: 27 07 19 09 | 08
#0897-d266 @A: 05 30 27 32 | 12
#0898-d266 @A: 14 27 30 10 | 09
#0899-d266 @A: 35 17 23 27 | 02
#0900-d266 @A: 17 27 34 32 | 10
#0901-d266 @A: 27 28 09 35 | 03
#0902-d266 @A: 35 02 31 27 | 07
#0903-d266 @A: 35 27 11 03 | 01
#0904-d266 @A: 27 14 25 29 | 06
#0905-d266 @A: 32 22 27 12 | 11
#0906-d266 @A: 03 27 26 24 | 05
#0907-d266 @A: 11 27 10 21 | 04
#0908-d266 @A: 02 15 33 20 | 08
#0909-d266 @A: 18 33 15 17 | 12
#0910-d266 @A: 12 19 20 15 | 09
#0911-d266 @A: 15 30 20 03 | 02
#0912-d266 @A: 15 14 19 09 | 10
#0913-d266 @A: 34 15 32 19 | 03
#0914-d266 @A: 10 19 15 22 | 07
#0915-d266 @A: 15 13 12 18 | 01
#0916-d266 @A: 09 15 04 30 | 06
#0917-d266 @A: 08 15 30 23 | 11
#0918-d266 @A: 12 15 06 17 | 05
#0919-d266 @A: 09 05 15 34 | 04
#0920-d266 @A: 15 10 31 05 | 08
#0921-d266 @A: 03 15 35 28 | 12
#0922-d266 @A: 15 28 14 22 | 09
#0923-d266 @A: 12 10 15 21 | 02
#0924-d266 @A: 07 26 29 15 | 10
#0925-d266 @A: 33 19 18 08 | 03
#0926-d266 @A: 21 18 33 06 | 07
#0927-d266 @A: 33 34 18 04 | 01
#0928-d266 @A: 25 13 30 33 | 06
#0929-d266 @A: 24 09 33 30 | 11
#0930-d266 @A: 33 28 17 29 | 05
#0931-d266 @A: 34 05 33 02 | 04
#0932-d266 @A: 34 06 33 32 | 08
#0933-d266 @A: 14 08 34 33 | 12
#0934-d266 @A: 11 04 31 33 | 09
#0935-d266 @A: 12 02 33 23 | 02
#0936-d266 @A: 33 11 26 08 | 10
#0937-d266 @A: 22 33 08 10 | 03
#0938-d266 @A: 25 26 23 33 | 07
#0939-d266 @A: 20 10 17 30 | 01
#0940-d266 @A: 34 30 04 20 | 06
#0941-d266 @A: 20 31 17 04 | 11
#0942-d266 @A: 05 20 29 32 | 05
#0943-d266 @A: 31 35 21 20 | 04
#0944-d266 @A: 35 20 11 29 | 08
#0945-d266 @A: 14 03 20 02 | 12
#0946-d266 @A: 20 25 32 07 | 09
#0947-d266 @A: 12 03 24 20 | 02
#0948-d266 @A: 19 18 32 11 | 10
#0949-d266 @A: 32 13 19 06 | 03
#0950-d266 @A: 23 04 32 19 | 07
#0951-d266 @A: 23 08 24 19 | 01
#0952-d266 @A: 07 12 19 02 | 06
#0953-d266 @A: 04 21 19 08 | 11
#0954-d266 @A: 22 08 25 19 | 05
#0955-d266 @A: 22 19 21 23 | 04
#0956-d266 @A: 03 22 19 26 | 08
#0957-d266 @A: 04 18 30 14 | 12
#0958-d266 @A: 35 12 18 05 | 09
#0959-d266 @A: 18 05 25 28 | 02
#0960-d266 @A: 18 31 34 13 | 10
#0961-d266 @A: 06 14 03 18 | 03
#0962-d266 @A: 06 08 11 18 | 07
#0963-d266 @A: 18 22 14 31 | 01
#0964-d266 @A: 08 21 18 26 | 06
#0965-d266 @A: 18 25 10 23 | 11
#0966-d266 @A: 17 30 23 13 | 05
#0967-d266 @A: 28 03 05 30 | 04
#0968-d266 @A: 30 31 05 29 | 08
#0969-d266 @A: 35 10 30 28 | 12
#0970-d266 @A: 32 24 29 30 | 09
#0971-d266 @A: 10 30 03 12 | 02
#0972-d266 @A: 17 03 05 35 | 10
#0973-d266 @A: 17 07 34 05 | 03
#0974-d266 @A: 35 34 17 04 | 07
#0975-d266 @A: 02 06 31 17 | 01
#0976-d266 @A: 09 17 24 32 | 06
#0977-d266 @A: 03 07 17 22 | 11
#0978-d266 @A: 31 35 05 04 | 05
#0979-d266 @A: 11 06 34 05 | 04
#0980-d266 @A: 28 05 14 11 | 08
#0981-d266 @A: 05 26 34 22 | 12
#0982-d266 @A: 02 13 14 35 | 09
#0983-d266 @A: 35 28 21 06 | 02
#0984-d266 @A: 35 24 14 21 | 10
#0985-d266 @A: 35 21 09 04 | 03
#0986-d266 @A: 12 25 35 11 | 07
#0987-d266 @A: 03 08 26 35 | 01
#0988-d266 @A: 13 03 28 14 | 06
#0989-d266 @A: 26 28 13 10 | 11
#0990-d266 @A: 08 06 12 03 | 05
#0991-d266 @A: 02 06 11 22 | 04
#0992-d266 @A: 06 29 25 07 | 08
#0993-d266 @A: 06 22 10 04 | 12
#0994-d266 @A: 23 22 06 26 | 09
#0995-d266 @A: 04 03 06 26 | 02
#0996-d266 @A: 34 29 28 21 | 10
#0997-d266 @A: 24 23 28 04 | 03
#0998-d266 @A: 28 11 07 10 | 07
#0999-d266 @A: 10 28 04 21 | 01
#1000-d266 @A: 14 08 07 23 | 06
#1001-d266 @A: 29 34 03 09 | 11
#1002-d266 @A: 24 34 25 26 | 05
#1003-d266 @A: 07 23 34 11 | 04
#1004-d266 @A: 35 05 16 01 | 08
#1005-d266 @A: 16 24 33 34 | 12
#1006-d266 @A: 29 28 20 16 | 09
#1007-d266 @A: 26 04 16 20 | 02
#1008-d266 @A: 16 19 08 30 | 10
#1009-d266 @A: 06 16 29 17 | 03
#1010-d266 @A: 14 22 16 07 | 07
#1011-d266 @A: 25 12 23 16 | 01
#1012-d266 @A: 10 25 11 16 | 06
#1013-d266 @A: 15 32 27 01 | 11
#1014-d266 @A: 25 20 27 01 | 05
#1015-d266 @A: 15 09 17 01 | 04
#1016-d266 @A: 01 28 33 10 | 08
#1017-d266 @A: 07 01 34 20 | 12
#1018-d266 @A: 17 19 32 01 | 09
#1019-d266 @A: 34 19 01 12 | 02
#1020-d266 @A: 18 01 04 17 | 10
#1021-d266 @A: 12 03 17 01 | 03
#1022-d266 @A: 05 06 01 03 | 07
#1023-d266 @A: 35 01 08 06 | 01
#1024-d266 @A: 22 35 09 01 | 06
#1025-d266 @A: 01 02 14 28 | 11
#1026-d266 @A: 23 09 04 01 | 05
#1027-d266 @A: 23 01 12 26 | 04
#1028-d266 @A: 08 01 25 23 | 08
#1029-d266 @A: 20 04 33 27 | 12
#1030-d266 @A: 33 27 05 03 | 09
#1031-d266 @A: 20 08 14 27 | 02
#1032-d266 @A: 27 11 34 30 | 10
#1033-d266 @A: 32 04 27 35 | 03
#1034-d266 @A: 27 28 13 29 | 07
#1035-d266 @A: 26 28 14 27 | 01
#1036-d266 @A: 24 11 27 04 | 06
#1037-d266 @A: 27 24 29 21 | 11
#1038-d266 @A: 08 12 07 27 | 05
#1039-d266 @A: 08 10 25 27 | 04
#1040-d266 @A: 30 10 15 33 | 08
#1041-d266 @A: 33 05 32 15 | 12
#1042-d266 @A: 07 28 33 15 | 09
#1043-d266 @A: 33 22 23 15 | 02
#1044-d266 @A: 15 04 20 18 | 10
#1045-d266 @A: 15 23 20 32 | 03
#1046-d266 @A: 30 35 02 15 | 07
#1047-d266 @A: 15 30 21 31 | 01
#1048-d266 @A: 15 31 17 24 | 06
#1049-d266 @A: 32 15 14 35 | 11
#1050-d266 @A: 26 15 08 24 | 05
#1051-d266 @A: 15 07 08 22 | 04
#1052-d266 @A: 20 28 35 33 | 08
#1053-d266 @A: 06 07 33 17 | 12
#1054-d266 @A: 33 13 04 06 | 09
#1055-d266 @A: 31 13 02 33 | 02
#1056-d266 @A: 29 13 33 08 | 10
#1057-d266 @A: 06 25 33 08 | 03
#1058-d266 @A: 24 25 14 33 | 07
#1059-d266 @A: 09 33 29 02 | 01
#1060-d266 @A: 13 25 19 20 | 06
#1061-d266 @A: 24 06 05 20 | 11
#1062-d266 @A: 02 08 20 34 | 05
#1063-d266 @A: 02 31 20 25 | 04
#1064-d266 @A: 26 20 32 03 | 08
#1065-d266 @A: 09 20 12 21 | 12
#1066-d266 @A: 02 20 24 10 | 09
#1067-d266 @A: 17 29 19 18 | 02
#1068-d266 @A: 18 12 03 19 | 10
#1069-d266 @A: 18 19 07 26 | 03
#1070-d266 @A: 30 32 19 28 | 07
#1071-d266 @A: 30 19 04 29 | 01
#1072-d266 @A: 19 31 34 05 | 06
#1073-d266 @A: 09 35 19 31 | 11
#1074-d266 @A: 34 02 14 19 | 05
#1075-d266 @A: 19 02 08 31 | 04
#1076-d266 @A: 19 09 22 32 | 08
#1077-d266 @A: 21 09 19 10 | 12
#1078-d266 @A: 14 18 17 11 | 09
#1079-d266 @A: 17 18 12 08 | 02
#1080-d266 @A: 22 05 18 06 | 10
#1081-d266 @A: 18 05 23 34 | 03
#1082-d266 @A: 34 07 13 18 | 07
#1083-d266 @A: 32 22 18 13 | 01
#1084-d266 @A: 07 25 28 18 | 06
#1085-d266 @A: 18 32 09 21 | 11
#1086-d266 @A: 18 09 04 22 | 05
#1087-d266 @A: 18 29 23 12 | 04
#1088-d266 @A: 26 14 17 30 | 08
#1089-d266 @A: 04 05 30 12 | 12
#1090-d266 @A: 07 30 13 02 | 09
#1091-d266 @A: 30 31 02 14 | 02
#1092-d266 @A: 09 26 22 30 | 10
#1093-d266 @A: 24 30 25 12 | 03
#1094-d266 @A: 03 08 02 30 | 07
#1095-d266 @A: 23 04 30 02 | 01
#1096-d266 @A: 07 03 25 30 | 06
#1097-d266 @A: 05 17 31 25 | 11
#1098-d266 @A: 17 23 09 05 | 05
#1099-d266 @A: 11 06 35 17 | 04
#1100-d266 @A: 31 32 17 35 | 08
#1101-d266 @A: 17 08 28 03 | 12
#1102-d266 @A: 09 17 26 11 | 09
#1103-d266 @A: 12 23 17 24 | 02
#1104-d266 @A: 02 35 11 05 | 10
#1105-d266 @A: 03 05 26 31 | 03
#1106-d266 @A: 05 25 32 08 | 07
#1107-d266 @A: 07 04 05 25 | 01
#1108-d266 @A: 03 35 31 13 | 06
#1109-d266 @A: 31 22 35 26 | 11
#1110-d266 @A: 35 09 29 23 | 05
#1111-d266 @A: 35 26 21 12 | 04
#1112-d266 @A: 13 10 06 03 | 08
#1113-d266 @A: 28 21 31 13 | 12
#1114-d266 @A: 08 32 23 13 | 09
#1115-d266 @A: 25 22 13 04 | 02
#1116-d266 @A: 10 06 21 23 | 10
#1117-d266 @A: 12 32 09 28 | 03
#1118-d266 @A: 08 28 29 09 | 07
#1119-d266 @A: 24 22 21 28 | 01
#1120-d266 @A: 12 02 28 25 | 06
#1121-d266 @A: 12 22 03 28 | 11
#1122-d266 @A: 26 11 28 03 | 05
#1123-d266 @A: 28 25 03 23 | 04
#1124-d266 @A: 09 26 24 14 | 08
#1125-d266 @A: 24 14 22 04 | 12
#1126-d266 @A: 14 02 29 04 | 09
#1127-d266 @A: 10 26 14 07 | 02
#1128-d266 @A: 09 34 32 07 | 10
#1129-d266 @A: 24 29 34 02 | 03
#1130-d266 @A: 23 08 21 34 | 07
#1131-d266 @A: 04 08 25 34 | 01
#1132-d266 @A: 08 07 04 09 | 06
#1133-d266 @A: 01 15 16 08 | 11
#1134-d266 @A: 01 10 16 31 | 05
#1135-d266 @A: 27 20 12 16 | 04
#1136-d266 @A: 15 26 16 33 | 08
#1137-d266 @A: 03 16 15 17 | 12
#1138-d266 @A: 15 16 32 06 | 09
#1139-d266 @A: 11 14 16 33 | 02
#1140-d266 @A: 18 11 07 16 | 10
#1141-d266 @A: 35 02 29 16 | 03
#1142-d266 @A: 16 13 28 25 | 07
#1143-d266 @A: 16 09 24 10 | 01
#1144-d266 @A: 11 23 09 16 | 06
#1145-d266 @A: 26 09 16 21 | 11
#1146-d266 @A: 25 16 04 21 | 05
#1147-d266 @A: 27 06 02 01 | 04
#1148-d266 @A: 01 20 13 15 | 08
#1149-d266 @A: 03 01 18 20 | 12
#1150-d266 @A: 01 18 05 29 | 09
#1151-d266 @A: 01 35 07 18 | 02
#1152-d266 @A: 01 06 30 29 | 10
#1153-d266 @A: 14 01 30 25 | 03
#1154-d266 @A: 01 34 22 30 | 07
#1155-d266 @A: 01 14 17 06 | 01
#1156-d266 @A: 01 29 24 14 | 06
#1157-d266 @A: 01 09 34 32 | 11
#1158-d266 @A: 04 31 07 01 | 05
#1159-d266 @A: 01 11 32 23 | 04
#1160-d266 @A: 15 27 03 08 | 08
#1161-d266 @A: 14 33 23 27 | 12
#1162-d266 @A: 25 17 27 19 | 09
#1163-d266 @A: 10 13 19 27 | 02
#1164-d266 @A: 18 25 27 31 | 10
#1165-d266 @A: 04 30 06 27 | 03
#1166-d266 @A: 25 13 27 03 | 07
#1167-d266 @A: 27 06 34 03 | 01
#1168-d266 @A: 34 28 27 12 | 06
#1169-d266 @A: 28 22 27 11 | 11
#1170-d266 @A: 04 14 34 27 | 05
#1171-d266 @A: 23 34 24 27 | 04
#1172-d266 @A: 24 10 27 31 | 08
#1173-d266 @A: 08 02 27 24 | 12
#1174-d266 @A: 11 12 27 29 | 09
#1175-d266 @A: 03 12 27 02 | 02
#1176-d266 @A: 11 27 23 08 | 10
#1177-d266 @A: 27 25 22 23 | 03
#1178-d266 @A: 10 04 03 27 | 07
#1179-d266 @A: 15 18 30 19 | 01
#1180-d266 @A: 32 18 15 02 | 06
#1181-d266 @A: 15 03 09 18 | 11
#1182-d266 @A: 06 15 25 30 | 05
#1183-d266 @A: 06 05 15 04 | 04
#1184-d266 @A: 02 09 13 15 | 08
#1185-d266 @A: 15 07 03 34 | 12
#1186-d266 @A: 22 24 32 15 | 09
#1187-d266 @A: 22 25 15 11 | 02
#1188-d266 @A: 15 03 23 11 | 10
#1189-d266 @A: 17 14 12 33 | 03
#1190-d266 @A: 05 06 10 33 | 07
#1191-d266 @A: 05 33 31 24 | 01
#1192-d266 @A: 06 35 14 33 | 06
#1193-d266 @A: 31 33 29 35 | 11
#1194-d266 @A: 08 28 32 33 | 05
#1195-d266 @A: 02 22 28 33 | 04
#1196-d266 @A: 03 21 33 12 | 08
#1197-d266 @A: 25 33 11 02 | 12
#1198-d266 @A: 33 29 21 11 | 09
#1199-d266 @A: 29 02 07 33 | 02
#1200-d266 @A: 29 26 03 33 | 10
#1201-d266 @A: 20 18 19 09 | 03
#1202-d266 @A: 19 05 35 20 | 07
#1203-d266 @A: 13 08 20 18 | 01
#1204-d266 @A: 30 22 06 20 | 06
#1205-d266 @A: 35 20 08 17 | 11
#1206-d266 @A: 13 05 20 04 | 05
#1207-d266 @A: 02 20 28 13 | 04
#1208-d266 @A: 32 20 25 22 | 08
#1209-d266 @A: 20 08 26 09 | 12
#1210-d266 @A: 29 25 20 12 | 09
#1211-d266 @A: 02 04 21 20 | 02
#1212-d266 @A: 26 07 20 08 | 10
#1213-d266 @A: 28 19 10 34 | 03
#1214-d266 @A: 24 12 19 26 | 07
#1215-d266 @A: 22 19 24 02 | 01
#1216-d266 @A: 19 07 04 23 | 06
#1217-d266 @A: 02 18 30 05 | 11
#1218-d266 @A: 11 09 18 30 | 05
#1219-d266 @A: 18 14 32 05 | 04
#1220-d266 @A: 24 35 18 06 | 08
#1221-d266 @A: 28 18 35 22 | 12
#1222-d266 @A: 28 34 08 18 | 09
#1223-d266 @A: 18 12 09 02 | 02
#1224-d266 @A: 23 14 30 06 | 10
#1225-d266 @A: 07 31 30 10 | 03
#1226-d266 @A: 32 09 30 03 | 07
#1227-d266 @A: 21 30 24 02 | 01
#1228-d266 @A: 08 04 30 22 | 06
#1229-d266 @A: 21 13 34 17 | 11
#1230-d266 @A: 22 31 17 28 | 05
#1231-d266 @A: 32 03 17 10 | 04
#1232-d266 @A: 17 21 09 08 | 08
#1233-d266 @A: 17 11 12 04 | 12
#1234-d266 @A: 02 17 22 21 | 09
#1235-d266 @A: 29 35 05 07 | 02
#1236-d266 @A: 05 13 08 07 | 10
#1237-d266 @A: 14 31 23 05 | 03
#1238-d266 @A: 05 21 25 29 | 07
#1239-d266 @A: 08 35 10 13 | 01
#1240-d266 @A: 31 35 12 14 | 06
#1241-d266 @A: 23 26 35 02 | 11
#1242-d266 @A: 35 04 03 07 | 05
#1243-d266 @A: 06 13 14 24 | 04
#1244-d266 @A: 04 13 31 23 | 08
#1245-d266 @A: 13 32 11 29 | 12
#1246-d266 @A: 12 13 08 25 | 09
#1247-d266 @A: 26 21 13 02 | 02
#1248-d266 @A: 06 02 09 24 | 10
#1249-d266 @A: 09 02 06 07 | 03
#1250-d266 @A: 08 06 21 24 | 07
#1251-d266 @A: 14 09 25 32 | 01
#1252-d266 @A: 08 03 14 09 | 06
#1253-d266 @A: 10 02 14 11 | 11
#1254-d266 @A: 22 26 14 08 | 05
#1255-d266 @A: 31 09 22 34 | 04
#1256-d266 @A: 12 31 24 34 | 08
#1257-d266 @A: 21 32 34 26 | 12
#1258-d266 @A: 34 08 22 24 | 09
#1259-d266 @A: 04 34 12 22 | 02
#1260-d266 @A: 02 26 10 34 | 10
#1261-d266 @A: 31 24 02 32 | 03
#1262-d266 @A: 09 31 10 25 | 07
#1263-d266 @A: 21 03 11 31 | 01
#1264-d266 @A: 02 10 31 04 | 06
#1265-d266 @A: 14 01 16 32 | 11
#1266-d266 @A: 09 27 16 15 | 05
#1267-d266 @A: 18 16 19 27 | 04
#1268-d266 @A: 02 16 14 27 | 08
#1269-d266 @A: 10 34 16 15 | 12
#1270-d266 @A: 05 19 32 16 | 09
#1271-d266 @A: 06 19 02 16 | 02
#1272-d266 @A: 18 16 03 35 | 10
#1273-d266 @A: 21 16 11 30 | 03
#1274-d266 @A: 08 16 11 35 | 07
#1275-d266 @A: 34 16 02 13 | 01
#1276-d266 @A: 31 13 16 29 | 06
#1277-d266 @A: 09 28 14 16 | 11
#1278-d266 @A: 11 28 16 34 | 05
#1279-d266 @A: 34 27 01 26 | 04
#1280-d266 @A: 06 15 01 22 | 08
#1281-d266 @A: 01 21 15 25 | 12
#1282-d266 @A: 01 30 04 33 | 09
#1283-d266 @A: 01 20 11 21 | 02
#1284-d266 @A: 08 01 30 07 | 10
#1285-d266 @A: 05 22 01 31 | 03
#1286-d266 @A: 01 05 04 02 | 07
#1287-d266 @A: 01 35 23 21 | 01
#1288-d266 @A: 28 01 11 31 | 06
#1289-d266 @A: 24 28 01 25 | 11
#1290-d266 @A: 28 01 07 29 | 05
#1291-d266 @A: 14 21 12 01 | 04
#1292-d266 @A: 09 01 03 26 | 08
#1293-d266 @A: 02 03 01 22 | 12
#1294-d266 @A: 27 15 33 06 | 09
#1295-d266 @A: 27 30 22 15 | 02
#1296-d266 @A: 25 15 35 27 | 10
#1297-d266 @A: 19 33 26 27 | 03
#1298-d266 @A: 27 03 28 20 | 07
#1299-d266 @A: 19 14 32 27 | 01
#1300-d266 @A: 18 29 27 30 | 06
#1301-d266 @A: 31 30 27 03 | 11
#1302-d266 @A: 27 06 17 24 | 05
#1303-d266 @A: 05 27 25 34 | 04
#1304-d266 @A: 31 21 27 05 | 08
#1305-d266 @A: 14 13 27 21 | 12
#1306-d266 @A: 21 06 27 32 | 09
#1307-d266 @A: 11 25 06 27 | 02
#1308-d266 @A: 27 14 07 04 | 10
#1309-d266 @A: 12 08 26 27 | 03
#1310-d266 @A: 29 27 08 22 | 07
#1311-d266 @A: 29 04 23 27 | 01
#1312-d266 @A: 03 19 15 05 | 06
#1313-d266 @A: 17 22 35 15 | 11
#1314-d266 @A: 13 17 10 15 | 05
#1315-d266 @A: 26 13 25 15 | 04
#1316-d266 @A: 15 11 12 31 | 08
#1317-d266 @A: 15 32 26 11 | 12
#1318-d266 @A: 04 15 03 32 | 09
#1319-d266 @A: 15 04 29 08 | 02
#1320-d266 @A: 23 21 15 07 | 10
#1321-d266 @A: 19 33 20 03 | 03
#1322-d266 @A: 33 05 20 12 | 07
#1323-d266 @A: 19 33 07 08 | 01
#1324-d266 @A: 02 32 17 33 | 06
#1325-d266 @A: 05 33 29 14 | 11
#1326-d266 @A: 33 03 34 35 | 05
#1327-d266 @A: 33 21 07 09 | 04
#1328-d266 @A: 33 04 10 12 | 08
#1329-d266 @A: 33 04 02 08 | 12
#1330-d266 @A: 24 18 20 30 | 09
#1331-d266 @A: 20 06 18 02 | 02
#1332-d266 @A: 18 20 28 12 | 10
#1333-d266 @A: 30 23 26 20 | 03
#1334-d266 @A: 17 20 11 05 | 07
#1335-d266 @A: 12 20 17 32 | 01
#1336-d266 @A: 35 04 24 20 | 06
#1337-d266 @A: 23 20 35 12 | 11
#1338-d266 @A: 32 20 11 28 | 05
#1339-d266 @A: 21 24 20 25 | 04
#1340-d266 @A: 25 08 20 03 | 08
#1341-d266 @A: 18 04 19 35 | 12
#1342-d266 @A: 21 19 17 05 | 09
#1343-d266 @A: 19 13 08 17 | 02
#1344-d266 @A: 35 19 08 14 | 10
#1345-d266 @A: 23 14 25 19 | 03
#1346-d266 @A: 23 10 19 02 | 07
#1347-d266 @A: 26 29 19 23 | 01
#1348-d266 @A: 18 30 25 17 | 06
#1349-d266 @A: 11 18 28 02 | 11
#1350-d266 @A: 18 31 29 21 | 05
#1351-d266 @A: 32 03 18 29 | 04
#1352-d266 @A: 02 24 18 25 | 08
#1353-d266 @A: 07 03 02 18 | 12
#1354-d266 @A: 23 30 10 05 | 09
#1355-d266 @A: 22 30 07 05 | 02
#1356-d266 @A: 30 35 13 04 | 10
#1357-d266 @A: 23 35 30 34 | 03
#1358-d266 @A: 21 06 30 13 | 07
#1359-d266 @A: 13 30 28 22 | 01
#1360-d266 @A: 13 14 11 30 | 06
#1361-d266 @A: 12 30 26 06 | 11
#1362-d266 @A: 34 14 30 32 | 05
#1363-d266 @A: 12 14 30 09 | 04
#1364-d266 @A: 25 30 22 31 | 08
#1365-d266 @A: 02 32 30 22 | 12
#1366-d266 @A: 30 25 26 03 | 09
#1367-d266 @A: 14 02 05 17 | 02
#1368-d266 @A: 10 28 17 06 | 10
#1369-d266 @A: 11 32 17 25 | 03
#1370-d266 @A: 10 22 17 09 | 07
#1371-d266 @A: 17 10 08 26 | 01
#1372-d266 @A: 13 05 08 28 | 06
#1373-d266 @A: 28 05 12 06 | 11
#1374-d266 @A: 04 05 28 34 | 05
#1375-d266 @A: 24 08 12 05 | 04
#1376-d266 @A: 05 03 29 11 | 08
#1377-d266 @A: 35 22 07 06 | 12
#1378-d266 @A: 25 28 35 14 | 09
#1379-d266 @A: 28 04 08 35 | 02
#1380-d266 @A: 29 35 34 14 | 10
#1381-d266 @A: 03 29 35 12 | 03
#1382-d266 @A: 25 02 07 35 | 07
#1383-d266 @A: 35 25 04 03 | 01
#1384-d266 @A: 35 22 04 23 | 06
#1385-d266 @A: 13 31 25 06 | 11
#1386-d266 @A: 28 23 34 13 | 05
#1387-d266 @A: 13 34 07 12 | 04
#1388-d266 @A: 09 13 11 03 | 08
#1389-d266 @A: 09 13 29 26 | 12
#1390-d266 @A: 12 21 24 13 | 09
#1391-d266 @A: 04 03 02 13 | 02
#1392-d266 @A: 26 28 09 06 | 10
#1393-d266 @A: 26 28 24 02 | 03
#1394-d266 @A: 11 14 25 21 | 07
#1395-d266 @A: 14 03 25 22 | 01
#1396-d266 @A: 26 04 23 14 | 06
#1397-d266 @A: 03 14 23 29 | 11
#1398-d266 @A: 34 10 31 11 | 05
#1399-d266 @A: 34 04 31 21 | 04
#1400-d266 @A: 02 09 34 11 | 08
#1401-d266 @A: 34 12 25 10 | 12
#1402-d266 @A: 34 23 02 22 | 09
#1403-d266 @A: 07 31 32 26 | 02
#1404-d266 @A: 31 12 03 07 | 10
#1405-d266 @A: 12 26 07 24 | 03
#1406-d266 @A: 23 25 10 07 | 07
#1407-d266 @A: 16 15 29 30 | 01
#1408-d266 @A: 15 25 16 07 | 06
#1409-d266 @A: 16 20 08 33 | 11
#1410-d266 @A: 33 05 09 16 | 05
#1411-d266 @A: 20 34 16 25 | 04
#1412-d266 @A: 14 25 16 18 | 08
#1413-d266 @A: 16 06 30 24 | 12
#1414-d266 @A: 21 16 30 07 | 09
#1415-d266 @A: 16 17 12 22 | 02
#1416-d266 @A: 08 16 06 13 | 10
#1417-d266 @A: 16 32 04 11 | 03
#1418-d266 @A: 25 24 16 29 | 07
#1419-d266 @A: 04 16 08 23 | 01
#1420-d266 @A: 16 29 22 04 | 06
#1421-d266 @A: 09 01 33 27 | 11
#1422-d266 @A: 17 27 01 21 | 05
#1423-d266 @A: 01 27 11 13 | 04
#1424-d266 @A: 27 28 01 08 | 08
#1425-d266 @A: 31 01 27 29 | 12
#1426-d266 @A: 26 01 15 19 | 09
#1427-d266 @A: 14 01 20 09 | 02
#1428-d266 @A: 19 13 24 01 | 10
#1429-d266 @A: 06 19 01 23 | 03
#1430-d266 @A: 30 09 01 05 | 07
#1431-d266 @A: 35 29 01 04 | 01
#1432-d266 @A: 07 21 13 01 | 06
#1433-d266 @A: 34 28 03 01 | 11
#1434-d266 @A: 02 26 08 01 | 05
#1435-d266 @A: 27 17 28 15 | 04
#1436-d266 @A: 06 08 19 27 | 08
#1437-d266 @A: 34 27 19 22 | 12
#1438-d266 @A: 27 24 18 13 | 09
#1439-d266 @A: 27 24 14 05 | 02
#1440-d266 @A: 27 31 07 06 | 10
#1441-d266 @A: 32 23 27 03 | 03
#1442-d266 @A: 03 27 21 09 | 07
#1443-d266 @A: 02 29 27 10 | 01
#1444-d266 @A: 22 10 27 26 | 06
#1445-d266 @A: 15 19 24 33 | 11
#1446-d266 @A: 04 35 33 15 | 05
#1447-d266 @A: 15 14 26 20 | 04
#1448-d266 @A: 18 10 15 35 | 08
#1449-d266 @A: 18 28 15 29 | 12
#1450-d266 @A: 15 30 05 13 | 09
#1451-d266 @A: 11 17 34 15 | 02
#1452-d266 @A: 21 35 05 15 | 10
#1453-d266 @A: 34 35 08 15 | 03
#1454-d266 @A: 15 06 29 31 | 07
#1455-d266 @A: 28 15 31 09 | 01
#1456-d266 @A: 25 15 29 02 | 06
#1457-d266 @A: 29 06 33 20 | 11
#1458-d266 @A: 33 10 14 19 | 05
#1459-d266 @A: 33 31 19 32 | 04
#1460-d266 @A: 24 18 33 22 | 08
#1461-d266 @A: 07 33 30 23 | 12
#1462-d266 @A: 11 17 10 33 | 09
#1463-d266 @A: 24 02 33 35 | 02
#1464-d266 @A: 24 33 26 13 | 10
#1465-d266 @A: 31 03 33 28 | 03
#1466-d266 @A: 33 22 32 21 | 07
#1467-d266 @A: 11 09 33 22 | 01
#1468-d266 @A: 25 04 33 29 | 06
#1469-d266 @A: 02 20 19 30 | 11
#1470-d266 @A: 19 31 29 20 | 05
#1471-d266 @A: 18 05 20 21 | 04
#1472-d266 @A: 20 31 12 30 | 08
#1473-d266 @A: 12 07 20 05 | 12
#1474-d266 @A: 23 14 13 20 | 09
#1475-d266 @A: 28 21 14 20 | 02
#1476-d266 @A: 24 08 20 32 | 10
#1477-d266 @A: 03 20 24 07 | 03
#1478-d266 @A: 08 20 22 12 | 07
#1479-d266 @A: 20 25 10 26 | 01
#1480-d266 @A: 25 23 20 04 | 06
#1481-d266 @A: 21 14 19 18 | 11
#1482-d266 @A: 30 19 34 24 | 05
#1483-d266 @A: 19 28 17 11 | 04
#1484-d266 @A: 14 17 24 19 | 08
#1485-d266 @A: 26 05 19 08 | 12
#1486-d266 @A: 03 32 08 19 | 09
#1487-d266 @A: 23 03 09 19 | 02
#1488-d266 @A: 12 25 04 19 | 10
#1489-d266 @A: 18 17 13 06 | 03
#1490-d266 @A: 23 18 26 17 | 07
#1491-d266 @A: 07 18 22 17 | 01
#1492-d266 @A: 35 34 11 18 | 06
#1493-d266 @A: 13 04 21 18 | 11
#1494-d266 @A: 06 04 31 18 | 05
#1495-d266 @A: 23 18 07 06 | 04
#1496-d266 @A: 09 14 23 18 | 08
#1497-d266 @A: 12 10 32 18 | 12
#1498-d266 @A: 24 18 11 10 | 09
#1499-d266 @A: 23 24 21 18 | 02
#1500-d266 @A: 03 11 25 18 | 10
#1501-d266 @A: 03 02 21 18 | 03
#1502-d266 @A: 18 26 04 02 | 07
#1503-d266 @A: 21 04 18 07 | 01
#1504-d266 @A: 17 03 30 04 | 06
#1505-d266 @A: 05 30 35 22 | 11
#1506-d266 @A: 35 30 14 07 | 05
#1507-d266 @A: 31 04 30 28 | 04
#1508-d266 @A: 30 21 08 14 | 08
#1509-d266 @A: 25 30 29 23 | 12
#1510-d266 @A: 13 35 25 17 | 09
#1511-d266 @A: 24 08 25 17 | 02
#1512-d266 @A: 03 02 17 11 | 10
#1513-d266 @A: 17 21 03 26 | 03
#1514-d266 @A: 06 05 35 23 | 07
#1515-d266 @A: 05 10 35 32 | 01
#1516-d266 @A: 31 12 13 05 | 06
#1517-d266 @A: 24 28 05 09 | 11
#1518-d266 @A: 03 09 05 12 | 05
#1519-d266 @A: 05 02 10 12 | 04
#1520-d266 @A: 07 02 11 05 | 08
#1521-d266 @A: 04 10 05 08 | 12
#1522-d266 @A: 26 29 35 32 | 09
#1523-d266 @A: 11 24 35 09 | 02
#1524-d266 @A: 08 21 35 25 | 10
#1525-d266 @A: 09 32 13 04 | 03
#1526-d266 @A: 12 13 32 03 | 07
#1527-d266 @A: 13 04 10 24 | 01
#1528-d266 @A: 22 03 13 24 | 06
#1529-d266 @A: 14 21 22 06 | 11
#1530-d266 @A: 24 03 32 06 | 05
#1531-d266 @A: 09 25 06 21 | 04
#1532-d266 @A: 10 12 06 24 | 08
#1533-d266 @A: 11 24 06 26 | 12
#1534-d266 @A: 25 24 06 22 | 09
#1535-d266 @A: 14 34 24 28 | 02
#1536-d266 @A: 11 12 28 24 | 10
#1537-d266 @A: 10 28 24 29 | 03
#1538-d266 @A: 28 08 21 02 | 07
#1539-d266 @A: 25 28 10 22 | 01
#1540-d266 @A: 03 14 32 31 | 06
#1541-d266 @A: 14 32 04 12 | 11
#1542-d266 @A: 21 29 14 32 | 05
#1543-d266 @A: 34 08 26 31 | 04
#1544-d266 @A: 21 09 34 24 | 08
#1545-d266 @A: 21 34 11 22 | 12
#1546-d266 @A: 25 29 34 11 | 09
#1547-d266 @A: 34 25 07 08 | 02
#1548-d266 @A: 21 34 25 03 | 10
#1549-d266 @A: 31 11 24 08 | 03
#1550-d266 @A: 22 31 08 21 | 07
#1551-d266 @A: 10 31 03 29 | 01
#1552-d266 @A: 22 12 07 32 | 06
#1553-d266 @A: 32 23 02 07 | 11
#1554-d266 @A: 16 19 01 09 | 05
#1555-d266 @A: 34 29 16 01 | 04
#1556-d266 @A: 27 07 16 29 | 08
#1557-d266 @A: 15 18 16 24 | 12
#1558-d266 @A: 18 29 16 33 | 09
#1559-d266 @A: 16 33 12 06 | 02
#1560-d266 @A: 02 21 16 33 | 10
#1561-d266 @A: 06 23 16 20 | 03
#1562-d266 @A: 26 17 19 16 | 07
#1563-d266 @A: 29 19 16 11 | 01
#1564-d266 @A: 28 30 12 16 | 06
#1565-d266 @A: 07 16 05 31 | 11
#1566-d266 @A: 35 25 31 16 | 05
#1567-d266 @A: 06 26 16 14 | 04
#1568-d266 @A: 16 06 21 31 | 08
#1569-d266 @A: 16 26 31 28 | 12
#1570-d266 @A: 14 16 23 22 | 09
#1571-d266 @A: 26 16 32 22 | 02
#1572-d266 @A: 23 16 32 29 | 10
#1573-d266 @A: 22 16 08 09 | 03
#1574-d266 @A: 02 16 25 22 | 07
#1575-d266 @A: 26 07 03 16 | 01
#1576-d266 @A: 15 01 29 33 | 06
#1577-d266 @A: 35 15 11 01 | 11
#1578-d266 @A: 11 05 33 01 | 05
#1579-d266 @A: 21 33 34 01 | 04
#1580-d266 @A: 01 33 31 25 | 08
#1581-d266 @A: 01 28 19 29 | 12
#1582-d266 @A: 21 01 31 19 | 09
#1583-d266 @A: 18 28 01 09 | 02
#1584-d266 @A: 01 31 02 18 | 10
#1585-d266 @A: 13 22 01 17 | 03
#1586-d266 @A: 01 34 02 17 | 07
#1587-d266 @A: 31 17 23 01 | 01
#1588-d266 @A: 03 01 14 35 | 06
#1589-d266 @A: 13 09 06 01 | 11
#1590-d266 @A: 09 31 08 01 | 05
#1591-d266 @A: 32 01 24 10 | 04
#1592-d266 @A: 01 04 08 24 | 08
#1593-d266 @A: 10 25 04 01 | 12
#1594-d266 @A: 24 15 27 12 | 09
#1595-d266 @A: 33 22 35 27 | 02
#1596-d266 @A: 27 33 12 31 | 10
#1597-d266 @A: 13 20 27 35 | 03
#1598-d266 @A: 20 27 26 11 | 07
#1599-d266 @A: 09 19 30 27 | 01
#1600-d266 @A: 02 27 05 19 | 06
#1601-d266 @A: 14 17 03 27 | 11
#1602-d266 @A: 05 09 27 11 | 05
#1603-d266 @A: 13 09 27 34 | 04
#1604-d266 @A: 13 26 32 27 | 08
#1605-d266 @A: 02 22 13 27 | 12
#1606-d266 @A: 02 23 09 27 | 09
#1607-d266 @A: 29 20 17 15 | 02
#1608-d266 @A: 20 05 15 25 | 10
#1609-d266 @A: 15 08 06 20 | 03
#1610-d266 @A: 31 20 22 15 | 07
#1611-d266 @A: 08 15 28 19 | 01
#1612-d266 @A: 15 18 25 08 | 06
#1613-d266 @A: 30 24 14 15 | 11
#1614-d266 @A: 26 15 28 05 | 05
#1615-d266 @A: 23 15 31 35 | 04
#1616-d266 @A: 15 06 13 28 | 08
#1617-d266 @A: 13 31 15 32 | 12
#1618-d266 @A: 08 15 13 22 | 09
#1619-d266 @A: 07 10 15 06 | 02
#1620-d266 @A: 15 09 29 32 | 10
#1621-d266 @A: 12 15 32 25 | 03
#1622-d266 @A: 15 12 22 09 | 07
#1623-d266 @A: 14 20 32 33 | 01
#1624-d266 @A: 23 33 19 34 | 06
#1625-d266 @A: 30 33 12 18 | 11
#1626-d266 @A: 03 23 18 33 | 05
#1627-d266 @A: 08 33 30 05 | 04
#1628-d266 @A: 33 06 23 17 | 08
#1629-d266 @A: 08 33 23 35 | 12
#1630-d266 @A: 02 33 06 26 | 09
#1631-d266 @A: 14 33 04 28 | 02
#1632-d266 @A: 34 21 07 33 | 10
#1633-d266 @A: 23 33 09 32 | 03
#1634-d266 @A: 33 09 10 26 | 07
#1635-d266 @A: 03 10 33 02 | 01
#1636-d266 @A: 14 18 29 20 | 06
#1637-d266 @A: 13 20 32 30 | 11
#1638-d266 @A: 17 25 20 14 | 05
#1639-d266 @A: 31 08 05 20 | 04
#1640-d266 @A: 13 12 26 20 | 08
#1641-d266 @A: 34 06 12 20 | 12
#1642-d266 @A: 11 12 20 02 | 09
#1643-d266 @A: 20 04 03 29 | 02
#1644-d266 @A: 05 23 19 12 | 10
#1645-d266 @A: 31 26 14 19 | 03
#1646-d266 @A: 12 19 02 32 | 07
#1647-d266 @A: 19 04 02 11 | 01
#1648-d266 @A: 10 13 30 18 | 06
#1649-d266 @A: 34 14 18 12 | 11
#1650-d266 @A: 02 29 08 18 | 05
#1651-d266 @A: 29 04 18 10 | 04
#1652-d266 @A: 30 24 05 11 | 08
#1653-d266 @A: 24 30 35 03 | 12
#1654-d266 @A: 30 28 29 14 | 09
#1655-d266 @A: 28 34 30 09 | 02
#1656-d266 @A: 30 08 10 24 | 10
#1657-d266 @A: 14 17 09 35 | 03
#1658-d266 @A: 31 10 17 21 | 07
#1659-d266 @A: 23 21 17 32 | 01
#1660-d266 @A: 04 17 09 25 | 06
#1661-d266 @A: 17 07 02 24 | 11
#1662-d266 @A: 24 03 17 29 | 05
#1663-d266 @A: 25 07 17 11 | 04
#1664-d266 @A: 13 06 29 05 | 08
#1665-d266 @A: 22 25 34 35 | 12
#1666-d266 @A: 35 07 26 21 | 09
#1667-d266 @A: 34 14 13 25 | 02
#1668-d266 @A: 34 11 13 04 | 10
#1669-d266 @A: 21 13 25 32 | 03
#1670-d266 @A: 21 11 13 23 | 07
#1671-d266 @A: 13 22 11 26 | 01
#1672-d266 @A: 06 12 04 09 | 06
#1673-d266 @A: 11 07 06 24 | 11
#1674-d266 @A: 29 03 25 06 | 05
#1675-d266 @A: 21 32 28 03 | 04
#1676-d266 @A: 28 24 07 22 | 08
#1677-d266 @A: 12 04 26 28 | 12
#1678-d266 @A: 26 25 21 28 | 09
#1679-d266 @A: 22 29 26 28 | 02
#1680-d266 @A: 07 14 29 12 | 10
#1681-d266 @A: 02 21 14 23 | 03
#1682-d266 @A: 29 22 34 32 | 07
#1683-d266 @A: 34 11 08 03 | 01
#1684-d266 @A: 26 04 34 29 | 06
#1685-d266 @A: 23 31 32 26 | 11
#1686-d266 @A: 09 31 25 07 | 05
#1687-d266 @A: 26 24 21 31 | 04
#1688-d266 @A: 31 26 25 11 | 08
#1689-d266 @A: 10 02 21 07 | 12
