#0001-d266 @A: 22 21 27 16 | 01
#0002-d266 @A: 27 32 22 03 | 04
#0003-d266 @A: 26 22 27 34 | 05
#0004-d266 @A: 22 30 27 28 | 12
#0005-d266 @A: 22 27 14 12 | 09
#0006-d266 @A: 31 22 08 27 | 02
#0007-d266 @A: 27 22 02 24 | 10
#0008-d266 @A: 33 27 22 10 | 11
#0009-d266 @A: 22 25 23 27 | 06
#0010-d266 @A: 27 07 22 19 | 08
#0011-d266 @A: 27 17 06 22 | 07
#0012-d266 @A: 13 22 27 20 | 03
#0013-d266 @A: 04 27 29 22 | 01
#0014-d266 @A: 11 22 27 09 | 04
#0015-d266 @A: 35 27 22 12 | 05
#0016-d266 @A: 22 27 05 01 | 12
#0017-d266 @A: 27 22 15 18 | 09
#0018-d266 @A: 27 32 12 16 | 02
#0019-d266 @A: 27 16 24 26 | 10
#0020-d266 @A: 18 27 16 28 | 11
#0021-d266 @A: 27 16 08 14 | 06
#0022-d266 @A: 16 30 27 34 | 08
#0023-d266 @A: 19 16 02 27 | 07
#0024-d266 @A: 10 25 16 27 | 03
#0025-d266 @A: 33 27 16 01 | 01
#0026-d266 @A: 16 09 27 07 | 04
#0027-d266 @A: 17 16 20 27 | 05
#0028-d266 @A: 15 16 27 13 | 12
#0029-d266 @A: 27 16 04 03 | 09
#0030-d266 @A: 16 11 27 23 | 02
#0031-d266 @A: 16 31 27 06 | 10
#0032-d266 @A: 29 16 05 27 | 11
#0033-d266 @A: 29 35 27 16 | 06
#0034-d266 @A: 05 26 27 32 | 08
#0035-d266 @A: 19 32 27 28 | 07
#0036-d266 @A: 32 14 24 27 | 03
#0037-d266 @A: 27 32 01 08 | 01
#0038-d266 @A: 27 30 32 29 | 04
#0039-d266 @A: 02 32 21 27 | 05
#0040-d266 @A: 06 27 10 32 | 12
#0041-d266 @A: 18 32 33 27 | 09
#0042-d266 @A: 32 25 27 34 | 02
#0043-d266 @A: 32 20 07 27 | 10
#0044-d266 @A: 32 17 31 27 | 11
#0045-d266 @A: 32 23 27 13 | 06
#0046-d266 @A: 32 04 27 09 | 08
#0047-d266 @A: 27 15 11 32 | 07
#0048-d266 @A: 35 27 32 24 | 03
#0049-d266 @A: 28 03 27 26 | 01
#0050-d266 @A: 17 27 26 14 | 04
#0051-d266 @A: 08 26 27 29 | 05
#0052-d266 @A: 21 26 27 30 | 12
#0053-d266 @A: 26 27 02 23 | 09
#0054-d266 @A: 26 10 27 12 | 02
#0055-d266 @A: 09 33 26 27 | 10
#0056-d266 @A: 20 26 27 25 | 11
#0057-d266 @A: 26 25 35 27 | 06
#0058-d266 @A: 26 07 18 27 | 08
#0059-d266 @A: 13 26 27 19 | 07
#0060-d266 @A: 01 27 26 04 | 03
#0061-d266 @A: 06 27 26 11 | 01
#0062-d266 @A: 26 15 27 31 | 04
#0063-d266 @A: 14 27 28 13 | 05
#0064-d266 @A: 09 08 28 27 | 12
#0065-d266 @A: 27 12 02 28 | 09
#0066-d266 @A: 10 28 27 15 | 02
#0067-d266 @A: 33 20 28 27 | 10
#0068-d266 @A: 31 27 25 28 | 11
#0069-d266 @A: 27 07 28 34 | 06
#0070-d266 @A: 17 28 29 27 | 08
#0071-d266 @A: 04 24 27 28 | 07
#0072-d266 @A: 28 21 27 11 | 03
#0073-d266 @A: 28 01 27 06 | 01
#0074-d266 @A: 23 28 05 27 | 04
#0075-d266 @A: 28 35 27 34 | 05
#0076-d266 @A: 30 27 03 14 | 12
#0077-d266 @A: 14 02 27 05 | 09
#0078-d266 @A: 27 14 10 20 | 02
#0079-d266 @A: 27 33 06 14 | 10
#0080-d266 @A: 33 27 35 14 | 11
#0081-d266 @A: 14 27 25 21 | 06
#0082-d266 @A: 15 27 14 07 | 08
#0083-d266 @A: 14 04 27 23 | 07
#0084-d266 @A: 27 34 11 14 | 03
#0085-d266 @A: 31 14 27 01 | 01
#0086-d266 @A: 14 27 18 09 | 04
#0087-d266 @A: 14 27 29 19 | 05
#0088-d266 @A: 30 08 06 27 | 12
#0089-d266 @A: 02 20 08 27 | 09
#0090-d266 @A: 27 03 08 10 | 02
#0091-d266 @A: 27 21 08 33 | 10
#0092-d266 @A: 08 25 19 27 | 11
#0093-d266 @A: 08 07 12 27 | 06
#0094-d266 @A: 08 17 27 23 | 08
#0095-d266 @A: 13 08 24 27 | 07
#0096-d266 @A: 08 05 27 04 | 03
#0097-d266 @A: 08 18 27 11 | 01
#0098-d266 @A: 35 19 27 08 | 04
#0099-d266 @A: 27 15 34 08 | 05
#0100-d266 @A: 30 15 27 02 | 12
#0101-d266 @A: 27 10 05 30 | 09
#0102-d266 @A: 33 30 13 27 | 02
#0103-d266 @A: 27 25 12 30 | 10
#0104-d266 @A: 07 01 27 30 | 11
#0105-d266 @A: 27 30 17 18 | 06
#0106-d266 @A: 04 27 30 11 | 08
#0107-d266 @A: 24 20 27 30 | 07
#0108-d266 @A: 30 27 31 19 | 03
#0109-d266 @A: 35 27 30 31 | 01
#0110-d266 @A: 23 09 27 30 | 04
#0111-d266 @A: 10 02 17 27 | 05
#0112-d266 @A: 27 31 02 33 | 12
#0113-d266 @A: 01 25 27 02 | 09
#0114-d266 @A: 02 07 29 27 | 02
#0115-d266 @A: 13 02 09 27 | 10
#0116-d266 @A: 04 27 02 34 | 11
#0117-d266 @A: 27 11 02 03 | 06
#0118-d266 @A: 18 06 02 27 | 08
#0119-d266 @A: 35 18 27 02 | 07
#0120-d266 @A: 27 07 24 10 | 03
#0121-d266 @A: 13 27 21 10 | 01
#0122-d266 @A: 10 04 18 27 | 04
#0123-d266 @A: 27 11 19 10 | 05
#0124-d266 @A: 27 11 35 10 | 12
#0125-d266 @A: 01 27 23 10 | 09
#0126-d266 @A: 31 34 10 27 | 02
#0127-d266 @A: 29 10 27 09 | 10
#0128-d266 @A: 25 05 33 27 | 11
#0129-d266 @A: 07 23 33 27 | 06
#0130-d266 @A: 33 17 27 34 | 08
#0131-d266 @A: 12 33 04 27 | 07
#0132-d266 @A: 11 33 24 27 | 03
#0133-d266 @A: 27 33 19 03 | 01
#0134-d266 @A: 27 29 15 33 | 04
#0135-d266 @A: 07 25 27 03 | 05
#0136-d266 @A: 17 25 27 24 | 12
#0137-d266 @A: 27 18 25 13 | 09
#0138-d266 @A: 27 25 04 15 | 02
#0139-d266 @A: 29 27 11 25 | 10
#0140-d266 @A: 25 09 27 06 | 11
#0141-d266 @A: 21 07 17 27 | 06
#0142-d266 @A: 07 13 27 05 | 08
#0143-d266 @A: 06 27 04 07 | 07
#0144-d266 @A: 11 27 31 07 | 03
#0145-d266 @A: 07 20 35 27 | 01
#0146-d266 @A: 27 12 13 17 | 04
#0147-d266 @A: 19 04 27 17 | 05
#0148-d266 @A: 04 17 27 35 | 12
#0149-d266 @A: 17 11 27 05 | 09
#0150-d266 @A: 01 17 27 03 | 02
#0151-d266 @A: 27 09 15 17 | 10
#0152-d266 @A: 27 13 04 31 | 11
#0153-d266 @A: 11 27 13 01 | 06
#0154-d266 @A: 13 27 03 29 | 08
#0155-d266 @A: 27 13 34 06 | 07
#0156-d266 @A: 13 27 35 06 | 03
#0157-d266 @A: 27 20 21 04 | 01
#0158-d266 @A: 11 12 27 20 | 04
#0159-d266 @A: 18 20 27 01 | 05
#0160-d266 @A: 27 20 23 19 | 12
#0161-d266 @A: 03 15 20 27 | 09
#0162-d266 @A: 27 20 31 09 | 02
#0163-d266 @A: 06 20 05 27 | 10
#0164-d266 @A: 29 20 27 34 | 11
#0165-d266 @A: 12 09 27 01 | 06
#0166-d266 @A: 29 12 27 18 | 08
#0167-d266 @A: 19 12 34 27 | 07
#0168-d266 @A: 23 15 27 12 | 03
#0169-d266 @A: 12 06 03 27 | 01
#0170-d266 @A: 12 05 31 27 | 04
#0171-d266 @A: 21 12 24 27 | 05
#0172-d266 @A: 19 01 27 15 | 12
#0173-d266 @A: 01 29 24 27 | 09
#0174-d266 @A: 35 23 27 01 | 02
#0175-d266 @A: 34 01 27 21 | 10
#0176-d266 @A: 18 27 05 19 | 11
#0177-d266 @A: 18 31 03 27 | 06
#0178-d266 @A: 24 18 34 27 | 08
#0179-d266 @A: 35 09 27 18 | 07
#0180-d266 @A: 23 18 27 21 | 03
#0181-d266 @A: 24 19 27 09 | 01
#0182-d266 @A: 06 27 19 21 | 04
#0183-d266 @A: 27 15 35 03 | 05
#0184-d266 @A: 27 24 06 15 | 12
#0185-d266 @A: 15 21 05 27 | 09
#0186-d266 @A: 03 05 24 27 | 02
#0187-d266 @A: 27 03 21 09 | 10
#0188-d266 @A: 27 34 03 23 | 11
#0189-d266 @A: 27 23 31 24 | 06
#0190-d266 @A: 29 27 31 21 | 08
#0191-d266 @A: 09 34 05 27 | 07
#0192-d266 @A: 35 05 27 21 | 03
#0193-d266 @A: 29 06 23 27 | 01
#0194-d266 @A: 20 16 32 22 | 04
#0195-d266 @A: 12 26 16 22 | 05
#0196-d266 @A: 22 24 16 28 | 12
#0197-d266 @A: 23 16 14 22 | 09
#0198-d266 @A: 16 18 22 08 | 02
#0199-d266 @A: 22 16 30 01 | 10
#0200-d266 @A: 22 31 16 02 | 11
#0201-d266 @A: 34 16 10 22 | 06
#0202-d266 @A: 33 09 16 22 | 08
#0203-d266 @A: 16 22 19 25 | 07
#0204-d266 @A: 07 16 22 15 | 03
#0205-d266 @A: 22 16 17 03 | 01
#0206-d266 @A: 16 06 13 22 | 04
#0207-d266 @A: 04 05 16 22 | 05
#0208-d266 @A: 11 16 29 22 | 12
#0209-d266 @A: 22 09 16 35 | 09
#0210-d266 @A: 22 26 29 32 | 02
#0211-d266 @A: 32 25 28 22 | 10
#0212-d266 @A: 22 05 14 32 | 11
#0213-d266 @A: 08 13 32 22 | 06
#0214-d266 @A: 30 32 22 18 | 08
#0215-d266 @A: 02 22 12 32 | 07
#0216-d266 @A: 32 01 10 22 | 03
#0217-d266 @A: 32 22 33 19 | 01
#0218-d266 @A: 07 32 22 06 | 04
#0219-d266 @A: 32 34 17 22 | 05
#0220-d266 @A: 22 23 04 32 | 12
#0221-d266 @A: 11 21 32 22 | 09
#0222-d266 @A: 09 22 15 32 | 02
#0223-d266 @A: 22 15 35 32 | 10
#0224-d266 @A: 22 31 24 32 | 11
#0225-d266 @A: 22 28 26 06 | 06
#0226-d266 @A: 22 26 14 15 | 08
#0227-d266 @A: 26 20 08 22 | 07
#0228-d266 @A: 23 26 30 22 | 03
#0229-d266 @A: 22 02 26 03 | 01
#0230-d266 @A: 10 19 22 26 | 04
#0231-d266 @A: 26 18 22 33 | 05
#0232-d266 @A: 26 21 25 22 | 12
#0233-d266 @A: 01 22 26 07 | 09
#0234-d266 @A: 26 17 22 09 | 02
#0235-d266 @A: 13 26 05 22 | 10
#0236-d266 @A: 22 26 31 04 | 11
#0237-d266 @A: 11 26 22 24 | 06
#0238-d266 @A: 26 21 22 35 | 08
#0239-d266 @A: 28 03 14 22 | 07
#0240-d266 @A: 28 22 21 08 | 03
#0241-d266 @A: 28 17 22 02 | 01
#0242-d266 @A: 22 10 28 05 | 04
#0243-d266 @A: 33 28 22 15 | 05
#0244-d266 @A: 07 28 20 22 | 12
#0245-d266 @A: 22 13 12 28 | 09
#0246-d266 @A: 34 28 22 04 | 02
#0247-d266 @A: 04 35 22 28 | 10
#0248-d266 @A: 11 01 28 22 | 11
#0249-d266 @A: 28 18 22 23 | 06
#0250-d266 @A: 22 19 28 31 | 08
#0251-d266 @A: 28 09 29 22 | 07
#0252-d266 @A: 14 06 08 22 | 03
#0253-d266 @A: 30 33 14 22 | 01
#0254-d266 @A: 02 14 22 20 | 04
#0255-d266 @A: 22 14 13 10 | 05
#0256-d266 @A: 01 14 25 22 | 12
#0257-d266 @A: 34 07 22 14 | 09
#0258-d266 @A: 17 14 29 22 | 02
#0259-d266 @A: 22 04 14 18 | 10
#0260-d266 @A: 11 14 22 31 | 11
#0261-d266 @A: 22 14 20 35 | 06
#0262-d266 @A: 19 22 24 14 | 08
#0263-d266 @A: 21 22 09 14 | 07
#0264-d266 @A: 06 35 22 14 | 03
#0265-d266 @A: 08 03 22 30 | 01
#0266-d266 @A: 02 08 23 22 | 04
#0267-d266 @A: 22 29 08 10 | 05
#0268-d266 @A: 24 33 22 08 | 12
#0269-d266 @A: 33 22 35 08 | 09
#0270-d266 @A: 34 08 22 25 | 02
#0271-d266 @A: 07 22 09 08 | 10
#0272-d266 @A: 08 22 17 12 | 11
#0273-d266 @A: 08 01 22 04 | 06
#0274-d266 @A: 08 11 15 22 | 08
#0275-d266 @A: 19 08 22 05 | 07
#0276-d266 @A: 22 19 02 30 | 03
#0277-d266 @A: 30 22 12 10 | 01
#0278-d266 @A: 25 30 15 22 | 04
#0279-d266 @A: 22 07 29 30 | 05
#0280-d266 @A: 31 17 22 30 | 12
#0281-d266 @A: 22 24 13 30 | 09
#0282-d266 @A: 22 06 30 04 | 02
#0283-d266 @A: 11 30 22 20 | 10
#0284-d266 @A: 35 03 30 22 | 11
#0285-d266 @A: 30 22 09 05 | 06
#0286-d266 @A: 34 22 30 21 | 08
#0287-d266 @A: 02 22 09 10 | 07
#0288-d266 @A: 01 22 02 33 | 03
#0289-d266 @A: 22 06 25 02 | 01
#0290-d266 @A: 07 22 02 13 | 04
#0291-d266 @A: 02 22 15 04 | 05
#0292-d266 @A: 34 02 11 22 | 12
#0293-d266 @A: 02 22 21 18 | 09
#0294-d266 @A: 22 29 02 05 | 02
#0295-d266 @A: 22 35 34 02 | 10
#0296-d266 @A: 10 25 31 22 | 11
#0297-d266 @A: 22 21 10 07 | 06
#0298-d266 @A: 22 10 20 17 | 08
#0299-d266 @A: 04 03 10 22 | 07
#0300-d266 @A: 10 06 22 11 | 03
#0301-d266 @A: 10 22 35 01 | 01
#0302-d266 @A: 22 10 24 18 | 04
#0303-d266 @A: 22 10 15 23 | 05
#0304-d266 @A: 22 33 20 25 | 12
#0305-d266 @A: 33 03 22 07 | 09
#0306-d266 @A: 05 17 33 22 | 02
#0307-d266 @A: 21 33 13 22 | 10
#0308-d266 @A: 04 11 22 33 | 11
#0309-d266 @A: 33 12 06 22 | 06
#0310-d266 @A: 22 34 31 33 | 08
#0311-d266 @A: 23 33 22 29 | 07
#0312-d266 @A: 22 12 25 07 | 03
#0313-d266 @A: 25 22 17 18 | 01
#0314-d266 @A: 22 25 03 13 | 04
#0315-d266 @A: 25 22 09 04 | 05
#0316-d266 @A: 22 05 25 11 | 12
#0317-d266 @A: 31 35 22 25 | 09
#0318-d266 @A: 29 24 25 22 | 02
#0319-d266 @A: 22 07 23 17 | 10
#0320-d266 @A: 04 24 22 07 | 11
#0321-d266 @A: 22 11 07 18 | 06
#0322-d266 @A: 35 22 07 18 | 08
#0323-d266 @A: 22 07 31 05 | 07
#0324-d266 @A: 15 13 22 17 | 03
#0325-d266 @A: 21 22 17 04 | 01
#0326-d266 @A: 22 17 19 11 | 04
#0327-d266 @A: 17 01 22 24 | 05
#0328-d266 @A: 35 17 22 29 | 12
#0329-d266 @A: 22 13 19 04 | 09
#0330-d266 @A: 11 13 23 22 | 02
#0331-d266 @A: 29 13 22 01 | 10
#0332-d266 @A: 18 22 31 13 | 11
#0333-d266 @A: 22 35 13 24 | 06
#0334-d266 @A: 22 09 34 13 | 08
#0335-d266 @A: 04 20 12 22 | 07
#0336-d266 @A: 22 03 12 11 | 03
#0337-d266 @A: 35 23 22 11 | 01
#0338-d266 @A: 20 09 22 01 | 04
#0339-d266 @A: 18 22 29 20 | 05
#0340-d266 @A: 22 19 20 34 | 12
#0341-d266 @A: 22 31 20 15 | 09
#0342-d266 @A: 06 20 03 22 | 02
#0343-d266 @A: 21 22 20 24 | 10
#0344-d266 @A: 23 22 20 05 | 11
#0345-d266 @A: 01 12 22 18 | 06
#0346-d266 @A: 12 19 09 22 | 08
#0347-d266 @A: 12 24 15 22 | 07
#0348-d266 @A: 12 22 31 29 | 03
#0349-d266 @A: 22 12 21 05 | 01
#0350-d266 @A: 22 23 12 34 | 04
#0351-d266 @A: 19 01 06 22 | 05
#0352-d266 @A: 34 01 15 22 | 12
#0353-d266 @A: 22 23 01 03 | 09
#0354-d266 @A: 31 01 21 22 | 02
#0355-d266 @A: 22 19 18 03 | 10
#0356-d266 @A: 18 09 22 06 | 11
#0357-d266 @A: 22 05 18 34 | 06
#0358-d266 @A: 19 22 29 15 | 08
#0359-d266 @A: 05 19 35 22 | 07
#0360-d266 @A: 22 21 19 23 | 03
#0361-d266 @A: 15 05 03 22 | 01
#0362-d266 @A: 06 22 21 15 | 04
#0363-d266 @A: 22 31 09 03 | 05
#0364-d266 @A: 24 22 34 03 | 12
#0365-d266 @A: 03 22 21 29 | 09
#0366-d266 @A: 31 23 22 06 | 02
#0367-d266 @A: 23 09 22 24 | 10
#0368-d266 @A: 22 06 05 24 | 11
#0369-d266 @A: 06 34 29 22 | 06
#0370-d266 @A: 26 32 07 16 | 08
#0371-d266 @A: 16 09 32 28 | 07
#0372-d266 @A: 16 32 14 34 | 03
#0373-d266 @A: 31 08 16 32 | 01
#0374-d266 @A: 32 16 06 30 | 04
#0375-d266 @A: 32 16 02 17 | 05
#0376-d266 @A: 32 16 35 02 | 12
#0377-d266 @A: 32 10 16 29 | 09
#0378-d266 @A: 32 33 16 24 | 02
#0379-d266 @A: 32 23 25 16 | 10
#0380-d266 @A: 13 32 16 19 | 11
#0381-d266 @A: 16 04 11 32 | 06
#0382-d266 @A: 32 16 01 18 | 08
#0383-d266 @A: 15 05 16 32 | 07
#0384-d266 @A: 16 21 03 32 | 03
#0385-d266 @A: 16 26 28 23 | 01
#0386-d266 @A: 05 26 16 14 | 04
#0387-d266 @A: 26 16 08 19 | 05
#0388-d266 @A: 26 16 30 15 | 12
#0389-d266 @A: 16 02 26 25 | 09
#0390-d266 @A: 16 26 10 21 | 02
#0391-d266 @A: 26 16 06 33 | 10
#0392-d266 @A: 01 26 17 16 | 11
#0393-d266 @A: 16 34 13 26 | 06
#0394-d266 @A: 04 26 16 09 | 08
#0395-d266 @A: 11 18 16 26 | 07
#0396-d266 @A: 20 29 16 26 | 03
#0397-d266 @A: 35 01 26 16 | 01
#0398-d266 @A: 03 26 16 31 | 04
#0399-d266 @A: 16 14 28 01 | 05
#0400-d266 @A: 28 08 34 16 | 12
#0401-d266 @A: 08 35 16 28 | 09
#0402-d266 @A: 30 31 16 28 | 02
#0403-d266 @A: 28 02 15 16 | 10
#0404-d266 @A: 10 16 06 28 | 11
#0405-d266 @A: 25 16 28 33 | 06
#0406-d266 @A: 12 07 16 28 | 08
#0407-d266 @A: 17 28 16 21 | 07
#0408-d266 @A: 28 16 03 13 | 03
#0409-d266 @A: 28 29 16 04 | 01
#0410-d266 @A: 16 28 20 11 | 04
#0411-d266 @A: 05 28 16 19 | 05
#0412-d266 @A: 12 16 30 14 | 12
#0413-d266 @A: 02 14 24 16 | 09
#0414-d266 @A: 15 16 14 10 | 02
#0415-d266 @A: 14 18 16 33 | 10
#0416-d266 @A: 09 16 25 14 | 11
#0417-d266 @A: 16 07 14 03 | 06
#0418-d266 @A: 17 14 31 16 | 08
#0419-d266 @A: 13 14 20 16 | 07
#0420-d266 @A: 16 06 04 14 | 03
#0421-d266 @A: 16 19 14 11 | 01
#0422-d266 @A: 16 12 35 14 | 04
#0423-d266 @A: 16 29 14 21 | 05
#0424-d266 @A: 30 29 08 16 | 12
#0425-d266 @A: 09 08 16 02 | 09
#0426-d266 @A: 08 23 10 16 | 02
#0427-d266 @A: 16 08 33 13 | 10
#0428-d266 @A: 01 25 08 16 | 11
#0429-d266 @A: 17 08 16 07 | 06
#0430-d266 @A: 16 08 15 04 | 08
#0431-d266 @A: 16 24 08 11 | 07
#0432-d266 @A: 20 03 08 16 | 03
#0433-d266 @A: 12 08 16 05 | 01
#0434-d266 @A: 16 08 21 06 | 04
#0435-d266 @A: 02 03 16 30 | 05
#0436-d266 @A: 20 16 10 30 | 12
#0437-d266 @A: 16 33 05 30 | 09
#0438-d266 @A: 18 16 25 30 | 02
#0439-d266 @A: 07 16 23 30 | 10
#0440-d266 @A: 24 16 17 30 | 11
#0441-d266 @A: 35 16 17 30 | 06
#0442-d266 @A: 30 09 13 16 | 08
#0443-d266 @A: 04 19 30 16 | 07
#0444-d266 @A: 30 21 11 16 | 03
#0445-d266 @A: 16 18 02 10 | 01
#0446-d266 @A: 34 02 16 33 | 04
#0447-d266 @A: 16 02 07 01 | 05
#0448-d266 @A: 02 21 16 13 | 12
#0449-d266 @A: 02 04 16 20 | 09
#0450-d266 @A: 02 11 05 16 | 02
#0451-d266 @A: 29 16 12 02 | 10
#0452-d266 @A: 02 06 23 16 | 11
#0453-d266 @A: 33 16 03 10 | 06
#0454-d266 @A: 16 10 05 07 | 08
#0455-d266 @A: 16 09 10 17 | 07
#0456-d266 @A: 10 01 16 13 | 03
#0457-d266 @A: 16 04 10 24 | 01
#0458-d266 @A: 16 11 31 10 | 04
#0459-d266 @A: 10 16 20 35 | 05
#0460-d266 @A: 10 12 19 16 | 12
#0461-d266 @A: 33 16 07 29 | 09
#0462-d266 @A: 17 33 12 16 | 02
#0463-d266 @A: 04 16 31 33 | 10
#0464-d266 @A: 11 16 33 15 | 11
#0465-d266 @A: 16 23 20 33 | 06
#0466-d266 @A: 19 16 21 33 | 08
#0467-d266 @A: 34 16 33 35 | 07
#0468-d266 @A: 16 25 07 34 | 03
#0469-d266 @A: 16 29 17 25 | 01
#0470-d266 @A: 25 31 16 13 | 04
#0471-d266 @A: 16 25 12 04 | 05
#0472-d266 @A: 11 16 25 03 | 12
#0473-d266 @A: 16 25 05 20 | 09
#0474-d266 @A: 16 25 35 19 | 02
#0475-d266 @A: 25 06 16 15 | 10
#0476-d266 @A: 16 21 24 25 | 11
#0477-d266 @A: 07 13 18 16 | 06
#0478-d266 @A: 16 07 04 21 | 08
#0479-d266 @A: 11 07 16 06 | 07
#0480-d266 @A: 16 11 35 07 | 03
#0481-d266 @A: 20 16 31 07 | 01
#0482-d266 @A: 07 16 24 19 | 04
#0483-d266 @A: 16 17 05 13 | 05
#0484-d266 @A: 17 18 16 04 | 12
#0485-d266 @A: 34 17 11 16 | 09
#0486-d266 @A: 17 06 16 19 | 02
#0487-d266 @A: 23 16 17 15 | 10
#0488-d266 @A: 23 04 16 13 | 11
#0489-d266 @A: 12 16 11 13 | 06
#0490-d266 @A: 13 29 24 16 | 08
#0491-d266 @A: 35 13 23 16 | 07
#0492-d266 @A: 16 11 04 35 | 03
#0493-d266 @A: 04 01 16 34 | 01
#0494-d266 @A: 01 11 16 09 | 04
#0495-d266 @A: 20 09 16 12 | 05
#0496-d266 @A: 16 20 01 24 | 12
#0497-d266 @A: 20 06 16 18 | 09
#0498-d266 @A: 16 20 15 19 | 02
#0499-d266 @A: 34 20 16 21 | 10
#0500-d266 @A: 16 06 01 12 | 11
#0501-d266 @A: 16 18 12 24 | 06
#0502-d266 @A: 16 34 12 15 | 08
#0503-d266 @A: 23 12 03 16 | 07
#0504-d266 @A: 31 12 21 16 | 03
#0505-d266 @A: 23 19 16 01 | 01
#0506-d266 @A: 15 03 16 01 | 04
#0507-d266 @A: 16 29 31 01 | 05
#0508-d266 @A: 16 01 21 05 | 12
#0509-d266 @A: 19 16 18 29 | 09
#0510-d266 @A: 21 18 15 16 | 02
#0511-d266 @A: 05 18 16 03 | 10
#0512-d266 @A: 18 16 03 35 | 11
#0513-d266 @A: 31 18 16 23 | 06
#0514-d266 @A: 18 09 34 16 | 08
#0515-d266 @A: 19 16 03 34 | 07
#0516-d266 @A: 16 31 19 09 | 03
#0517-d266 @A: 24 15 16 31 | 01
#0518-d266 @A: 29 15 16 09 | 04
#0519-d266 @A: 35 16 15 06 | 05
#0520-d266 @A: 16 24 03 09 | 12
#0521-d266 @A: 06 03 29 16 | 09
#0522-d266 @A: 16 05 34 31 | 02
#0523-d266 @A: 35 21 16 31 | 10
#0524-d266 @A: 05 23 16 24 | 11
#0525-d266 @A: 05 16 24 35 | 06
#0526-d266 @A: 06 24 34 16 | 08
#0527-d266 @A: 09 06 16 05 | 07
#0528-d266 @A: 21 23 16 09 | 03
#0529-d266 @A: 23 29 34 16 | 01
#0530-d266 @A: 28 15 32 26 | 04
#0531-d266 @A: 01 26 32 14 | 05
#0532-d266 @A: 08 32 02 26 | 12
#0533-d266 @A: 26 09 32 30 | 09
#0534-d266 @A: 20 10 32 26 | 02
#0535-d266 @A: 26 32 23 33 | 10
#0536-d266 @A: 26 19 25 32 | 11
#0537-d266 @A: 32 18 17 26 | 06
#0538-d266 @A: 17 35 26 32 | 08
#0539-d266 @A: 32 21 13 26 | 07
#0540-d266 @A: 26 24 32 04 | 03
#0541-d266 @A: 32 03 26 11 | 01
#0542-d266 @A: 31 32 26 12 | 04
#0543-d266 @A: 26 34 06 32 | 05
#0544-d266 @A: 18 28 32 14 | 12
#0545-d266 @A: 32 23 08 28 | 09
#0546-d266 @A: 32 28 21 30 | 02
#0547-d266 @A: 29 02 28 32 | 10
#0548-d266 @A: 28 32 24 10 | 11
#0549-d266 @A: 32 28 33 12 | 06
#0550-d266 @A: 07 03 28 32 | 08
#0551-d266 @A: 28 32 17 01 | 07
#0552-d266 @A: 05 32 13 28 | 03
#0553-d266 @A: 31 04 32 28 | 01
#0554-d266 @A: 06 32 11 28 | 04
#0555-d266 @A: 28 32 20 34 | 05
#0556-d266 @A: 32 28 35 19 | 12
#0557-d266 @A: 32 14 30 08 | 09
#0558-d266 @A: 15 32 14 02 | 02
#0559-d266 @A: 10 32 14 21 | 10
#0560-d266 @A: 33 14 32 29 | 11
#0561-d266 @A: 31 25 14 32 | 06
#0562-d266 @A: 07 32 19 14 | 08
#0563-d266 @A: 17 14 32 03 | 07
#0564-d266 @A: 12 32 14 13 | 03
#0565-d266 @A: 35 32 14 13 | 01
#0566-d266 @A: 14 20 32 04 | 04
#0567-d266 @A: 32 11 23 14 | 05
#0568-d266 @A: 09 32 06 14 | 12
#0569-d266 @A: 08 19 10 32 | 09
#0570-d266 @A: 10 08 35 32 | 02
#0571-d266 @A: 33 32 08 09 | 10
#0572-d266 @A: 18 32 08 25 | 11
#0573-d266 @A: 08 34 07 32 | 06
#0574-d266 @A: 29 08 32 17 | 08
#0575-d266 @A: 32 06 08 04 | 07
#0576-d266 @A: 05 11 08 32 | 03
#0577-d266 @A: 15 08 20 32 | 01
#0578-d266 @A: 12 32 21 08 | 04
#0579-d266 @A: 03 24 32 08 | 05
#0580-d266 @A: 02 20 32 30 | 12
#0581-d266 @A: 32 25 10 30 | 09
#0582-d266 @A: 32 33 30 15 | 02
#0583-d266 @A: 32 30 07 24 | 10
#0584-d266 @A: 30 17 19 32 | 11
#0585-d266 @A: 13 32 01 30 | 06
#0586-d266 @A: 05 04 32 30 | 08
#0587-d266 @A: 30 31 11 32 | 07
#0588-d266 @A: 32 30 23 12 | 03
#0589-d266 @A: 30 32 03 34 | 01
#0590-d266 @A: 35 23 30 32 | 04
#0591-d266 @A: 03 32 02 10 | 05
#0592-d266 @A: 32 33 06 02 | 12
#0593-d266 @A: 32 25 02 09 | 09
#0594-d266 @A: 02 32 07 18 | 02
#0595-d266 @A: 32 31 02 13 | 10
#0596-d266 @A: 19 04 02 32 | 11
#0597-d266 @A: 01 11 32 02 | 06
#0598-d266 @A: 24 02 32 34 | 08
#0599-d266 @A: 32 05 23 02 | 07
#0600-d266 @A: 31 32 10 33 | 03
#0601-d266 @A: 07 32 10 23 | 01
#0602-d266 @A: 05 10 17 32 | 04
#0603-d266 @A: 10 18 13 32 | 05
#0604-d266 @A: 32 04 12 10 | 12
#0605-d266 @A: 10 09 32 11 | 09
#0606-d266 @A: 15 10 34 32 | 02
#0607-d266 @A: 01 33 32 25 | 10
#0608-d266 @A: 33 07 05 32 | 11
#0609-d266 @A: 21 17 33 32 | 06
#0610-d266 @A: 20 33 32 13 | 08
#0611-d266 @A: 03 33 32 04 | 07
#0612-d266 @A: 32 11 33 34 | 03
#0613-d266 @A: 18 32 33 35 | 01
#0614-d266 @A: 25 17 32 07 | 04
#0615-d266 @A: 25 13 29 32 | 05
#0616-d266 @A: 04 32 21 25 | 12
#0617-d266 @A: 25 11 32 20 | 09
#0618-d266 @A: 35 20 25 32 | 02
#0619-d266 @A: 32 15 25 12 | 10
#0620-d266 @A: 03 25 32 06 | 11
#0621-d266 @A: 24 25 32 05 | 06
#0622-d266 @A: 15 32 13 07 | 08
#0623-d266 @A: 04 01 07 32 | 07
#0624-d266 @A: 07 32 29 11 | 03
#0625-d266 @A: 07 12 09 32 | 01
#0626-d266 @A: 32 21 31 07 | 04
#0627-d266 @A: 09 32 07 35 | 05
#0628-d266 @A: 06 13 32 17 | 12
#0629-d266 @A: 15 04 32 17 | 09
#0630-d266 @A: 11 17 32 12 | 02
#0631-d266 @A: 17 20 32 09 | 10
#0632-d266 @A: 17 32 23 24 | 11
#0633-d266 @A: 13 32 04 34 | 06
#0634-d266 @A: 11 24 32 13 | 08
#0635-d266 @A: 32 09 13 03 | 07
#0636-d266 @A: 18 32 29 04 | 03
#0637-d266 @A: 32 35 21 04 | 01
#0638-d266 @A: 32 01 11 35 | 04
#0639-d266 @A: 18 11 19 32 | 05
#0640-d266 @A: 12 20 29 32 | 12
#0641-d266 @A: 32 20 01 06 | 09
#0642-d266 @A: 24 20 18 32 | 02
#0643-d266 @A: 05 19 20 32 | 10
#0644-d266 @A: 20 32 03 31 | 11
#0645-d266 @A: 32 20 21 23 | 06
#0646-d266 @A: 24 12 01 32 | 08
#0647-d266 @A: 06 32 12 18 | 07
#0648-d266 @A: 32 12 35 18 | 03
#0649-d266 @A: 03 12 32 19 | 01
#0650-d266 @A: 34 32 05 12 | 04
#0651-d266 @A: 19 32 29 01 | 05
#0652-d266 @A: 21 15 01 32 | 12
#0653-d266 @A: 05 01 03 32 | 09
#0654-d266 @A: 23 01 32 31 | 02
#0655-d266 @A: 32 34 01 09 | 10
#0656-d266 @A: 32 03 18 15 | 11
#0657-d266 @A: 09 32 18 31 | 06
#0658-d266 @A: 18 32 05 21 | 08
#0659-d266 @A: 32 34 18 23 | 07
#0660-d266 @A: 32 15 19 31 | 03
#0661-d266 @A: 19 24 32 06 | 01
#0662-d266 @A: 23 32 19 09 | 04
#0663-d266 @A: 19 21 34 32 | 05
#0664-d266 @A: 32 24 15 29 | 12
#0665-d266 @A: 06 15 32 23 | 09
#0666-d266 @A: 35 06 32 03 | 02
#0667-d266 @A: 32 23 29 03 | 10
#0668-d266 @A: 06 32 05 31 | 11
#0669-d266 @A: 29 31 32 34 | 06
#0670-d266 @A: 31 34 32 35 | 08
#0671-d266 @A: 09 21 32 24 | 07
#0672-d266 @A: 05 09 29 32 | 03
#0673-d266 @A: 32 29 35 05 | 01
#0674-d266 @A: 21 29 32 06 | 04
#0675-d266 @A: 26 14 28 21 | 05
#0676-d266 @A: 28 08 26 24 | 12
#0677-d266 @A: 26 19 30 28 | 09
#0678-d266 @A: 02 01 28 26 | 02
#0679-d266 @A: 28 26 10 18 | 10
#0680-d266 @A: 17 33 28 26 | 11
#0681-d266 @A: 33 35 26 28 | 06
#0682-d266 @A: 26 28 09 25 | 08
#0683-d266 @A: 26 29 07 28 | 07
#0684-d266 @A: 26 28 20 13 | 03
#0685-d266 @A: 04 28 12 26 | 01
#0686-d266 @A: 34 11 28 26 | 04
#0687-d266 @A: 28 31 26 05 | 05
#0688-d266 @A: 26 03 08 14 | 12
#0689-d266 @A: 30 14 07 26 | 09
#0690-d266 @A: 12 26 14 02 | 02
#0691-d266 @A: 23 26 14 10 | 10
#0692-d266 @A: 14 19 26 33 | 11
#0693-d266 @A: 14 26 18 25 | 06
#0694-d266 @A: 13 14 09 26 | 08
#0695-d266 @A: 14 34 04 26 | 07
#0696-d266 @A: 14 26 20 11 | 03
#0697-d266 @A: 26 35 03 14 | 01
#0698-d266 @A: 14 31 26 24 | 04
#0699-d266 @A: 26 29 14 06 | 05
#0700-d266 @A: 30 08 26 18 | 12
#0701-d266 @A: 10 05 08 26 | 09
#0702-d266 @A: 12 08 33 26 | 02
#0703-d266 @A: 08 17 26 25 | 10
#0704-d266 @A: 07 31 26 08 | 11
#0705-d266 @A: 13 08 15 26 | 06
#0706-d266 @A: 08 04 26 23 | 08
#0707-d266 @A: 11 09 26 08 | 07
#0708-d266 @A: 01 06 08 26 | 03
#0709-d266 @A: 35 08 18 26 | 01
#0710-d266 @A: 34 26 21 08 | 04
#0711-d266 @A: 31 30 26 02 | 05
#0712-d266 @A: 30 10 03 26 | 12
#0713-d266 @A: 20 33 30 26 | 09
#0714-d266 @A: 24 26 25 30 | 02
#0715-d266 @A: 17 30 26 34 | 10
#0716-d266 @A: 13 06 26 30 | 11
#0717-d266 @A: 30 26 04 29 | 06
#0718-d266 @A: 11 30 26 05 | 08
#0719-d266 @A: 26 30 01 12 | 07
#0720-d266 @A: 35 26 34 30 | 03
#0721-d266 @A: 26 06 02 10 | 01
#0722-d266 @A: 26 33 05 02 | 04
#0723-d266 @A: 26 34 02 07 | 05
#0724-d266 @A: 26 35 07 02 | 12
#0725-d266 @A: 29 17 02 26 | 09
#0726-d266 @A: 18 13 26 02 | 02
#0727-d266 @A: 26 11 04 02 | 10
#0728-d266 @A: 15 20 26 02 | 11
#0729-d266 @A: 19 09 02 26 | 06
#0730-d266 @A: 21 24 02 26 | 08
#0731-d266 @A: 33 24 26 10 | 07
#0732-d266 @A: 10 26 34 25 | 03
#0733-d266 @A: 09 26 07 10 | 01
#0734-d266 @A: 17 26 10 31 | 04
#0735-d266 @A: 10 13 26 29 | 05
#0736-d266 @A: 04 15 26 10 | 12
#0737-d266 @A: 11 26 10 01 | 09
#0738-d266 @A: 26 05 35 10 | 02
#0739-d266 @A: 25 33 31 26 | 10
#0740-d266 @A: 26 33 07 13 | 11
#0741-d266 @A: 33 26 21 04 | 06
#0742-d266 @A: 29 33 11 26 | 08
#0743-d266 @A: 15 01 26 33 | 07
#0744-d266 @A: 33 26 34 03 | 03
#0745-d266 @A: 26 23 07 25 | 01
#0746-d266 @A: 12 26 13 25 | 04
#0747-d266 @A: 25 06 04 26 | 05
#0748-d266 @A: 15 11 25 26 | 12
#0749-d266 @A: 26 01 05 25 | 09
#0750-d266 @A: 29 03 26 25 | 02
#0751-d266 @A: 17 07 19 26 | 10
#0752-d266 @A: 07 26 04 20 | 11
#0753-d266 @A: 11 26 07 12 | 06
#0754-d266 @A: 05 15 07 26 | 08
#0755-d266 @A: 03 24 07 26 | 07
#0756-d266 @A: 07 21 06 26 | 03
#0757-d266 @A: 13 23 17 26 | 01
#0758-d266 @A: 04 26 17 05 | 04
#0759-d266 @A: 17 11 21 26 | 05
#0760-d266 @A: 20 17 26 03 | 12
#0761-d266 @A: 12 26 24 17 | 09
#0762-d266 @A: 17 15 26 06 | 02
#0763-d266 @A: 03 04 13 26 | 10
#0764-d266 @A: 13 26 11 31 | 11
#0765-d266 @A: 26 20 13 35 | 06
#0766-d266 @A: 13 01 26 24 | 08
#0767-d266 @A: 04 26 18 19 | 07
#0768-d266 @A: 31 35 26 04 | 03
#0769-d266 @A: 19 23 11 26 | 01
#0770-d266 @A: 26 19 35 11 | 04
#0771-d266 @A: 34 26 20 12 | 05
#0772-d266 @A: 23 26 01 20 | 12
#0773-d266 @A: 26 20 05 18 | 09
#0774-d266 @A: 21 26 20 19 | 02
#0775-d266 @A: 31 06 26 20 | 10
#0776-d266 @A: 09 26 24 20 | 11
#0777-d266 @A: 03 12 18 26 | 06
#0778-d266 @A: 12 26 06 19 | 08
#0779-d266 @A: 12 26 29 15 | 07
#0780-d266 @A: 12 31 26 35 | 03
#0781-d266 @A: 26 12 09 05 | 01
#0782-d266 @A: 21 12 26 23 | 04
#0783-d266 @A: 01 29 26 18 | 05
#0784-d266 @A: 01 19 34 26 | 12
#0785-d266 @A: 01 26 03 21 | 09
#0786-d266 @A: 01 31 09 26 | 02
#0787-d266 @A: 34 26 15 18 | 10
#0788-d266 @A: 18 26 31 21 | 11
#0789-d266 @A: 18 26 24 06 | 06
#0790-d266 @A: 09 23 26 18 | 08
#0791-d266 @A: 19 15 26 24 | 07
#0792-d266 @A: 26 03 05 19 | 03
#0793-d266 @A: 26 31 19 29 | 01
#0794-d266 @A: 23 03 26 15 | 04
#0795-d266 @A: 15 21 09 26 | 05
#0796-d266 @A: 35 15 26 29 | 12
#0797-d266 @A: 03 06 26 09 | 09
#0798-d266 @A: 31 34 26 23 | 02
#0799-d266 @A: 05 26 34 24 | 10
#0800-d266 @A: 24 26 06 35 | 11
#0801-d266 @A: 26 29 24 23 | 06
#0802-d266 @A: 35 23 26 09 | 08
#0803-d266 @A: 29 34 09 26 | 07
#0804-d266 @A: 23 26 06 05 | 03
#0805-d266 @A: 26 21 29 05 | 01
#0806-d266 @A: 14 08 12 28 | 04
#0807-d266 @A: 28 14 15 30 | 05
#0808-d266 @A: 28 35 30 14 | 12
#0809-d266 @A: 28 02 14 34 | 09
#0810-d266 @A: 10 14 28 33 | 02
#0811-d266 @A: 28 25 24 14 | 10
#0812-d266 @A: 07 14 09 28 | 11
#0813-d266 @A: 05 28 14 17 | 06
#0814-d266 @A: 19 04 28 14 | 08
#0815-d266 @A: 29 28 11 14 | 07
#0816-d266 @A: 14 20 28 31 | 03
#0817-d266 @A: 23 28 14 06 | 01
#0818-d266 @A: 30 28 01 08 | 04
#0819-d266 @A: 28 08 02 06 | 05
#0820-d266 @A: 28 08 10 31 | 12
#0821-d266 @A: 33 05 28 08 | 09
#0822-d266 @A: 03 08 28 25 | 02
#0823-d266 @A: 28 07 08 15 | 10
#0824-d266 @A: 17 08 18 28 | 11
#0825-d266 @A: 13 28 29 08 | 06
#0826-d266 @A: 04 28 20 08 | 08
#0827-d266 @A: 19 11 08 28 | 07
#0828-d266 @A: 02 09 28 30 | 03
#0829-d266 @A: 10 28 30 13 | 01
#0830-d266 @A: 28 24 33 30 | 04
#0831-d266 @A: 28 25 20 30 | 05
#0832-d266 @A: 06 30 28 07 | 12
#0833-d266 @A: 03 28 30 17 | 09
#0834-d266 @A: 04 23 30 28 | 02
#0835-d266 @A: 30 18 28 11 | 10
#0836-d266 @A: 29 12 30 28 | 11
#0837-d266 @A: 05 34 28 30 | 06
#0838-d266 @A: 35 29 30 28 | 08
#0839-d266 @A: 19 10 28 02 | 07
#0840-d266 @A: 33 03 02 28 | 03
#0841-d266 @A: 28 21 25 02 | 01
#0842-d266 @A: 28 07 31 02 | 04
#0843-d266 @A: 28 13 24 02 | 05
#0844-d266 @A: 28 02 04 05 | 12
#0845-d266 @A: 02 28 23 11 | 09
#0846-d266 @A: 02 20 18 28 | 02
#0847-d266 @A: 35 28 12 02 | 10
#0848-d266 @A: 28 10 25 23 | 11
#0849-d266 @A: 28 10 07 01 | 06
#0850-d266 @A: 28 10 17 34 | 08
#0851-d266 @A: 21 04 28 10 | 07
#0852-d266 @A: 28 10 03 11 | 03
#0853-d266 @A: 10 28 20 29 | 01
#0854-d266 @A: 12 28 10 09 | 04
#0855-d266 @A: 35 10 28 18 | 05
#0856-d266 @A: 28 21 33 07 | 12
#0857-d266 @A: 13 28 06 33 | 09
#0858-d266 @A: 33 28 04 09 | 02
#0859-d266 @A: 31 11 33 28 | 10
#0860-d266 @A: 01 23 28 33 | 11
#0861-d266 @A: 18 28 34 33 | 06
#0862-d266 @A: 28 33 29 19 | 08
#0863-d266 @A: 07 19 28 25 | 07
#0864-d266 @A: 15 28 17 25 | 03
#0865-d266 @A: 34 28 25 13 | 01
#0866-d266 @A: 04 25 01 28 | 04
#0867-d266 @A: 25 28 12 11 | 05
#0868-d266 @A: 05 28 25 18 | 12
#0869-d266 @A: 25 06 28 29 | 09
#0870-d266 @A: 23 28 25 35 | 02
#0871-d266 @A: 28 17 07 24 | 10
#0872-d266 @A: 23 13 28 07 | 11
#0873-d266 @A: 28 35 13 07 | 06
#0874-d266 @A: 04 18 28 07 | 08
#0875-d266 @A: 28 05 11 07 | 07
#0876-d266 @A: 17 28 31 13 | 03
#0877-d266 @A: 06 04 17 28 | 01
#0878-d266 @A: 28 09 11 17 | 04
#0879-d266 @A: 28 17 19 20 | 05
#0880-d266 @A: 12 28 17 23 | 12
#0881-d266 @A: 35 28 31 17 | 09
#0882-d266 @A: 13 11 04 28 | 02
#0883-d266 @A: 28 01 13 19 | 10
#0884-d266 @A: 18 13 28 09 | 11
#0885-d266 @A: 21 15 13 28 | 06
#0886-d266 @A: 28 15 03 04 | 08
#0887-d266 @A: 28 11 15 24 | 07
#0888-d266 @A: 35 11 28 15 | 03
#0889-d266 @A: 28 20 15 12 | 01
#0890-d266 @A: 01 20 03 28 | 04
#0891-d266 @A: 28 20 24 06 | 05
#0892-d266 @A: 35 20 28 24 | 12
#0893-d266 @A: 20 23 09 28 | 09
#0894-d266 @A: 21 05 20 28 | 02
#0895-d266 @A: 28 01 34 12 | 10
#0896-d266 @A: 31 12 28 18 | 11
#0897-d266 @A: 12 24 19 28 | 06
#0898-d266 @A: 05 12 28 03 | 08
#0899-d266 @A: 28 06 12 21 | 07
#0900-d266 @A: 01 18 28 21 | 03
#0901-d266 @A: 09 15 01 28 | 01
#0902-d266 @A: 31 01 28 24 | 04
#0903-d266 @A: 29 28 05 01 | 05
#0904-d266 @A: 28 01 21 35 | 12
#0905-d266 @A: 28 18 19 15 | 09
#0906-d266 @A: 03 28 18 06 | 02
#0907-d266 @A: 24 29 18 28 | 10
#0908-d266 @A: 03 19 28 23 | 11
#0909-d266 @A: 21 28 09 19 | 06
#0910-d266 @A: 06 28 34 19 | 08
#0911-d266 @A: 23 31 28 15 | 07
#0912-d266 @A: 15 06 28 05 | 03
#0913-d266 @A: 34 15 29 28 | 01
#0914-d266 @A: 03 29 28 31 | 04
#0915-d266 @A: 24 21 03 28 | 05
#0916-d266 @A: 09 28 03 34 | 12
#0917-d266 @A: 03 05 35 28 | 09
#0918-d266 @A: 09 28 06 31 | 02
#0919-d266 @A: 28 21 31 34 | 10
#0920-d266 @A: 24 09 28 05 | 11
#0921-d266 @A: 23 24 34 28 | 06
#0922-d266 @A: 09 35 06 28 | 08
#0923-d266 @A: 23 21 28 29 | 07
#0924-d266 @A: 02 14 29 08 | 03
#0925-d266 @A: 14 10 09 08 | 01
#0926-d266 @A: 23 14 33 08 | 04
#0927-d266 @A: 15 25 14 08 | 05
#0928-d266 @A: 07 05 08 14 | 12
#0929-d266 @A: 14 08 34 17 | 09
#0930-d266 @A: 31 13 08 14 | 02
#0931-d266 @A: 24 08 14 04 | 10
#0932-d266 @A: 14 01 11 08 | 11
#0933-d266 @A: 14 08 20 19 | 06
#0934-d266 @A: 14 08 18 21 | 08
#0935-d266 @A: 08 05 35 14 | 07
#0936-d266 @A: 30 06 14 02 | 03
#0937-d266 @A: 24 30 10 14 | 01
#0938-d266 @A: 14 25 05 30 | 04
#0939-d266 @A: 20 14 17 30 | 05
#0940-d266 @A: 30 21 13 14 | 12
#0941-d266 @A: 14 30 04 01 | 09
#0942-d266 @A: 09 11 14 30 | 02
#0943-d266 @A: 30 31 18 14 | 10
#0944-d266 @A: 34 19 14 30 | 11
#0945-d266 @A: 29 23 30 14 | 06
#0946-d266 @A: 10 14 31 02 | 08
#0947-d266 @A: 09 02 33 14 | 07
#0948-d266 @A: 14 03 25 02 | 03
#0949-d266 @A: 35 14 25 02 | 01
#0950-d266 @A: 14 02 23 07 | 04
#0951-d266 @A: 17 02 19 14 | 05
#0952-d266 @A: 02 13 14 01 | 12
#0953-d266 @A: 02 21 14 04 | 09
#0954-d266 @A: 14 02 18 11 | 02
#0955-d266 @A: 19 10 14 25 | 10
#0956-d266 @A: 07 12 10 14 | 11
#0957-d266 @A: 06 14 17 10 | 06
#0958-d266 @A: 14 10 11 04 | 08
#0959-d266 @A: 10 01 14 29 | 07
#0960-d266 @A: 14 18 34 10 | 03
#0961-d266 @A: 14 19 10 35 | 01
#0962-d266 @A: 03 05 10 14 | 04
#0963-d266 @A: 25 33 14 34 | 05
#0964-d266 @A: 07 24 14 33 | 12
#0965-d266 @A: 15 33 14 17 | 09
#0966-d266 @A: 13 33 14 03 | 02
#0967-d266 @A: 14 04 05 33 | 10
#0968-d266 @A: 14 33 11 12 | 11
#0969-d266 @A: 33 01 20 14 | 06
#0970-d266 @A: 33 14 21 31 | 08
#0971-d266 @A: 14 25 07 20 | 07
#0972-d266 @A: 17 12 14 25 | 03
#0973-d266 @A: 23 14 25 13 | 01
#0974-d266 @A: 29 25 14 04 | 04
#0975-d266 @A: 06 11 25 14 | 05
#0976-d266 @A: 01 07 14 17 | 12
#0977-d266 @A: 07 13 14 29 | 09
#0978-d266 @A: 14 31 07 04 | 02
#0979-d266 @A: 14 11 21 07 | 10
#0980-d266 @A: 18 06 14 07 | 11
#0981-d266 @A: 07 21 35 14 | 06
#0982-d266 @A: 13 14 17 18 | 08
#0983-d266 @A: 17 14 09 04 | 07
#0984-d266 @A: 24 17 11 14 | 03
#0985-d266 @A: 35 17 14 11 | 01
#0986-d266 @A: 17 21 23 14 | 04
#0987-d266 @A: 04 13 14 15 | 05
#0988-d266 @A: 11 05 14 13 | 12
#0989-d266 @A: 14 19 13 06 | 09
#0990-d266 @A: 24 14 34 13 | 02
#0991-d266 @A: 03 04 12 14 | 10
#0992-d266 @A: 04 35 14 09 | 11
#0993-d266 @A: 11 15 14 03 | 06
#0994-d266 @A: 14 12 06 20 | 08
#0995-d266 @A: 15 14 18 20 | 07
#0996-d266 @A: 21 20 14 03 | 03
#0997-d266 @A: 20 14 24 05 | 01
#0998-d266 @A: 29 20 09 14 | 04
#0999-d266 @A: 20 34 14 23 | 05
#1000-d266 @A: 14 12 01 23 | 12
#1001-d266 @A: 18 19 12 14 | 09
#1002-d266 @A: 05 15 12 14 | 02
#1003-d266 @A: 09 14 31 12 | 10
#1004-d266 @A: 29 14 24 12 | 11
#1005-d266 @A: 12 14 21 34 | 06
#1006-d266 @A: 18 14 05 01 | 08
#1007-d266 @A: 21 01 14 19 | 07
#1008-d266 @A: 06 14 01 15 | 03
#1009-d266 @A: 01 03 34 14 | 01
#1010-d266 @A: 09 24 14 01 | 04
#1011-d266 @A: 35 01 24 14 | 05
#1012-d266 @A: 14 35 15 18 | 12
#1013-d266 @A: 14 29 18 03 | 09
#1014-d266 @A: 23 18 24 14 | 02
#1015-d266 @A: 19 15 23 14 | 10
#1016-d266 @A: 03 14 19 09 | 11
#1017-d266 @A: 14 05 31 19 | 06
#1018-d266 @A: 15 29 31 14 | 08
#1019-d266 @A: 24 21 14 15 | 07
#1020-d266 @A: 34 09 14 15 | 03
#1021-d266 @A: 23 14 31 03 | 01
#1022-d266 @A: 14 24 03 06 | 04
#1023-d266 @A: 34 06 31 14 | 05
#1024-d266 @A: 31 35 29 14 | 12
#1025-d266 @A: 05 09 14 23 | 09
#1026-d266 @A: 21 14 06 05 | 02
#1027-d266 @A: 29 05 14 34 | 10
#1028-d266 @A: 23 14 35 34 | 11
#1029-d266 @A: 08 02 30 24 | 06
#1030-d266 @A: 30 15 10 08 | 08
#1031-d266 @A: 31 08 30 33 | 07
#1032-d266 @A: 09 08 30 25 | 03
#1033-d266 @A: 20 07 08 30 | 01
#1034-d266 @A: 08 17 05 30 | 04
#1035-d266 @A: 13 30 08 23 | 05
#1036-d266 @A: 21 08 30 04 | 12
#1037-d266 @A: 30 11 34 08 | 09
#1038-d266 @A: 20 30 08 35 | 02
#1039-d266 @A: 08 12 19 30 | 10
#1040-d266 @A: 08 01 02 10 | 11
#1041-d266 @A: 33 02 15 08 | 06
#1042-d266 @A: 02 08 25 07 | 08
#1043-d266 @A: 31 08 17 02 | 07
#1044-d266 @A: 08 02 19 13 | 03
#1045-d266 @A: 02 08 04 12 | 01
#1046-d266 @A: 11 21 02 08 | 04
#1047-d266 @A: 02 08 03 18 | 05
#1048-d266 @A: 02 34 05 08 | 12
#1049-d266 @A: 08 06 02 35 | 09
#1050-d266 @A: 33 10 08 18 | 02
#1051-d266 @A: 21 08 10 25 | 10
#1052-d266 @A: 06 07 10 08 | 11
#1053-d266 @A: 08 10 24 17 | 06
#1054-d266 @A: 20 13 08 10 | 08
#1055-d266 @A: 10 08 04 34 | 07
#1056-d266 @A: 11 10 12 08 | 03
#1057-d266 @A: 08 29 33 25 | 01
#1058-d266 @A: 07 08 01 33 | 04
#1059-d266 @A: 08 33 17 06 | 05
#1060-d266 @A: 04 33 08 19 | 12
#1061-d266 @A: 33 08 03 11 | 09
#1062-d266 @A: 08 20 33 34 | 02
#1063-d266 @A: 05 25 08 13 | 10
#1064-d266 @A: 11 08 25 04 | 11
#1065-d266 @A: 04 25 08 35 | 06
#1066-d266 @A: 06 20 25 08 | 08
#1067-d266 @A: 08 25 24 12 | 07
#1068-d266 @A: 25 23 08 31 | 03
#1069-d266 @A: 08 13 07 21 | 01
#1070-d266 @A: 08 29 04 07 | 04
#1071-d266 @A: 23 08 07 11 | 05
#1072-d266 @A: 08 18 24 07 | 12
#1073-d266 @A: 03 19 07 08 | 09
#1074-d266 @A: 35 07 08 34 | 02
#1075-d266 @A: 13 08 09 17 | 10
#1076-d266 @A: 04 03 08 17 | 11
#1077-d266 @A: 20 08 17 11 | 06
#1078-d266 @A: 08 21 17 01 | 08
#1079-d266 @A: 17 19 15 08 | 07
#1080-d266 @A: 35 08 24 17 | 03
#1081-d266 @A: 08 04 13 18 | 01
#1082-d266 @A: 13 06 08 11 | 04
#1083-d266 @A: 34 13 12 08 | 05
#1084-d266 @A: 08 13 35 12 | 12
#1085-d266 @A: 03 13 01 08 | 09
#1086-d266 @A: 09 08 04 31 | 02
#1087-d266 @A: 11 31 29 08 | 10
#1088-d266 @A: 34 08 11 35 | 11
#1089-d266 @A: 08 12 31 20 | 06
#1090-d266 @A: 05 20 08 01 | 08
#1091-d266 @A: 18 20 08 09 | 07
#1092-d266 @A: 08 23 20 24 | 03
#1093-d266 @A: 20 29 21 08 | 01
#1094-d266 @A: 08 12 01 29 | 04
#1095-d266 @A: 15 12 18 08 | 05
#1096-d266 @A: 08 03 09 12 | 12
#1097-d266 @A: 06 08 23 12 | 09
#1098-d266 @A: 18 23 08 01 | 02
#1099-d266 @A: 08 01 19 09 | 10
#1100-d266 @A: 08 15 01 24 | 11
#1101-d266 @A: 31 08 34 01 | 06
#1102-d266 @A: 01 09 35 08 | 08
#1103-d266 @A: 08 19 18 31 | 07
#1104-d266 @A: 05 18 08 06 | 03
#1105-d266 @A: 08 18 29 34 | 01
#1106-d266 @A: 08 21 24 19 | 04
#1107-d266 @A: 19 06 08 29 | 05
#1108-d266 @A: 08 34 23 19 | 12
#1109-d266 @A: 15 03 29 08 | 09
#1110-d266 @A: 31 08 21 15 | 02
#1111-d266 @A: 15 09 08 06 | 10
#1112-d266 @A: 23 15 08 05 | 11
#1113-d266 @A: 21 15 35 08 | 06
#1114-d266 @A: 03 31 08 05 | 08
#1115-d266 @A: 34 08 06 03 | 07
#1116-d266 @A: 08 03 21 23 | 03
#1117-d266 @A: 08 35 03 29 | 01
#1118-d266 @A: 06 24 31 08 | 04
#1119-d266 @A: 31 23 08 35 | 05
#1120-d266 @A: 09 08 34 24 | 12
#1121-d266 @A: 08 24 05 29 | 09
#1122-d266 @A: 09 08 21 05 | 02
#1123-d266 @A: 29 23 08 09 | 10
#1124-d266 @A: 02 30 10 07 | 11
#1125-d266 @A: 33 29 30 02 | 06
#1126-d266 @A: 30 02 34 25 | 08
#1127-d266 @A: 02 30 17 01 | 07
#1128-d266 @A: 05 30 13 02 | 03
#1129-d266 @A: 04 18 30 02 | 01
#1130-d266 @A: 12 02 11 30 | 04
#1131-d266 @A: 02 05 30 35 | 05
#1132-d266 @A: 23 21 02 30 | 12
#1133-d266 @A: 06 30 33 10 | 09
#1134-d266 @A: 10 17 21 30 | 02
#1135-d266 @A: 31 30 04 10 | 10
#1136-d266 @A: 10 29 11 30 | 11
#1137-d266 @A: 01 19 10 30 | 06
#1138-d266 @A: 18 23 30 10 | 08
#1139-d266 @A: 09 10 30 34 | 07
#1140-d266 @A: 35 10 06 30 | 03
#1141-d266 @A: 33 23 30 25 | 01
#1142-d266 @A: 12 07 33 30 | 04
#1143-d266 @A: 30 09 33 17 | 05
#1144-d266 @A: 30 35 13 33 | 12
#1145-d266 @A: 34 04 30 33 | 09
#1146-d266 @A: 33 19 11 30 | 02
#1147-d266 @A: 33 30 21 01 | 10
#1148-d266 @A: 03 33 18 30 | 11
#1149-d266 @A: 25 07 30 31 | 06
#1150-d266 @A: 06 25 17 30 | 08
#1151-d266 @A: 13 30 19 25 | 07
#1152-d266 @A: 03 04 30 25 | 03
#1153-d266 @A: 11 01 30 25 | 01
#1154-d266 @A: 15 35 25 30 | 04
#1155-d266 @A: 21 29 30 25 | 05
#1156-d266 @A: 07 30 17 15 | 12
#1157-d266 @A: 07 13 34 30 | 09
#1158-d266 @A: 07 30 09 04 | 02
#1159-d266 @A: 04 07 35 30 | 10
#1160-d266 @A: 11 30 03 07 | 11
#1161-d266 @A: 05 30 07 18 | 06
#1162-d266 @A: 21 07 30 19 | 08
#1163-d266 @A: 13 17 29 30 | 07
#1164-d266 @A: 04 12 17 30 | 03
#1165-d266 @A: 11 30 17 23 | 01
#1166-d266 @A: 20 13 30 04 | 04
#1167-d266 @A: 15 13 30 11 | 05
#1168-d266 @A: 30 18 13 12 | 12
#1169-d266 @A: 31 13 30 03 | 09
#1170-d266 @A: 04 15 30 24 | 02
#1171-d266 @A: 06 30 11 24 | 10
#1172-d266 @A: 11 09 30 35 | 11
#1173-d266 @A: 20 12 30 21 | 06
#1174-d266 @A: 01 20 29 30 | 08
#1175-d266 @A: 20 30 34 18 | 07
#1176-d266 @A: 19 30 20 09 | 03
#1177-d266 @A: 30 20 06 15 | 01
#1178-d266 @A: 20 05 03 30 | 04
#1179-d266 @A: 20 23 31 30 | 05
#1180-d266 @A: 35 30 12 01 | 12
#1181-d266 @A: 15 09 12 30 | 09
#1182-d266 @A: 03 12 24 30 | 02
#1183-d266 @A: 31 30 34 12 | 10
#1184-d266 @A: 05 06 12 30 | 11
#1185-d266 @A: 24 18 01 30 | 06
#1186-d266 @A: 15 30 31 01 | 08
#1187-d266 @A: 09 30 03 01 | 07
#1188-d266 @A: 23 01 30 05 | 03
#1189-d266 @A: 30 06 01 34 | 01
#1190-d266 @A: 06 18 19 30 | 04
#1191-d266 @A: 18 35 30 19 | 05
#1192-d266 @A: 15 30 18 29 | 12
#1193-d266 @A: 18 21 09 30 | 09
#1194-d266 @A: 05 15 19 30 | 02
#1195-d266 @A: 03 19 29 30 | 10
#1196-d266 @A: 19 24 30 23 | 11
#1197-d266 @A: 21 30 15 03 | 06
#1198-d266 @A: 34 30 23 15 | 08
#1199-d266 @A: 23 03 06 30 | 07
#1200-d266 @A: 30 24 09 31 | 03
#1201-d266 @A: 31 29 30 05 | 01
#1202-d266 @A: 21 06 31 30 | 04
#1203-d266 @A: 21 05 30 24 | 05
#1204-d266 @A: 34 30 24 29 | 12
#1205-d266 @A: 35 30 21 24 | 09
#1206-d266 @A: 29 09 30 06 | 02
#1207-d266 @A: 02 21 33 10 | 10
#1208-d266 @A: 25 02 10 05 | 11
#1209-d266 @A: 13 02 15 10 | 06
#1210-d266 @A: 29 10 04 02 | 08
#1211-d266 @A: 02 04 35 10 | 07
#1212-d266 @A: 24 02 11 10 | 03
#1213-d266 @A: 20 10 02 23 | 01
#1214-d266 @A: 12 02 10 34 | 04
#1215-d266 @A: 25 24 33 02 | 05
#1216-d266 @A: 19 07 02 33 | 12
#1217-d266 @A: 02 18 33 17 | 09
#1218-d266 @A: 17 02 33 35 | 02
#1219-d266 @A: 13 12 33 02 | 10
#1220-d266 @A: 23 33 04 02 | 11
#1221-d266 @A: 20 02 33 11 | 06
#1222-d266 @A: 23 25 02 17 | 08
#1223-d266 @A: 25 20 13 02 | 07
#1224-d266 @A: 25 04 31 02 | 03
#1225-d266 @A: 02 25 19 11 | 01
#1226-d266 @A: 25 12 18 02 | 04
#1227-d266 @A: 15 29 25 02 | 05
#1228-d266 @A: 07 02 17 09 | 12
#1229-d266 @A: 04 02 07 03 | 09
#1230-d266 @A: 07 15 02 11 | 02
#1231-d266 @A: 20 02 07 06 | 10
#1232-d266 @A: 12 21 07 02 | 11
#1233-d266 @A: 24 05 07 02 | 06
#1234-d266 @A: 02 13 34 17 | 08
#1235-d266 @A: 17 24 02 04 | 07
#1236-d266 @A: 02 17 11 06 | 03
#1237-d266 @A: 05 20 17 02 | 01
#1238-d266 @A: 02 12 15 17 | 04
#1239-d266 @A: 02 21 03 17 | 05
#1240-d266 @A: 06 13 02 04 | 12
#1241-d266 @A: 11 13 29 02 | 09
#1242-d266 @A: 23 03 02 13 | 02
#1243-d266 @A: 02 13 31 35 | 10
#1244-d266 @A: 01 02 09 04 | 11
#1245-d266 @A: 09 31 02 11 | 06
#1246-d266 @A: 11 29 02 35 | 08
#1247-d266 @A: 20 12 02 01 | 07
#1248-d266 @A: 19 02 20 24 | 03
#1249-d266 @A: 29 02 03 20 | 01
#1250-d266 @A: 03 02 20 35 | 04
#1251-d266 @A: 20 02 31 34 | 05
#1252-d266 @A: 09 02 21 20 | 12
#1253-d266 @A: 05 02 19 12 | 09
#1254-d266 @A: 12 31 03 02 | 02
#1255-d266 @A: 23 02 12 24 | 10
#1256-d266 @A: 02 09 06 12 | 11
#1257-d266 @A: 01 18 34 02 | 06
#1258-d266 @A: 31 01 02 19 | 08
#1259-d266 @A: 01 23 02 15 | 07
#1260-d266 @A: 01 15 02 35 | 03
#1261-d266 @A: 03 02 01 24 | 01
#1262-d266 @A: 01 06 02 05 | 04
#1263-d266 @A: 21 01 02 29 | 05
#1264-d266 @A: 02 19 23 18 | 12
#1265-d266 @A: 05 02 15 18 | 09
#1266-d266 @A: 02 31 24 18 | 02
#1267-d266 @A: 09 02 18 29 | 10
#1268-d266 @A: 02 19 15 21 | 11
#1269-d266 @A: 02 19 06 03 | 06
#1270-d266 @A: 02 24 35 19 | 08
#1271-d266 @A: 19 34 02 29 | 07
#1272-d266 @A: 15 03 02 34 | 03
#1273-d266 @A: 15 06 02 31 | 01
#1274-d266 @A: 02 15 09 24 | 04
#1275-d266 @A: 09 05 02 03 | 05
#1276-d266 @A: 31 02 05 21 | 12
#1277-d266 @A: 02 31 23 29 | 09
#1278-d266 @A: 02 24 06 29 | 02
#1279-d266 @A: 34 23 02 09 | 10
#1280-d266 @A: 09 23 02 35 | 11
#1281-d266 @A: 02 21 06 34 | 06
#1282-d266 @A: 02 21 06 35 | 08
#1283-d266 @A: 10 25 12 33 | 07
#1284-d266 @A: 33 07 34 10 | 03
#1285-d266 @A: 17 29 10 33 | 01
#1286-d266 @A: 05 33 13 10 | 04
#1287-d266 @A: 01 33 10 04 | 05
#1288-d266 @A: 23 10 11 33 | 12
#1289-d266 @A: 10 33 09 20 | 09
#1290-d266 @A: 19 10 15 33 | 02
#1291-d266 @A: 33 35 29 10 | 10
#1292-d266 @A: 25 07 10 29 | 11
#1293-d266 @A: 10 17 03 25 | 06
#1294-d266 @A: 13 10 25 06 | 08
#1295-d266 @A: 20 25 10 04 | 07
#1296-d266 @A: 11 10 25 18 | 03
#1297-d266 @A: 01 25 10 15 | 01
#1298-d266 @A: 25 03 35 10 | 04
#1299-d266 @A: 10 09 25 24 | 05
#1300-d266 @A: 07 17 10 18 | 12
#1301-d266 @A: 13 10 07 03 | 09
#1302-d266 @A: 19 04 07 10 | 02
#1303-d266 @A: 07 11 10 20 | 10
#1304-d266 @A: 31 10 15 07 | 11
#1305-d266 @A: 10 07 35 31 | 06
#1306-d266 @A: 13 10 17 19 | 08
#1307-d266 @A: 13 17 10 35 | 07
#1308-d266 @A: 23 17 10 04 | 03
#1309-d266 @A: 11 10 15 17 | 01
#1310-d266 @A: 17 12 01 10 | 04
#1311-d266 @A: 13 04 09 10 | 05
#1312-d266 @A: 10 34 13 11 | 12
#1313-d266 @A: 12 13 31 10 | 09
#1314-d266 @A: 13 24 10 23 | 02
#1315-d266 @A: 10 04 06 05 | 10
#1316-d266 @A: 11 05 10 21 | 11
#1317-d266 @A: 10 20 12 05 | 06
#1318-d266 @A: 10 20 01 31 | 08
#1319-d266 @A: 19 10 20 18 | 07
#1320-d266 @A: 21 20 15 10 | 03
#1321-d266 @A: 10 24 20 03 | 01
#1322-d266 @A: 34 06 20 10 | 04
#1323-d266 @A: 18 21 10 12 | 05
#1324-d266 @A: 03 12 10 15 | 12
#1325-d266 @A: 06 24 12 10 | 09
#1326-d266 @A: 10 09 12 35 | 02
#1327-d266 @A: 29 23 10 12 | 10
#1328-d266 @A: 18 01 03 10 | 11
#1329-d266 @A: 24 10 01 21 | 06
#1330-d266 @A: 09 01 06 10 | 08
#1331-d266 @A: 34 05 10 01 | 07
#1332-d266 @A: 10 15 18 09 | 03
#1333-d266 @A: 31 10 18 06 | 01
#1334-d266 @A: 18 29 10 05 | 04
#1335-d266 @A: 10 19 15 35 | 05
#1336-d266 @A: 31 03 19 10 | 12
#1337-d266 @A: 24 19 34 10 | 09
#1338-d266 @A: 19 09 05 10 | 02
#1339-d266 @A: 10 19 06 23 | 10
#1340-d266 @A: 29 19 21 10 | 11
#1341-d266 @A: 10 05 15 24 | 06
#1342-d266 @A: 29 15 10 06 | 08
#1343-d266 @A: 23 09 03 10 | 07
#1344-d266 @A: 21 10 03 06 | 03
#1345-d266 @A: 29 03 34 10 | 01
#1346-d266 @A: 31 24 29 10 | 04
#1347-d266 @A: 21 31 09 10 | 05
#1348-d266 @A: 10 31 23 05 | 12
#1349-d266 @A: 23 24 35 10 | 09
#1350-d266 @A: 10 34 23 21 | 02
#1351-d266 @A: 35 10 21 34 | 10
#1352-d266 @A: 06 25 07 33 | 11
#1353-d266 @A: 25 19 17 33 | 06
#1354-d266 @A: 25 33 15 13 | 08
#1355-d266 @A: 25 33 18 04 | 07
#1356-d266 @A: 25 33 21 11 | 03
#1357-d266 @A: 03 33 09 25 | 01
#1358-d266 @A: 33 09 35 25 | 04
#1359-d266 @A: 07 33 31 17 | 05
#1360-d266 @A: 07 15 04 33 | 12
#1361-d266 @A: 09 33 11 07 | 09
#1362-d266 @A: 33 07 18 20 | 02
#1363-d266 @A: 07 33 35 06 | 10
#1364-d266 @A: 17 24 13 33 | 11
#1365-d266 @A: 04 33 20 17 | 06
#1366-d266 @A: 33 11 17 01 | 08
#1367-d266 @A: 23 03 17 33 | 07
#1368-d266 @A: 13 33 29 04 | 03
#1369-d266 @A: 11 33 13 18 | 01
#1370-d266 @A: 13 33 31 01 | 04
#1371-d266 @A: 33 19 13 34 | 05
#1372-d266 @A: 23 09 13 33 | 12
#1373-d266 @A: 35 01 33 04 | 09
#1374-d266 @A: 04 06 24 33 | 02
#1375-d266 @A: 35 11 33 03 | 10
#1376-d266 @A: 06 05 33 11 | 11
#1377-d266 @A: 33 20 12 03 | 06
#1378-d266 @A: 20 31 33 19 | 08
#1379-d266 @A: 24 15 20 33 | 07
#1380-d266 @A: 20 33 29 05 | 03
#1381-d266 @A: 06 21 33 20 | 01
#1382-d266 @A: 33 20 21 35 | 04
#1383-d266 @A: 33 19 12 01 | 05
#1384-d266 @A: 33 12 09 18 | 12
#1385-d266 @A: 19 35 33 12 | 09
#1386-d266 @A: 21 15 33 12 | 02
#1387-d266 @A: 31 33 12 23 | 10
#1388-d266 @A: 12 33 24 05 | 11
#1389-d266 @A: 12 29 34 33 | 06
#1390-d266 @A: 01 18 33 06 | 08
#1391-d266 @A: 29 03 01 33 | 07
#1392-d266 @A: 33 34 24 01 | 03
#1393-d266 @A: 09 33 05 01 | 01
#1394-d266 @A: 18 19 33 24 | 04
#1395-d266 @A: 18 15 33 23 | 05
#1396-d266 @A: 33 05 31 18 | 12
#1397-d266 @A: 18 21 29 33 | 09
#1398-d266 @A: 33 06 19 09 | 02
#1399-d266 @A: 33 05 23 19 | 10
#1400-d266 @A: 03 06 33 15 | 11
#1401-d266 @A: 33 15 31 09 | 06
#1402-d266 @A: 35 33 15 24 | 08
#1403-d266 @A: 05 33 34 15 | 07
#1404-d266 @A: 33 31 03 24 | 03
#1405-d266 @A: 05 33 03 21 | 01
#1406-d266 @A: 33 35 31 05 | 04
#1407-d266 @A: 29 06 31 33 | 05
#1408-d266 @A: 24 33 29 09 | 12
#1409-d266 @A: 23 24 21 33 | 09
#1410-d266 @A: 34 09 21 33 | 02
#1411-d266 @A: 23 34 06 33 | 10
#1412-d266 @A: 21 35 23 33 | 11
#1413-d266 @A: 07 01 25 13 | 06
#1414-d266 @A: 07 05 25 04 | 08
#1415-d266 @A: 11 24 07 25 | 07
#1416-d266 @A: 15 25 07 18 | 03
#1417-d266 @A: 21 25 07 09 | 01
#1418-d266 @A: 25 07 05 35 | 04
#1419-d266 @A: 13 21 17 25 | 05
#1420-d266 @A: 17 34 25 04 | 12
#1421-d266 @A: 17 11 31 25 | 09
#1422-d266 @A: 17 25 01 20 | 02
#1423-d266 @A: 12 35 17 25 | 10
#1424-d266 @A: 17 25 05 09 | 11
#1425-d266 @A: 25 04 13 24 | 06
#1426-d266 @A: 25 09 11 13 | 08
#1427-d266 @A: 25 11 35 13 | 07
#1428-d266 @A: 25 18 35 04 | 03
#1429-d266 @A: 19 23 04 25 | 01
#1430-d266 @A: 34 25 11 23 | 04
#1431-d266 @A: 25 23 12 20 | 05
#1432-d266 @A: 20 25 21 18 | 12
#1433-d266 @A: 29 25 20 19 | 09
#1434-d266 @A: 15 25 20 09 | 02
#1435-d266 @A: 25 20 34 03 | 10
#1436-d266 @A: 20 24 25 31 | 11
#1437-d266 @A: 25 12 01 03 | 06
#1438-d266 @A: 25 21 19 12 | 08
#1439-d266 @A: 31 25 12 06 | 07
#1440-d266 @A: 25 34 12 09 | 03
#1441-d266 @A: 29 12 25 05 | 01
#1442-d266 @A: 01 31 25 18 | 04
#1443-d266 @A: 01 25 24 19 | 05
#1444-d266 @A: 24 01 35 25 | 12
#1445-d266 @A: 01 09 23 25 | 09
#1446-d266 @A: 01 25 21 06 | 02
#1447-d266 @A: 25 01 34 29 | 10
#1448-d266 @A: 19 09 18 25 | 11
#1449-d266 @A: 18 24 03 25 | 06
#1450-d266 @A: 25 34 06 18 | 08
#1451-d266 @A: 18 25 29 23 | 07
#1452-d266 @A: 19 25 03 15 | 03
#1453-d266 @A: 31 34 19 25 | 01
#1454-d266 @A: 06 05 19 25 | 04
#1455-d266 @A: 25 15 31 05 | 05
#1456-d266 @A: 25 24 34 15 | 12
#1457-d266 @A: 23 15 25 21 | 09
#1458-d266 @A: 31 03 21 25 | 02
#1459-d266 @A: 25 05 03 23 | 10
#1460-d266 @A: 29 09 31 25 | 11
#1461-d266 @A: 06 25 24 23 | 06
#1462-d266 @A: 21 25 05 34 | 08
#1463-d266 @A: 25 06 34 35 | 07
#1464-d266 @A: 25 35 29 21 | 03
#1465-d266 @A: 17 07 20 13 | 01
#1466-d266 @A: 17 07 11 04 | 04
#1467-d266 @A: 07 05 17 12 | 05
#1468-d266 @A: 06 03 17 07 | 12
#1469-d266 @A: 03 17 07 35 | 09
#1470-d266 @A: 07 34 29 17 | 02
#1471-d266 @A: 07 04 12 13 | 10
#1472-d266 @A: 11 19 07 13 | 11
#1473-d266 @A: 13 07 31 06 | 06
#1474-d266 @A: 24 09 07 13 | 08
#1475-d266 @A: 34 23 04 07 | 07
#1476-d266 @A: 11 01 07 34 | 03
#1477-d266 @A: 07 19 20 12 | 01
#1478-d266 @A: 01 20 21 07 | 04
#1479-d266 @A: 15 20 07 29 | 05
#1480-d266 @A: 23 20 07 03 | 12
#1481-d266 @A: 34 07 24 20 | 09
#1482-d266 @A: 09 05 20 07 | 02
#1483-d266 @A: 12 15 07 01 | 10
#1484-d266 @A: 07 12 23 18 | 11
#1485-d266 @A: 35 07 15 12 | 06
#1486-d266 @A: 03 34 07 12 | 08
#1487-d266 @A: 31 07 12 24 | 07
#1488-d266 @A: 07 29 06 12 | 03
#1489-d266 @A: 18 09 07 01 | 01
#1490-d266 @A: 07 05 19 01 | 04
#1491-d266 @A: 01 19 35 07 | 05
#1492-d266 @A: 31 07 01 03 | 12
#1493-d266 @A: 06 01 24 07 | 09
#1494-d266 @A: 07 01 29 23 | 02
#1495-d266 @A: 34 19 18 07 | 10
#1496-d266 @A: 03 07 21 18 | 11
#1497-d266 @A: 18 07 31 29 | 06
#1498-d266 @A: 19 15 07 06 | 08
#1499-d266 @A: 23 31 19 07 | 07
#1500-d266 @A: 07 09 29 19 | 03
#1501-d266 @A: 07 03 15 09 | 01
#1502-d266 @A: 23 24 15 07 | 04
#1503-d266 @A: 35 07 23 15 | 05
#1504-d266 @A: 21 07 34 15 | 12
#1505-d266 @A: 03 07 29 05 | 09
#1506-d266 @A: 34 31 09 07 | 02
#1507-d266 @A: 29 07 24 21 | 10
#1508-d266 @A: 35 29 07 24 | 11
#1509-d266 @A: 07 23 09 06 | 06
#1510-d266 @A: 05 34 07 06 | 08
#1511-d266 @A: 21 05 23 07 | 07
#1512-d266 @A: 04 01 17 13 | 03
#1513-d266 @A: 11 13 03 17 | 01
#1514-d266 @A: 17 04 31 29 | 04
#1515-d266 @A: 11 17 29 18 | 05
#1516-d266 @A: 20 17 18 12 | 12
#1517-d266 @A: 20 34 15 17 | 09
#1518-d266 @A: 17 21 20 31 | 02
#1519-d266 @A: 20 17 24 29 | 10
#1520-d266 @A: 20 06 23 17 | 11
#1521-d266 @A: 17 35 20 23 | 06
#1522-d266 @A: 12 17 31 19 | 08
#1523-d266 @A: 12 17 29 03 | 07
#1524-d266 @A: 09 12 21 17 | 03
#1525-d266 @A: 12 34 17 06 | 01
#1526-d266 @A: 17 21 35 12 | 04
#1527-d266 @A: 18 01 17 19 | 05
#1528-d266 @A: 15 01 05 17 | 12
#1529-d266 @A: 06 17 31 01 | 09
#1530-d266 @A: 17 01 29 09 | 02
#1531-d266 @A: 06 35 01 17 | 10
#1532-d266 @A: 17 23 01 34 | 11
#1533-d266 @A: 17 18 15 24 | 06
#1534-d266 @A: 18 17 03 09 | 08
#1535-d266 @A: 17 34 18 31 | 07
#1536-d266 @A: 05 17 23 18 | 03
#1537-d266 @A: 06 18 17 21 | 01
#1538-d266 @A: 35 18 34 17 | 04
#1539-d266 @A: 19 24 03 17 | 05
#1540-d266 @A: 09 17 34 19 | 12
#1541-d266 @A: 19 35 09 17 | 09
#1542-d266 @A: 17 19 05 21 | 02
#1543-d266 @A: 29 17 19 23 | 10
#1544-d266 @A: 15 03 31 17 | 11
#1545-d266 @A: 15 35 05 17 | 06
#1546-d266 @A: 17 21 29 15 | 08
#1547-d266 @A: 34 17 03 05 | 07
#1548-d266 @A: 17 31 24 05 | 03
#1549-d266 @A: 31 17 23 09 | 01
#1550-d266 @A: 17 24 06 09 | 04
#1551-d266 @A: 21 34 17 24 | 05
#1552-d266 @A: 17 06 05 29 | 12
#1553-d266 @A: 35 15 04 13 | 09
#1554-d266 @A: 13 21 04 05 | 02
#1555-d266 @A: 21 20 13 11 | 10
#1556-d266 @A: 20 12 13 24 | 11
#1557-d266 @A: 01 20 13 34 | 06
#1558-d266 @A: 18 20 13 23 | 08
#1559-d266 @A: 19 20 13 03 | 07
#1560-d266 @A: 05 15 13 20 | 03
#1561-d266 @A: 13 31 20 29 | 01
#1562-d266 @A: 20 09 13 06 | 04
#1563-d266 @A: 13 12 05 01 | 05
#1564-d266 @A: 19 23 12 13 | 12
#1565-d266 @A: 12 13 06 15 | 09
#1566-d266 @A: 21 12 13 03 | 02
#1567-d266 @A: 09 29 13 12 | 10
#1568-d266 @A: 13 01 15 18 | 11
#1569-d266 @A: 01 03 35 13 | 06
#1570-d266 @A: 01 09 21 13 | 08
#1571-d266 @A: 13 01 23 06 | 07
#1572-d266 @A: 18 13 21 19 | 03
#1573-d266 @A: 34 18 03 13 | 01
#1574-d266 @A: 05 13 24 18 | 04
#1575-d266 @A: 29 13 06 18 | 05
#1576-d266 @A: 18 13 29 35 | 12
#1577-d266 @A: 19 15 13 09 | 09
#1578-d266 @A: 24 19 31 13 | 02
#1579-d266 @A: 13 19 29 05 | 10
#1580-d266 @A: 13 35 21 19 | 11
#1581-d266 @A: 03 15 13 24 | 06
#1582-d266 @A: 31 13 34 15 | 08
#1583-d266 @A: 23 29 13 15 | 07
#1584-d266 @A: 03 13 05 06 | 03
#1585-d266 @A: 13 35 03 34 | 01
#1586-d266 @A: 05 31 09 13 | 04
#1587-d266 @A: 31 21 23 13 | 05
#1588-d266 @A: 13 06 21 24 | 12
#1589-d266 @A: 35 13 09 05 | 09
#1590-d266 @A: 23 34 13 05 | 02
#1591-d266 @A: 34 13 29 21 | 10
#1592-d266 @A: 04 11 20 24 | 11
#1593-d266 @A: 11 12 06 04 | 06
#1594-d266 @A: 11 04 18 01 | 08
#1595-d266 @A: 11 04 19 09 | 07
#1596-d266 @A: 11 21 04 15 | 03
#1597-d266 @A: 03 04 05 11 | 01
#1598-d266 @A: 11 31 23 04 | 04
#1599-d266 @A: 04 11 34 29 | 05
#1600-d266 @A: 04 35 12 20 | 12
#1601-d266 @A: 04 19 01 20 | 09
#1602-d266 @A: 03 04 20 18 | 02
#1603-d266 @A: 15 04 20 23 | 10
#1604-d266 @A: 04 05 31 20 | 11
#1605-d266 @A: 04 20 09 34 | 06
#1606-d266 @A: 04 20 06 29 | 08
#1607-d266 @A: 31 12 04 01 | 07
#1608-d266 @A: 12 04 05 18 | 03
#1609-d266 @A: 15 12 04 19 | 01
#1610-d266 @A: 34 12 24 04 | 04
#1611-d266 @A: 04 09 23 12 | 05
#1612-d266 @A: 12 21 29 04 | 12
#1613-d266 @A: 29 15 01 04 | 09
#1614-d266 @A: 04 03 06 01 | 02
#1615-d266 @A: 04 01 05 24 | 10
#1616-d266 @A: 21 01 04 23 | 11
#1617-d266 @A: 04 18 15 31 | 06
#1618-d266 @A: 04 18 09 24 | 08
#1619-d266 @A: 06 18 23 04 | 07
#1620-d266 @A: 18 04 21 34 | 03
#1621-d266 @A: 03 04 21 19 | 01
#1622-d266 @A: 19 06 31 04 | 04
#1623-d266 @A: 04 19 24 29 | 05
#1624-d266 @A: 05 19 04 34 | 12
#1625-d266 @A: 34 35 04 19 | 09
#1626-d266 @A: 04 09 05 15 | 02
#1627-d266 @A: 06 34 15 04 | 10
#1628-d266 @A: 34 03 31 04 | 11
#1629-d266 @A: 03 23 04 24 | 06
#1630-d266 @A: 03 35 04 24 | 08
#1631-d266 @A: 04 29 03 09 | 07
#1632-d266 @A: 31 21 04 24 | 03
#1633-d266 @A: 06 21 04 09 | 01
#1634-d266 @A: 35 04 05 06 | 04
#1635-d266 @A: 05 23 29 04 | 05
#1636-d266 @A: 04 23 35 29 | 12
#1637-d266 @A: 01 11 20 15 | 09
#1638-d266 @A: 18 31 20 11 | 02
#1639-d266 @A: 20 11 06 19 | 10
#1640-d266 @A: 09 03 20 11 | 11
#1641-d266 @A: 34 05 11 20 | 06
#1642-d266 @A: 11 20 35 05 | 08
#1643-d266 @A: 23 20 11 29 | 07
#1644-d266 @A: 01 21 12 11 | 03
#1645-d266 @A: 34 18 11 12 | 01
#1646-d266 @A: 12 19 11 29 | 04
#1647-d266 @A: 31 12 11 15 | 05
#1648-d266 @A: 09 11 24 12 | 12
#1649-d266 @A: 35 12 24 11 | 09
#1650-d266 @A: 05 23 11 12 | 02
#1651-d266 @A: 19 01 11 03 | 10
#1652-d266 @A: 31 11 01 05 | 11
#1653-d266 @A: 11 23 24 01 | 06
#1654-d266 @A: 29 06 11 01 | 08
#1655-d266 @A: 11 18 15 06 | 07
#1656-d266 @A: 23 03 11 18 | 03
#1657-d266 @A: 18 21 11 24 | 01
#1658-d266 @A: 18 05 09 11 | 04
#1659-d266 @A: 21 18 11 35 | 05
#1660-d266 @A: 11 19 15 34 | 12
#1661-d266 @A: 21 19 11 31 | 09
#1662-d266 @A: 19 05 11 24 | 02
#1663-d266 @A: 23 09 15 11 | 10
#1664-d266 @A: 15 11 29 05 | 11
#1665-d266 @A: 03 06 11 31 | 06
#1666-d266 @A: 29 03 24 11 | 08
#1667-d266 @A: 34 11 03 21 | 07
#1668-d266 @A: 34 24 31 11 | 03
#1669-d266 @A: 11 06 31 35 | 01
#1670-d266 @A: 11 06 09 34 | 04
#1671-d266 @A: 11 21 09 29 | 05
#1672-d266 @A: 11 23 06 21 | 12
#1673-d266 @A: 31 20 01 35 | 09
#1674-d266 @A: 35 06 20 18 | 02
#1675-d266 @A: 20 35 29 19 | 10
#1676-d266 @A: 35 34 15 20 | 11
#1677-d266 @A: 20 09 29 35 | 06
#1678-d266 @A: 23 12 03 35 | 08
#1679-d266 @A: 05 35 12 34 | 07
#1680-d266 @A: 06 29 35 12 | 03
#1681-d266 @A: 01 18 05 35 | 01
#1682-d266 @A: 29 01 35 34 | 04
#1683-d266 @A: 35 31 24 18 | 05
#1684-d266 @A: 18 05 35 23 | 12
#1685-d266 @A: 03 31 35 19 | 09
#1686-d266 @A: 19 35 23 06 | 02
#1687-d266 @A: 31 15 09 35 | 10
#1688-d266 @A: 35 21 09 03 | 11
#1689-d266 @A: 34 09 35 24 | 06
