#0001-d290 @A: 26 22 33 01 | 10
#0002-d290 @A: 26 28 05 01 | 11
#0003-d290 @A: 23 01 26 30 | 04
#0004-d290 @A: 01 26 02 16 | 05
#0005-d290 @A: 17 26 10 01 | 12
#0006-d290 @A: 33 15 01 28 | 02
#0007-d290 @A: 31 02 01 05 | 03
#0008-d290 @A: 31 14 13 01 | 01
#0009-d290 @A: 01 13 06 20 | 08
#0010-d290 @A: 25 01 15 06 | 06
#0011-d290 @A: 29 20 01 25 | 09
#0012-d290 @A: 01 14 15 03 | 07
#0013-d290 @A: 01 34 35 24 | 10
#0014-d290 @A: 05 16 27 01 | 11
#0015-d290 @A: 13 11 07 01 | 04
#0016-d290 @A: 23 25 13 01 | 05
#0017-d290 @A: 12 09 01 08 | 12
#0018-d290 @A: 10 14 01 04 | 02
#0019-d290 @A: 29 01 08 14 | 03
#0020-d290 @A: 26 27 06 33 | 01
#0021-d290 @A: 32 26 06 15 | 08
#0022-d290 @A: 15 26 22 31 | 06
#0023-d290 @A: 13 10 06 26 | 09
#0024-d290 @A: 04 23 06 26 | 07
#0025-d290 @A: 26 24 23 20 | 10
#0026-d290 @A: 20 17 26 12 | 11
#0027-d290 @A: 18 02 26 28 | 04
#0028-d290 @A: 23 26 35 22 | 05
#0029-d290 @A: 27 26 10 08 | 12
#0030-d290 @A: 25 10 30 26 | 02
#0031-d290 @A: 09 26 11 08 | 03
#0032-d290 @A: 33 31 07 32 | 01
#0033-d290 @A: 31 33 20 11 | 08
#0034-d290 @A: 05 21 31 33 | 06
#0035-d290 @A: 04 33 13 31 | 09
#0036-d290 @A: 33 06 08 18 | 07
#0037-d290 @A: 13 33 06 09 | 10
#0038-d290 @A: 10 33 34 20 | 11
#0039-d290 @A: 08 33 20 28 | 04
#0040-d290 @A: 07 33 19 34 | 05
#0041-d290 @A: 10 30 33 18 | 12
#0042-d290 @A: 28 07 11 33 | 02
#0043-d290 @A: 33 07 04 15 | 03
#0044-d290 @A: 33 13 25 15 | 01
#0045-d290 @A: 33 16 17 07 | 08
#0046-d290 @A: 33 09 24 11 | 06
#0047-d290 @A: 25 14 02 33 | 09
#0048-d290 @A: 33 09 27 02 | 07
#0049-d290 @A: 33 11 27 19 | 10
#0050-d290 @A: 06 32 10 05 | 11
#0051-d290 @A: 20 22 28 32 | 04
#0052-d290 @A: 04 18 27 32 | 05
#0053-d290 @A: 32 35 07 15 | 12
#0054-d290 @A: 30 13 32 15 | 02
#0055-d290 @A: 09 32 12 25 | 03
#0056-d290 @A: 04 11 32 10 | 01
#0057-d290 @A: 19 04 32 24 | 08
#0058-d290 @A: 21 09 17 32 | 06
#0059-d290 @A: 21 30 32 22 | 09
#0060-d290 @A: 19 31 28 20 | 07
#0061-d290 @A: 04 34 31 17 | 10
#0062-d290 @A: 18 16 23 31 | 11
#0063-d290 @A: 23 28 31 08 | 04
#0064-d290 @A: 07 05 31 13 | 05
#0065-d290 @A: 25 17 10 31 | 12
#0066-d290 @A: 21 31 27 24 | 02
#0067-d290 @A: 31 02 19 17 | 03
#0068-d290 @A: 31 04 02 30 | 01
#0069-d290 @A: 06 03 13 30 | 08
#0070-d290 @A: 06 18 19 16 | 06
#0071-d290 @A: 06 11 15 24 | 09
#0072-d290 @A: 17 07 13 06 | 07
#0073-d290 @A: 29 06 14 13 | 10
#0074-d290 @A: 08 22 06 13 | 11
#0075-d290 @A: 25 29 06 27 | 04
#0076-d290 @A: 30 29 06 11 | 05
#0077-d290 @A: 27 06 30 24 | 12
#0078-d290 @A: 27 06 02 11 | 02
#0079-d290 @A: 19 20 03 05 | 03
#0080-d290 @A: 20 04 35 03 | 01
#0081-d290 @A: 03 24 22 20 | 08
#0082-d290 @A: 17 20 11 03 | 06
#0083-d290 @A: 05 02 20 18 | 09
#0084-d290 @A: 28 35 20 21 | 07
#0085-d290 @A: 29 20 24 11 | 10
#0086-d290 @A: 20 27 21 09 | 11
#0087-d290 @A: 03 07 17 04 | 04
#0088-d290 @A: 35 09 03 23 | 05
#0089-d290 @A: 03 22 12 30 | 12
#0090-d290 @A: 21 03 10 19 | 02
#0091-d290 @A: 17 03 02 29 | 03
#0092-d290 @A: 07 28 18 34 | 01
#0093-d290 @A: 28 22 34 35 | 08
#0094-d290 @A: 05 14 34 16 | 06
#0095-d290 @A: 12 04 24 34 | 09
#0096-d290 @A: 29 17 34 10 | 07
#0097-d290 @A: 14 24 34 21 | 10
#0098-d290 @A: 34 25 30 11 | 11
#0099-d290 @A: 24 18 35 05 | 04
#0100-d290 @A: 18 13 15 12 | 05
#0101-d290 @A: 18 15 10 24 | 12
#0102-d290 @A: 35 27 18 23 | 02
#0103-d290 @A: 18 12 02 22 | 03
#0104-d290 @A: 18 14 19 24 | 01
#0105-d290 @A: 18 27 14 17 | 08
#0106-d290 @A: 02 18 27 08 | 06
#0107-d290 @A: 15 02 27 28 | 09
#0108-d290 @A: 16 12 28 07 | 07
#0109-d290 @A: 35 10 28 29 | 10
#0110-d290 @A: 16 11 22 28 | 11
#0111-d290 @A: 12 08 22 28 | 04
#0112-d290 @A: 11 14 02 28 | 05
#0113-d290 @A: 05 10 12 09 | 12
#0114-d290 @A: 05 11 30 12 | 02
#0115-d290 @A: 14 05 10 17 | 03
#0116-d290 @A: 21 24 05 29 | 01
#0117-d290 @A: 11 08 04 05 | 08
#0118-d290 @A: 15 11 07 23 | 06
#0119-d290 @A: 19 12 15 10 | 09
#0120-d290 @A: 29 09 15 10 | 07
#0121-d290 @A: 11 30 15 10 | 10
#0122-d290 @A: 17 15 27 29 | 11
#0123-d290 @A: 27 15 24 09 | 04
#0124-d290 @A: 21 19 27 15 | 05
#0125-d290 @A: 04 21 17 15 | 12
#0126-d290 @A: 13 23 07 10 | 02
#0127-d290 @A: 16 13 14 07 | 03
#0128-d290 @A: 09 07 19 12 | 01
#0129-d290 @A: 07 10 24 19 | 08
#0130-d290 @A: 29 07 19 30 | 06
#0131-d290 @A: 07 30 02 14 | 09
#0132-d290 @A: 04 35 08 12 | 07
#0133-d290 @A: 30 35 27 12 | 10
#0134-d290 @A: 10 22 02 35 | 11
#0135-d290 @A: 10 21 35 04 | 04
#0136-d290 @A: 14 30 35 19 | 05
#0137-d290 @A: 35 21 27 02 | 12
#0138-d290 @A: 24 19 12 13 | 02
#0139-d290 @A: 21 13 02 12 | 03
#0140-d290 @A: 21 19 29 13 | 01
#0141-d290 @A: 24 13 21 30 | 08
#0142-d290 @A: 14 25 27 13 | 06
#0143-d290 @A: 13 30 08 19 | 09
#0144-d290 @A: 21 23 30 12 | 07
#0145-d290 @A: 09 14 23 22 | 10
#0146-d290 @A: 23 04 14 17 | 11
#0147-d290 @A: 16 11 17 12 | 04
#0148-d290 @A: 02 04 16 21 | 05
#0149-d290 @A: 17 10 19 09 | 12
#0150-d290 @A: 01 14 26 07 | 02
#0151-d290 @A: 32 01 21 28 | 03
#0152-d290 @A: 09 06 01 31 | 01
#0153-d290 @A: 04 20 16 01 | 08
#0154-d290 @A: 03 13 01 27 | 06
#0155-d290 @A: 11 03 23 01 | 09
#0156-d290 @A: 10 15 34 01 | 07
#0157-d290 @A: 25 05 18 01 | 10
#0158-d290 @A: 01 02 30 28 | 11
#0159-d290 @A: 07 22 35 01 | 04
#0160-d290 @A: 21 11 12 01 | 05
#0161-d290 @A: 01 09 10 21 | 12
#0162-d290 @A: 09 04 19 01 | 02
#0163-d290 @A: 17 26 02 33 | 03
#0164-d290 @A: 29 26 28 32 | 01
#0165-d290 @A: 27 26 32 25 | 08
#0166-d290 @A: 26 03 22 06 | 06
#0167-d290 @A: 17 06 26 23 | 09
#0168-d290 @A: 07 03 26 02 | 07
#0169-d290 @A: 26 18 14 34 | 10
#0170-d290 @A: 18 08 26 23 | 11
#0171-d290 @A: 26 24 27 28 | 04
#0172-d290 @A: 09 05 26 07 | 05
#0173-d290 @A: 13 26 14 23 | 12
#0174-d290 @A: 26 10 16 09 | 02
#0175-d290 @A: 27 12 26 22 | 03
#0176-d290 @A: 10 26 02 14 | 01
#0177-d290 @A: 19 29 09 26 | 08
#0178-d290 @A: 14 09 26 24 | 06
#0179-d290 @A: 33 04 32 20 | 09
#0180-d290 @A: 33 21 34 32 | 07
#0181-d290 @A: 32 30 33 28 | 10
#0182-d290 @A: 06 35 22 33 | 11
#0183-d290 @A: 18 05 33 04 | 04
#0184-d290 @A: 33 28 23 27 | 05
#0185-d290 @A: 14 22 05 33 | 12
#0186-d290 @A: 07 22 23 33 | 02
#0187-d290 @A: 33 13 30 27 | 03
#0188-d290 @A: 25 33 19 24 | 01
#0189-d290 @A: 27 11 33 17 | 08
#0190-d290 @A: 30 18 32 06 | 06
#0191-d290 @A: 29 35 06 32 | 09
#0192-d290 @A: 32 03 22 10 | 07
#0193-d290 @A: 34 17 19 32 | 10
#0194-d290 @A: 08 04 32 28 | 11
#0195-d290 @A: 05 32 09 23 | 04
#0196-d290 @A: 16 30 07 32 | 05
#0197-d290 @A: 32 16 13 27 | 12
#0198-d290 @A: 24 25 32 02 | 02
#0199-d290 @A: 13 12 31 06 | 03
#0200-d290 @A: 25 31 11 06 | 01
#0201-d290 @A: 34 20 07 31 | 08
#0202-d290 @A: 31 05 14 20 | 06
#0203-d290 @A: 09 31 28 34 | 09
#0204-d290 @A: 18 28 31 21 | 07
#0205-d290 @A: 31 22 29 09 | 10
#0206-d290 @A: 14 09 11 31 | 11
#0207-d290 @A: 11 19 21 31 | 04
#0208-d290 @A: 06 12 24 18 | 05
#0209-d290 @A: 28 06 07 29 | 12
#0210-d290 @A: 06 17 24 28 | 02
#0211-d290 @A: 29 15 23 06 | 03
#0212-d290 @A: 19 06 10 35 | 01
#0213-d290 @A: 06 08 27 16 | 08
#0214-d290 @A: 16 17 08 06 | 06
#0215-d290 @A: 02 17 06 21 | 09
#0216-d290 @A: 30 06 19 22 | 07
#0217-d290 @A: 22 20 34 13 | 10
#0218-d290 @A: 23 34 29 20 | 11
#0219-d290 @A: 20 34 04 14 | 04
#0220-d290 @A: 18 20 14 35 | 05
#0221-d290 @A: 16 20 28 23 | 12
#0222-d290 @A: 05 22 20 25 | 02
#0223-d290 @A: 20 07 25 23 | 03
#0224-d290 @A: 03 27 18 34 | 01
#0225-d290 @A: 03 34 15 02 | 08
#0226-d290 @A: 12 34 03 07 | 06
#0227-d290 @A: 29 05 03 07 | 09
#0228-d290 @A: 07 23 30 03 | 07
#0229-d290 @A: 27 03 35 17 | 10
#0230-d290 @A: 03 19 24 29 | 11
#0231-d290 @A: 17 03 09 30 | 04
#0232-d290 @A: 34 04 18 15 | 05
#0233-d290 @A: 18 22 34 19 | 12
#0234-d290 @A: 34 21 28 17 | 02
#0235-d290 @A: 13 34 08 16 | 03
#0236-d290 @A: 12 22 34 10 | 01
#0237-d290 @A: 12 34 29 30 | 08
#0238-d290 @A: 21 10 11 34 | 06
#0239-d290 @A: 34 08 09 22 | 09
#0240-d290 @A: 18 16 12 05 | 07
#0241-d290 @A: 23 09 18 07 | 10
#0242-d290 @A: 18 10 22 07 | 11
#0243-d290 @A: 35 18 10 08 | 04
#0244-d290 @A: 13 23 18 21 | 05
#0245-d290 @A: 17 12 09 18 | 12
#0246-d290 @A: 29 27 18 09 | 02
#0247-d290 @A: 08 24 11 18 | 03
#0248-d290 @A: 15 07 30 28 | 01
#0249-d290 @A: 28 13 15 21 | 08
#0250-d290 @A: 15 08 28 29 | 06
#0251-d290 @A: 23 07 28 14 | 09
#0252-d290 @A: 28 09 24 29 | 07
#0253-d290 @A: 27 28 17 19 | 10
#0254-d290 @A: 05 15 24 23 | 11
#0255-d290 @A: 35 25 07 05 | 04
#0256-d290 @A: 05 13 29 25 | 05
#0257-d290 @A: 21 02 14 05 | 12
#0258-d290 @A: 17 05 22 19 | 02
#0259-d290 @A: 24 07 08 15 | 03
#0260-d290 @A: 02 07 15 22 | 01
#0261-d290 @A: 15 12 14 30 | 08
#0262-d290 @A: 15 29 30 04 | 06
#0263-d290 @A: 10 17 07 08 | 09
#0264-d290 @A: 04 22 08 07 | 07
#0265-d290 @A: 17 07 27 30 | 10
#0266-d290 @A: 09 10 35 30 | 11
#0267-d290 @A: 25 35 02 19 | 04
#0268-d290 @A: 13 14 12 09 | 05
#0269-d290 @A: 13 08 25 04 | 12
#0270-d290 @A: 30 04 13 22 | 02
#0271-d290 @A: 11 25 23 12 | 03
#0272-d290 @A: 09 29 23 21 | 01
#0273-d290 @A: 23 19 29 22 | 08
#0274-d290 @A: 10 16 17 27 | 06
#0275-d290 @A: 22 17 24 16 | 09
#0276-d290 @A: 21 17 12 24 | 07
#0277-d290 @A: 17 11 10 04 | 10
#0278-d290 @A: 17 25 02 08 | 11
#0279-d290 @A: 04 02 17 27 | 04
#0280-d290 @A: 29 01 11 26 | 05
#0281-d290 @A: 06 24 01 33 | 12
#0282-d290 @A: 31 20 35 01 | 02
#0283-d290 @A: 01 35 19 03 | 03
#0284-d290 @A: 23 01 18 04 | 01
#0285-d290 @A: 24 18 17 01 | 08
#0286-d290 @A: 28 07 27 01 | 06
#0287-d290 @A: 01 28 04 25 | 09
#0288-d290 @A: 01 09 05 14 | 07
#0289-d290 @A: 09 07 15 01 | 10
#0290-d290 @A: 02 35 01 08 | 11
#0291-d290 @A: 01 23 22 12 | 04
#0292-d290 @A: 22 01 08 11 | 05
#0293-d290 @A: 01 22 09 02 | 12
#0294-d290 @A: 21 30 01 19 | 02
#0295-d290 @A: 26 33 30 16 | 03
#0296-d290 @A: 24 32 34 26 | 01
#0297-d290 @A: 35 32 26 04 | 08
#0298-d290 @A: 31 05 26 24 | 06
#0299-d290 @A: 26 02 31 35 | 09
#0300-d290 @A: 13 11 31 26 | 07
#0301-d290 @A: 22 26 31 17 | 10
#0302-d290 @A: 28 03 30 26 | 11
#0303-d290 @A: 26 03 05 27 | 04
#0304-d290 @A: 23 29 03 26 | 05
#0305-d290 @A: 34 13 27 26 | 12
#0306-d290 @A: 05 11 35 26 | 02
#0307-d290 @A: 16 26 05 23 | 03
#0308-d290 @A: 15 24 26 35 | 01
#0309-d290 @A: 26 15 11 16 | 08
#0310-d290 @A: 07 27 23 26 | 06
#0311-d290 @A: 11 26 07 25 | 09
#0312-d290 @A: 26 16 35 14 | 07
#0313-d290 @A: 26 23 10 12 | 10
#0314-d290 @A: 25 26 08 12 | 11
#0315-d290 @A: 26 24 21 02 | 04
#0316-d290 @A: 26 08 30 14 | 05
#0317-d290 @A: 32 33 17 18 | 12
#0318-d290 @A: 33 14 32 13 | 02
#0319-d290 @A: 32 08 33 11 | 03
#0320-d290 @A: 15 33 31 18 | 01
#0321-d290 @A: 33 24 16 31 | 08
#0322-d290 @A: 33 28 06 21 | 06
#0323-d290 @A: 20 09 33 07 | 09
#0324-d290 @A: 13 12 33 20 | 07
#0325-d290 @A: 11 33 10 03 | 10
#0326-d290 @A: 33 05 17 04 | 11
#0327-d290 @A: 08 02 30 33 | 04
#0328-d290 @A: 33 02 19 22 | 05
#0329-d290 @A: 35 31 32 24 | 12
#0330-d290 @A: 06 20 32 24 | 02
#0331-d290 @A: 34 22 32 06 | 03
#0332-d290 @A: 07 09 32 06 | 01
#0333-d290 @A: 20 35 09 32 | 08
#0334-d290 @A: 20 16 32 19 | 06
#0335-d290 @A: 09 28 18 32 | 09
#0336-d290 @A: 32 14 23 18 | 07
#0337-d290 @A: 32 19 18 11 | 10
#0338-d290 @A: 32 28 35 11 | 11
#0339-d290 @A: 05 13 32 12 | 04
#0340-d290 @A: 15 08 10 32 | 05
#0341-d290 @A: 10 32 07 02 | 12
#0342-d290 @A: 07 17 02 32 | 02
#0343-d290 @A: 24 30 23 32 | 03
#0344-d290 @A: 32 29 17 16 | 01
#0345-d290 @A: 12 24 32 27 | 08
#0346-d290 @A: 22 24 11 32 | 06
#0347-d290 @A: 08 32 27 30 | 09
#0348-d290 @A: 03 06 31 27 | 07
#0349-d290 @A: 31 06 16 04 | 10
#0350-d290 @A: 25 27 20 31 | 11
#0351-d290 @A: 13 03 08 31 | 04
#0352-d290 @A: 35 25 28 31 | 05
#0353-d290 @A: 30 31 13 28 | 12
#0354-d290 @A: 35 16 22 31 | 02
#0355-d290 @A: 31 23 13 09 | 03
#0356-d290 @A: 29 27 31 13 | 01
#0357-d290 @A: 21 10 14 31 | 08
#0358-d290 @A: 10 11 31 02 | 06
#0359-d290 @A: 04 08 31 24 | 09
#0360-d290 @A: 19 09 08 31 | 07
#0361-d290 @A: 20 06 05 28 | 10
#0362-d290 @A: 06 35 20 11 | 11
#0363-d290 @A: 24 34 16 06 | 04
#0364-d290 @A: 16 06 25 05 | 05
#0365-d290 @A: 04 13 06 15 | 12
#0366-d290 @A: 19 17 15 06 | 02
#0367-d290 @A: 14 06 12 35 | 03
#0368-d290 @A: 13 06 02 24 | 01
#0369-d290 @A: 02 09 06 04 | 08
#0370-d290 @A: 20 28 02 03 | 06
#0371-d290 @A: 20 18 28 25 | 09
#0372-d290 @A: 15 18 09 20 | 07
#0373-d290 @A: 19 07 18 20 | 10
#0374-d290 @A: 27 07 05 20 | 11
#0375-d290 @A: 21 16 15 20 | 04
#0376-d290 @A: 20 12 22 09 | 05
#0377-d290 @A: 29 10 19 20 | 12
#0378-d290 @A: 27 30 10 20 | 02
#0379-d290 @A: 22 10 20 04 | 03
#0380-d290 @A: 11 25 14 20 | 01
#0381-d290 @A: 16 03 04 34 | 08
#0382-d290 @A: 23 05 03 14 | 06
#0383-d290 @A: 15 03 16 23 | 09
#0384-d290 @A: 07 09 03 14 | 07
#0385-d290 @A: 03 29 35 22 | 10
#0386-d290 @A: 03 27 19 12 | 11
#0387-d290 @A: 30 08 03 09 | 04
#0388-d290 @A: 19 15 34 05 | 05
#0389-d290 @A: 12 07 21 18 | 12
#0390-d290 @A: 13 35 04 18 | 02
#0391-d290 @A: 18 17 08 29 | 03
#0392-d290 @A: 04 30 18 14 | 01
#0393-d290 @A: 14 28 08 17 | 08
#0394-d290 @A: 09 28 25 14 | 06
#0395-d290 @A: 14 21 19 28 | 09
#0396-d290 @A: 08 15 05 13 | 07
#0397-d290 @A: 27 05 11 10 | 10
#0398-d290 @A: 02 08 05 25 | 11
#0399-d290 @A: 25 09 27 05 | 04
#0400-d290 @A: 17 10 35 15 | 05
#0401-d290 @A: 02 15 08 12 | 12
#0402-d290 @A: 19 29 02 15 | 02
#0403-d290 @A: 22 08 15 19 | 03
#0404-d290 @A: 12 22 07 29 | 01
#0405-d290 @A: 08 07 12 30 | 08
#0406-d290 @A: 07 04 12 27 | 06
#0407-d290 @A: 09 29 07 25 | 09
#0408-d290 @A: 29 27 07 21 | 07
#0409-d290 @A: 21 35 19 12 | 10
#0410-d290 @A: 19 35 29 04 | 11
#0411-d290 @A: 08 35 24 27 | 04
#0412-d290 @A: 04 25 35 24 | 05
#0413-d290 @A: 04 09 35 11 | 12
#0414-d290 @A: 23 30 22 10 | 02
#0415-d290 @A: 02 24 23 27 | 03
#0416-d290 @A: 04 23 24 22 | 01
#0417-d290 @A: 30 16 19 12 | 08
#0418-d290 @A: 16 09 29 14 | 06
#0419-d290 @A: 11 14 27 16 | 09
#0420-d290 @A: 33 09 01 23 | 07
#0421-d290 @A: 29 32 03 01 | 10
#0422-d290 @A: 30 01 31 03 | 11
#0423-d290 @A: 12 31 01 15 | 04
#0424-d290 @A: 06 03 01 02 | 05
#0425-d290 @A: 18 15 29 01 | 12
#0426-d290 @A: 01 18 02 13 | 02
#0427-d290 @A: 28 01 29 19 | 03
#0428-d290 @A: 01 30 05 08 | 01
#0429-d290 @A: 35 10 13 01 | 08
#0430-d290 @A: 29 13 16 01 | 06
#0431-d290 @A: 14 19 01 12 | 09
#0432-d290 @A: 30 01 27 29 | 07
#0433-d290 @A: 24 04 27 01 | 10
#0434-d290 @A: 09 08 17 01 | 11
#0435-d290 @A: 01 11 17 22 | 04
#0436-d290 @A: 33 29 26 34 | 05
#0437-d290 @A: 26 33 04 28 | 12
#0438-d290 @A: 23 11 26 33 | 02
#0439-d290 @A: 02 08 26 32 | 03
#0440-d290 @A: 26 06 21 31 | 01
#0441-d290 @A: 31 03 12 26 | 08
#0442-d290 @A: 35 20 26 30 | 06
#0443-d290 @A: 07 26 28 22 | 09
#0444-d290 @A: 26 19 13 16 | 07
#0445-d290 @A: 26 30 12 24 | 10
#0446-d290 @A: 26 11 12 19 | 11
#0447-d290 @A: 26 21 25 19 | 04
#0448-d290 @A: 18 35 33 32 | 05
#0449-d290 @A: 29 31 33 35 | 12
#0450-d290 @A: 06 16 12 33 | 02
#0451-d290 @A: 33 29 15 03 | 03
#0452-d290 @A: 18 24 33 28 | 01
#0453-d290 @A: 33 29 13 28 | 08
#0454-d290 @A: 33 28 12 17 | 06
#0455-d290 @A: 16 05 08 33 | 09
#0456-d290 @A: 15 09 33 16 | 07
#0457-d290 @A: 21 08 15 33 | 10
#0458-d290 @A: 25 12 33 07 | 11
#0459-d290 @A: 23 24 33 35 | 04
#0460-d290 @A: 02 16 33 29 | 05
#0461-d290 @A: 33 29 25 30 | 12
#0462-d290 @A: 24 33 09 17 | 02
#0463-d290 @A: 03 18 31 32 | 03
#0464-d290 @A: 02 32 34 31 | 01
#0465-d290 @A: 06 28 27 32 | 08
#0466-d290 @A: 06 04 12 32 | 06
#0467-d290 @A: 20 10 13 32 | 09
#0468-d290 @A: 15 24 03 32 | 07
#0469-d290 @A: 03 32 11 16 | 10
#0470-d290 @A: 32 34 18 12 | 11
#0471-d290 @A: 32 34 25 16 | 04
#0472-d290 @A: 15 18 32 02 | 05
#0473-d290 @A: 15 32 11 27 | 12
#0474-d290 @A: 19 32 35 27 | 02
#0475-d290 @A: 32 14 24 16 | 03
#0476-d290 @A: 10 21 24 32 | 01
#0477-d290 @A: 14 29 32 30 | 08
#0478-d290 @A: 27 21 14 32 | 06
#0479-d290 @A: 25 21 32 11 | 09
#0480-d290 @A: 25 17 32 04 | 07
#0481-d290 @A: 31 06 35 05 | 10
#0482-d290 @A: 06 07 31 30 | 11
#0483-d290 @A: 24 31 15 20 | 04
#0484-d290 @A: 23 31 20 04 | 05
#0485-d290 @A: 31 28 05 27 | 12
#0486-d290 @A: 28 11 17 31 | 02
#0487-d290 @A: 31 13 15 10 | 03
#0488-d290 @A: 35 07 31 14 | 01
#0489-d290 @A: 21 31 07 22 | 08
#0490-d290 @A: 04 31 29 14 | 06
#0491-d290 @A: 34 06 20 08 | 09
#0492-d290 @A: 24 06 03 35 | 07
#0493-d290 @A: 06 03 12 23 | 10
#0494-d290 @A: 05 27 34 06 | 11
#0495-d290 @A: 34 06 15 12 | 04
#0496-d290 @A: 09 16 06 28 | 05
#0497-d290 @A: 24 04 05 06 | 12
#0498-d290 @A: 17 35 06 25 | 02
#0499-d290 @A: 22 11 06 12 | 03
#0500-d290 @A: 19 09 06 14 | 01
#0501-d290 @A: 15 19 13 20 | 08
#0502-d290 @A: 29 35 07 20 | 06
#0503-d290 @A: 35 20 16 27 | 09
#0504-d290 @A: 23 08 20 13 | 07
#0505-d290 @A: 20 19 12 04 | 10
#0506-d290 @A: 11 10 20 08 | 11
#0507-d290 @A: 20 21 29 08 | 04
#0508-d290 @A: 20 04 29 09 | 05
#0509-d290 @A: 27 17 20 29 | 12
#0510-d290 @A: 20 14 02 09 | 02
#0511-d290 @A: 11 30 20 04 | 03
#0512-d290 @A: 34 11 03 35 | 01
#0513-d290 @A: 22 16 03 18 | 08
#0514-d290 @A: 24 03 28 05 | 06
#0515-d290 @A: 13 12 03 28 | 09
#0516-d290 @A: 04 12 05 03 | 07
#0517-d290 @A: 13 03 07 22 | 10
#0518-d290 @A: 27 14 22 03 | 11
#0519-d290 @A: 25 19 17 03 | 04
#0520-d290 @A: 04 27 02 03 | 05
#0521-d290 @A: 23 18 34 24 | 12
#0522-d290 @A: 17 11 34 18 | 02
#0523-d290 @A: 34 15 07 25 | 03
#0524-d290 @A: 04 30 27 34 | 01
#0525-d290 @A: 05 18 22 28 | 08
#0526-d290 @A: 05 19 23 18 | 06
#0527-d290 @A: 18 07 35 02 | 09
#0528-d290 @A: 18 19 13 09 | 07
#0529-d290 @A: 17 18 25 13 | 10
#0530-d290 @A: 25 14 29 18 | 11
#0531-d290 @A: 08 21 25 18 | 04
#0532-d290 @A: 23 29 05 28 | 05
#0533-d290 @A: 15 12 28 23 | 12
#0534-d290 @A: 23 19 35 28 | 02
#0535-d290 @A: 13 23 02 28 | 03
#0536-d290 @A: 16 04 13 28 | 01
#0537-d290 @A: 28 19 13 27 | 08
#0538-d290 @A: 09 28 12 27 | 06
#0539-d290 @A: 30 19 10 28 | 09
#0540-d290 @A: 27 11 28 08 | 07
#0541-d290 @A: 28 11 25 19 | 10
#0542-d290 @A: 08 23 07 05 | 11
#0543-d290 @A: 17 29 05 23 | 04
#0544-d290 @A: 05 11 29 02 | 05
#0545-d290 @A: 30 22 05 24 | 12
#0546-d290 @A: 21 08 05 09 | 02
#0547-d290 @A: 05 02 04 22 | 03
#0548-d290 @A: 15 29 13 07 | 01
#0549-d290 @A: 19 15 23 14 | 08
#0550-d290 @A: 21 15 22 29 | 06
#0551-d290 @A: 14 15 09 08 | 09
#0552-d290 @A: 04 27 08 15 | 07
#0553-d290 @A: 12 07 14 10 | 10
#0554-d290 @A: 04 24 07 14 | 11
#0555-d290 @A: 09 22 07 24 | 04
#0556-d290 @A: 29 21 35 17 | 05
#0557-d290 @A: 35 14 17 02 | 12
#0558-d290 @A: 22 23 13 11 | 02
#0559-d290 @A: 12 30 13 25 | 03
#0560-d290 @A: 21 08 13 10 | 01
#0561-d290 @A: 13 10 09 22 | 08
#0562-d290 @A: 13 24 22 14 | 06
#0563-d290 @A: 17 14 22 13 | 09
#0564-d290 @A: 12 27 23 16 | 07
#0565-d290 @A: 23 16 11 09 | 10
#0566-d290 @A: 19 23 25 16 | 11
#0567-d290 @A: 23 10 17 12 | 04
#0568-d290 @A: 14 29 12 23 | 05
#0569-d290 @A: 09 23 12 24 | 12
#0570-d290 @A: 10 04 24 16 | 02
#0571-d290 @A: 30 16 10 14 | 03
#0572-d290 @A: 17 25 16 21 | 01
#0573-d290 @A: 17 29 12 25 | 08
#0574-d290 @A: 17 12 30 14 | 06
#0575-d290 @A: 27 24 25 17 | 09
#0576-d290 @A: 01 32 10 33 | 07
#0577-d290 @A: 21 01 25 33 | 10
#0578-d290 @A: 25 35 32 01 | 11
#0579-d290 @A: 01 19 32 13 | 04
#0580-d290 @A: 01 23 31 29 | 05
#0581-d290 @A: 28 06 01 08 | 12
#0582-d290 @A: 18 20 11 01 | 02
#0583-d290 @A: 20 17 01 05 | 03
#0584-d290 @A: 20 01 14 30 | 01
#0585-d290 @A: 03 34 01 21 | 08
#0586-d290 @A: 16 01 34 23 | 06
#0587-d290 @A: 18 21 01 24 | 09
#0588-d290 @A: 28 22 13 01 | 07
#0589-d290 @A: 05 10 01 23 | 10
#0590-d290 @A: 23 01 08 15 | 11
#0591-d290 @A: 02 21 01 15 | 04
#0592-d290 @A: 21 23 07 01 | 05
#0593-d290 @A: 35 23 01 17 | 12
#0594-d290 @A: 01 30 09 13 | 02
#0595-d290 @A: 21 13 01 04 | 03
#0596-d290 @A: 26 21 13 33 | 01
#0597-d290 @A: 26 31 32 30 | 08
#0598-d290 @A: 26 16 27 31 | 06
#0599-d290 @A: 26 18 19 03 | 09
#0600-d290 @A: 15 26 08 34 | 07
#0601-d290 @A: 07 34 26 30 | 10
#0602-d290 @A: 15 18 21 26 | 11
#0603-d290 @A: 07 15 10 26 | 04
#0604-d290 @A: 30 15 27 26 | 05
#0605-d290 @A: 19 07 35 26 | 12
#0606-d290 @A: 11 10 26 22 | 02
#0607-d290 @A: 04 27 26 09 | 03
#0608-d290 @A: 30 22 09 26 | 01
#0609-d290 @A: 30 12 33 31 | 08
#0610-d290 @A: 20 33 24 05 | 06
#0611-d290 @A: 03 34 33 30 | 09
#0612-d290 @A: 07 03 33 35 | 07
#0613-d290 @A: 12 28 33 34 | 10
#0614-d290 @A: 34 33 35 27 | 11
#0615-d290 @A: 17 13 19 33 | 04
#0616-d290 @A: 10 33 21 29 | 05
#0617-d290 @A: 21 02 33 11 | 12
#0618-d290 @A: 32 14 15 31 | 02
#0619-d290 @A: 32 06 19 03 | 03
#0620-d290 @A: 06 17 32 14 | 01
#0621-d290 @A: 20 25 32 15 | 08
#0622-d290 @A: 23 32 21 03 | 06
#0623-d290 @A: 28 15 32 34 | 09
#0624-d290 @A: 05 34 32 08 | 07
#0625-d290 @A: 10 28 23 32 | 10
#0626-d290 @A: 32 07 11 05 | 11
#0627-d290 @A: 22 32 05 35 | 04
#0628-d290 @A: 04 05 32 16 | 05
#0629-d290 @A: 15 12 32 16 | 12
#0630-d290 @A: 09 21 32 15 | 02
#0631-d290 @A: 19 22 32 12 | 03
#0632-d290 @A: 09 32 19 30 | 01
#0633-d290 @A: 18 29 06 31 | 08
#0634-d290 @A: 03 20 31 09 | 06
#0635-d290 @A: 31 21 30 20 | 09
#0636-d290 @A: 25 34 31 18 | 07
#0637-d290 @A: 31 34 16 11 | 10
#0638-d290 @A: 27 18 22 31 | 11
#0639-d290 @A: 15 05 25 31 | 04
#0640-d290 @A: 09 12 31 35 | 05
#0641-d290 @A: 31 19 14 16 | 12
#0642-d290 @A: 29 19 12 31 | 02
#0643-d290 @A: 11 12 24 31 | 03
#0644-d290 @A: 21 31 12 25 | 01
#0645-d290 @A: 31 08 14 27 | 08
#0646-d290 @A: 07 06 02 20 | 06
#0647-d290 @A: 06 34 07 21 | 09
#0648-d290 @A: 18 06 22 15 | 07
#0649-d290 @A: 06 11 23 18 | 10
#0650-d290 @A: 35 28 04 06 | 11
#0651-d290 @A: 06 21 13 05 | 04
#0652-d290 @A: 19 06 05 29 | 05
#0653-d290 @A: 15 06 10 16 | 12
#0654-d290 @A: 13 06 23 16 | 02
#0655-d290 @A: 09 23 06 08 | 03
#0656-d290 @A: 25 06 24 10 | 01
#0657-d290 @A: 02 25 06 21 | 08
#0658-d290 @A: 06 25 04 22 | 06
#0659-d290 @A: 20 29 13 18 | 09
#0660-d290 @A: 30 20 28 29 | 07
#0661-d290 @A: 20 21 24 07 | 10
#0662-d290 @A: 20 22 17 07 | 11
#0663-d290 @A: 13 20 35 24 | 04
#0664-d290 @A: 35 17 16 20 | 05
#0665-d290 @A: 11 13 20 16 | 12
#0666-d290 @A: 21 14 20 13 | 02
#0667-d290 @A: 27 13 20 04 | 03
#0668-d290 @A: 17 24 08 20 | 01
#0669-d290 @A: 19 20 24 27 | 08
#0670-d290 @A: 03 28 08 34 | 06
#0671-d290 @A: 03 07 18 15 | 09
#0672-d290 @A: 03 04 11 18 | 07
#0673-d290 @A: 28 27 35 03 | 10
#0674-d290 @A: 12 15 21 03 | 11
#0675-d290 @A: 15 03 27 10 | 04
#0676-d290 @A: 25 03 19 15 | 05
#0677-d290 @A: 03 02 35 13 | 12
#0678-d290 @A: 03 02 10 09 | 02
#0679-d290 @A: 24 21 03 11 | 03
#0680-d290 @A: 03 19 14 04 | 01
#0681-d290 @A: 19 22 03 09 | 08
#0682-d290 @A: 25 27 03 21 | 06
#0683-d290 @A: 25 34 23 28 | 09
#0684-d290 @A: 28 34 04 02 | 07
#0685-d290 @A: 12 34 13 23 | 10
#0686-d290 @A: 34 16 27 21 | 11
#0687-d290 @A: 19 34 08 04 | 04
#0688-d290 @A: 18 07 08 16 | 05
#0689-d290 @A: 27 11 07 18 | 12
#0690-d290 @A: 14 27 18 12 | 02
#0691-d290 @A: 14 18 11 10 | 03
#0692-d290 @A: 09 10 18 25 | 01
#0693-d290 @A: 04 29 18 24 | 08
#0694-d290 @A: 08 09 04 18 | 06
#0695-d290 @A: 18 22 17 21 | 09
#0696-d290 @A: 10 28 15 05 | 07
#0697-d290 @A: 24 28 15 16 | 10
#0698-d290 @A: 07 28 13 09 | 11
#0699-d290 @A: 28 35 16 08 | 04
#0700-d290 @A: 28 02 17 10 | 05
#0701-d290 @A: 28 22 27 29 | 12
#0702-d290 @A: 27 25 30 28 | 02
#0703-d290 @A: 05 11 21 16 | 03
#0704-d290 @A: 05 27 12 08 | 01
#0705-d290 @A: 12 05 21 22 | 08
#0706-d290 @A: 11 05 25 24 | 06
#0707-d290 @A: 25 21 30 05 | 09
#0708-d290 @A: 13 15 22 35 | 07
#0709-d290 @A: 35 15 16 25 | 10
#0710-d290 @A: 35 29 15 12 | 11
#0711-d290 @A: 30 25 15 02 | 04
#0712-d290 @A: 22 11 04 15 | 05
#0713-d290 @A: 07 35 23 16 | 12
#0714-d290 @A: 02 24 07 29 | 02
#0715-d290 @A: 07 19 14 25 | 03
#0716-d290 @A: 08 07 19 27 | 01
#0717-d290 @A: 35 29 02 30 | 08
#0718-d290 @A: 13 23 17 08 | 06
#0719-d290 @A: 13 14 02 08 | 09
#0720-d290 @A: 23 02 16 14 | 07
#0721-d290 @A: 30 16 04 23 | 10
#0722-d290 @A: 19 23 10 02 | 11
#0723-d290 @A: 29 30 08 23 | 04
#0724-d290 @A: 11 23 08 02 | 05
#0725-d290 @A: 30 09 02 23 | 12
#0726-d290 @A: 22 21 23 02 | 02
#0727-d290 @A: 23 21 17 11 | 03
#0728-d290 @A: 19 23 30 11 | 01
#0729-d290 @A: 25 16 11 29 | 08
#0730-d290 @A: 19 27 16 29 | 06
#0731-d290 @A: 25 14 17 09 | 09
#0732-d290 @A: 14 19 21 17 | 07
#0733-d290 @A: 03 33 01 20 | 10
#0734-d290 @A: 14 18 01 33 | 11
#0735-d290 @A: 01 08 13 33 | 04
#0736-d290 @A: 01 30 33 17 | 05
#0737-d290 @A: 22 32 18 01 | 12
#0738-d290 @A: 11 01 19 06 | 02
#0739-d290 @A: 01 10 07 03 | 03
#0740-d290 @A: 28 34 01 11 | 01
#0741-d290 @A: 34 13 05 01 | 08
#0742-d290 @A: 05 35 01 04 | 06
#0743-d290 @A: 15 01 27 35 | 09
#0744-d290 @A: 16 15 30 01 | 07
#0745-d290 @A: 25 07 01 16 | 10
#0746-d290 @A: 01 35 09 29 | 11
#0747-d290 @A: 12 10 01 16 | 04
#0748-d290 @A: 02 01 12 25 | 05
#0749-d290 @A: 25 01 09 24 | 12
#0750-d290 @A: 24 01 22 19 | 02
#0751-d290 @A: 02 01 04 11 | 03
#0752-d290 @A: 26 33 12 32 | 01
#0753-d290 @A: 05 33 02 26 | 08
#0754-d290 @A: 07 26 21 32 | 06
#0755-d290 @A: 19 31 26 34 | 09
#0756-d290 @A: 26 28 14 31 | 07
#0757-d290 @A: 06 26 18 35 | 10
#0758-d290 @A: 06 28 26 11 | 11
#0759-d290 @A: 08 03 16 26 | 04
#0760-d290 @A: 26 17 34 09 | 05
#0761-d290 @A: 07 26 24 17 | 12
#0762-d290 @A: 26 21 27 11 | 02
#0763-d290 @A: 09 22 32 33 | 03
#0764-d290 @A: 25 31 09 33 | 01
#0765-d290 @A: 33 18 09 34 | 08
#0766-d290 @A: 24 15 34 33 | 06
#0767-d290 @A: 16 34 22 33 | 09
#0768-d290 @A: 19 33 12 05 | 07
#0769-d290 @A: 22 27 15 33 | 10
#0770-d290 @A: 24 13 33 07 | 11
#0771-d290 @A: 33 16 13 10 | 04
#0772-d290 @A: 23 33 16 17 | 05
#0773-d290 @A: 33 24 02 04 | 12
#0774-d290 @A: 25 33 11 04 | 02
#0775-d290 @A: 33 04 30 19 | 03
#0776-d290 @A: 12 32 31 28 | 01
#0777-d290 @A: 17 31 32 35 | 08
#0778-d290 @A: 23 32 06 25 | 06
#0779-d290 @A: 06 21 32 16 | 09
#0780-d290 @A: 03 07 04 32 | 07
#0781-d290 @A: 35 32 30 03 | 10
#0782-d290 @A: 32 14 35 34 | 11
#0783-d290 @A: 07 32 24 18 | 04
#0784-d290 @A: 12 15 32 17 | 05
#0785-d290 @A: 07 32 23 29 | 12
#0786-d290 @A: 02 32 14 19 | 02
#0787-d290 @A: 32 22 04 14 | 03
#0788-d290 @A: 02 30 32 11 | 01
#0789-d290 @A: 17 32 30 11 | 08
#0790-d290 @A: 03 10 31 05 | 06
#0791-d290 @A: 22 05 31 23 | 09
#0792-d290 @A: 31 09 15 30 | 07
#0793-d290 @A: 23 35 11 31 | 10
#0794-d290 @A: 24 09 31 10 | 11
#0795-d290 @A: 19 22 10 31 | 04
#0796-d290 @A: 31 17 21 27 | 05
#0797-d290 @A: 03 06 28 25 | 12
#0798-d290 @A: 18 34 06 02 | 02
#0799-d290 @A: 06 28 34 13 | 03
#0800-d290 @A: 10 30 06 34 | 01
#0801-d290 @A: 21 30 15 06 | 08
#0802-d290 @A: 35 07 27 06 | 06
#0803-d290 @A: 12 29 06 09 | 09
#0804-d290 @A: 10 29 06 04 | 07
#0805-d290 @A: 21 10 22 06 | 10
#0806-d290 @A: 22 06 17 29 | 11
#0807-d290 @A: 14 06 08 24 | 04
#0808-d290 @A: 20 34 21 18 | 05
#0809-d290 @A: 20 02 16 34 | 12
#0810-d290 @A: 07 12 15 20 | 02
#0811-d290 @A: 20 08 04 02 | 03
#0812-d290 @A: 03 19 13 34 | 01
#0813-d290 @A: 03 34 10 14 | 08
#0814-d290 @A: 28 03 29 18 | 06
#0815-d290 @A: 24 18 03 09 | 09
#0816-d290 @A: 03 15 22 28 | 07
#0817-d290 @A: 13 15 11 03 | 10
#0818-d290 @A: 24 23 03 13 | 11
#0819-d290 @A: 17 16 03 04 | 04
#0820-d290 @A: 11 03 08 19 | 05
#0821-d290 @A: 30 02 19 03 | 12
#0822-d290 @A: 19 24 34 28 | 02
#0823-d290 @A: 35 02 05 34 | 03
#0824-d290 @A: 13 05 17 34 | 01
#0825-d290 @A: 05 23 34 04 | 08
#0826-d290 @A: 07 35 34 08 | 06
#0827-d290 @A: 23 17 07 34 | 09
#0828-d290 @A: 16 19 34 35 | 07
#0829-d290 @A: 02 14 34 12 | 10
#0830-d290 @A: 10 04 34 25 | 11
#0831-d290 @A: 29 21 04 34 | 04
#0832-d290 @A: 09 34 30 14 | 05
#0833-d290 @A: 09 21 34 19 | 12
#0834-d290 @A: 17 22 34 27 | 02
#0835-d290 @A: 28 18 27 16 | 03
#0836-d290 @A: 18 11 35 12 | 01
#0837-d290 @A: 13 30 16 18 | 08
#0838-d290 @A: 21 10 18 02 | 06
#0839-d290 @A: 27 21 30 18 | 09
#0840-d290 @A: 28 08 07 25 | 07
#0841-d290 @A: 28 09 10 08 | 10
#0842-d290 @A: 19 09 28 02 | 11
#0843-d290 @A: 22 15 16 05 | 04
#0844-d290 @A: 21 05 07 17 | 05
#0845-d290 @A: 05 27 17 08 | 12
#0846-d290 @A: 15 24 19 30 | 02
#0847-d290 @A: 23 19 07 04 | 03
#0848-d290 @A: 30 07 27 22 | 01
#0849-d290 @A: 35 29 23 13 | 08
#0850-d290 @A: 25 10 14 35 | 06
#0851-d290 @A: 29 08 35 11 | 09
#0852-d290 @A: 35 22 08 30 | 07
#0853-d290 @A: 11 14 13 30 | 10
#0854-d290 @A: 22 27 21 13 | 11
#0855-d290 @A: 23 10 21 16 | 04
#0856-d290 @A: 22 16 23 08 | 05
#0857-d290 @A: 12 19 08 23 | 12
#0858-d290 @A: 30 27 14 23 | 02
#0859-d290 @A: 24 12 25 16 | 03
#0860-d290 @A: 12 14 16 21 | 01
#0861-d290 @A: 10 11 19 16 | 08
#0862-d290 @A: 16 25 22 14 | 06
#0863-d290 @A: 01 09 32 26 | 09
#0864-d290 @A: 01 31 04 26 | 07
#0865-d290 @A: 26 20 10 01 | 10
#0866-d290 @A: 12 13 01 26 | 11
#0867-d290 @A: 31 33 27 01 | 04
#0868-d290 @A: 01 32 24 05 | 05
#0869-d290 @A: 08 01 16 32 | 12
#0870-d290 @A: 01 31 22 34 | 02
#0871-d290 @A: 22 06 01 16 | 03
#0872-d290 @A: 20 02 24 01 | 01
#0873-d290 @A: 16 24 03 01 | 08
#0874-d290 @A: 01 17 21 13 | 06
#0875-d290 @A: 33 10 31 26 | 09
#0876-d290 @A: 25 26 33 18 | 07
#0877-d290 @A: 13 03 26 32 | 10
#0878-d290 @A: 31 07 26 29 | 11
#0879-d290 @A: 26 06 14 25 | 04
#0880-d290 @A: 14 27 20 26 | 05
#0881-d290 @A: 26 20 21 17 | 12
#0882-d290 @A: 26 10 03 35 | 02
#0883-d290 @A: 34 10 26 28 | 03
#0884-d290 @A: 18 13 26 07 | 01
#0885-d290 @A: 25 05 04 26 | 08
#0886-d290 @A: 29 26 14 21 | 06
#0887-d290 @A: 29 22 25 26 | 09
#0888-d290 @A: 33 05 32 27 | 07
#0889-d290 @A: 33 29 20 06 | 10
#0890-d290 @A: 06 33 25 34 | 11
#0891-d290 @A: 35 25 33 20 | 04
#0892-d290 @A: 33 13 22 18 | 05
#0893-d290 @A: 28 33 02 35 | 12
#0894-d290 @A: 28 10 14 33 | 02
#0895-d290 @A: 33 05 35 10 | 03
#0896-d290 @A: 33 10 23 15 | 01
#0897-d290 @A: 07 21 16 33 | 08
#0898-d290 @A: 09 29 33 08 | 06
#0899-d290 @A: 33 08 25 27 | 09
#0900-d290 @A: 06 08 32 31 | 07
#0901-d290 @A: 19 31 05 32 | 10
#0902-d290 @A: 32 23 31 27 | 11
#0903-d290 @A: 32 13 11 06 | 04
#0904-d290 @A: 32 03 20 34 | 05
#0905-d290 @A: 32 03 05 02 | 12
#0906-d290 @A: 16 32 29 18 | 02
#0907-d290 @A: 24 32 13 28 | 03
#0908-d290 @A: 11 12 32 14 | 01
#0909-d290 @A: 14 32 09 10 | 08
#0910-d290 @A: 05 17 31 06 | 06
#0911-d290 @A: 18 31 20 10 | 09
#0912-d290 @A: 20 16 31 12 | 07
#0913-d290 @A: 31 09 20 17 | 10
#0914-d290 @A: 03 31 15 35 | 11
#0915-d290 @A: 23 19 03 31 | 04
#0916-d290 @A: 04 22 03 31 | 05
#0917-d290 @A: 15 27 34 31 | 12
#0918-d290 @A: 07 18 04 31 | 02
#0919-d290 @A: 15 07 19 31 | 03
#0920-d290 @A: 27 09 31 07 | 01
#0921-d290 @A: 13 19 35 31 | 08
#0922-d290 @A: 23 31 14 24 | 06
#0923-d290 @A: 10 08 30 31 | 09
#0924-d290 @A: 24 30 31 29 | 07
#0925-d290 @A: 31 25 19 04 | 10
#0926-d290 @A: 10 06 20 03 | 11
#0927-d290 @A: 09 15 06 03 | 04
#0928-d290 @A: 07 06 13 19 | 05
#0929-d290 @A: 13 06 35 25 | 12
#0930-d290 @A: 27 12 06 21 | 02
#0931-d290 @A: 29 06 08 02 | 03
#0932-d290 @A: 24 06 21 09 | 01
#0933-d290 @A: 16 03 29 20 | 08
#0934-d290 @A: 17 15 18 20 | 06
#0935-d290 @A: 12 05 29 20 | 09
#0936-d290 @A: 24 12 20 08 | 07
#0937-d290 @A: 20 30 02 12 | 10
#0938-d290 @A: 05 08 03 18 | 11
#0939-d290 @A: 14 03 13 18 | 04
#0940-d290 @A: 21 18 03 17 | 05
#0941-d290 @A: 21 35 05 03 | 12
#0942-d290 @A: 03 08 14 35 | 02
#0943-d290 @A: 10 13 04 03 | 03
#0944-d290 @A: 29 11 03 12 | 01
#0945-d290 @A: 29 10 30 03 | 08
#0946-d290 @A: 03 08 21 02 | 06
#0947-d290 @A: 11 03 30 27 | 09
#0948-d290 @A: 18 16 34 10 | 07
#0949-d290 @A: 34 07 10 05 | 10
#0950-d290 @A: 29 05 34 22 | 11
#0951-d290 @A: 15 13 34 14 | 04
#0952-d290 @A: 15 17 34 08 | 05
#0953-d290 @A: 07 34 24 11 | 12
#0954-d290 @A: 24 10 34 13 | 02
#0955-d290 @A: 29 08 25 34 | 03
#0956-d290 @A: 08 14 11 34 | 01
#0957-d290 @A: 02 27 34 25 | 08
#0958-d290 @A: 34 22 27 11 | 06
#0959-d290 @A: 21 02 30 34 | 09
#0960-d290 @A: 18 23 29 02 | 07
#0961-d290 @A: 12 18 10 29 | 10
#0962-d290 @A: 04 12 18 25 | 11
#0963-d290 @A: 18 21 11 29 | 04
#0964-d290 @A: 04 21 18 22 | 05
#0965-d290 @A: 13 28 10 25 | 12
#0966-d290 @A: 22 28 25 02 | 02
#0967-d290 @A: 16 05 09 17 | 03
#0968-d290 @A: 10 24 02 05 | 01
#0969-d290 @A: 30 04 10 05 | 08
#0970-d290 @A: 27 05 14 24 | 06
#0971-d290 @A: 19 27 05 22 | 09
#0972-d290 @A: 23 13 15 27 | 07
#0973-d290 @A: 23 17 24 15 | 10
#0974-d290 @A: 19 16 15 04 | 11
#0975-d290 @A: 04 09 15 12 | 04
#0976-d290 @A: 10 14 15 22 | 05
#0977-d290 @A: 09 15 22 25 | 12
#0978-d290 @A: 11 12 07 02 | 02
#0979-d290 @A: 25 10 27 07 | 03
#0980-d290 @A: 30 07 25 24 | 01
#0981-d290 @A: 02 07 25 04 | 08
#0982-d290 @A: 12 17 19 35 | 06
#0983-d290 @A: 29 22 13 02 | 09
#0984-d290 @A: 24 13 04 09 | 07
#0985-d290 @A: 25 13 11 02 | 10
#0986-d290 @A: 11 13 19 04 | 11
#0987-d290 @A: 09 19 23 27 | 04
#0988-d290 @A: 21 16 30 29 | 05
#0989-d290 @A: 19 24 16 09 | 12
#0990-d290 @A: 16 08 19 02 | 02
#0991-d290 @A: 01 15 19 26 | 03
#0992-d290 @A: 01 35 26 21 | 01
#0993-d290 @A: 08 26 24 01 | 08
#0994-d290 @A: 14 06 01 32 | 06
#0995-d290 @A: 30 01 32 34 | 09
#0996-d290 @A: 31 19 18 01 | 07
#0997-d290 @A: 17 15 31 01 | 10
#0998-d290 @A: 07 06 01 04 | 11
#0999-d290 @A: 19 23 01 20 | 04
#1000-d290 @A: 05 03 01 22 | 05
#1001-d290 @A: 18 34 01 08 | 12
#1002-d290 @A: 01 34 17 25 | 02
#1003-d290 @A: 01 07 19 05 | 03
#1004-d290 @A: 17 07 12 01 | 01
#1005-d290 @A: 01 14 23 35 | 08
#1006-d290 @A: 30 12 04 01 | 06
#1007-d290 @A: 29 01 02 10 | 09
#1008-d290 @A: 10 24 01 30 | 07
#1009-d290 @A: 01 17 29 19 | 10
#1010-d290 @A: 09 27 11 01 | 11
#1011-d290 @A: 30 01 25 22 | 04
#1012-d290 @A: 10 32 18 26 | 05
#1013-d290 @A: 09 26 20 06 | 12
#1014-d290 @A: 26 16 29 06 | 02
#1015-d290 @A: 24 19 26 06 | 03
#1016-d290 @A: 16 25 26 20 | 01
#1017-d290 @A: 05 03 26 17 | 08
#1018-d290 @A: 04 15 26 03 | 06
#1019-d290 @A: 34 26 21 23 | 09
#1020-d290 @A: 29 05 18 26 | 07
#1021-d290 @A: 18 16 26 04 | 10
#1022-d290 @A: 18 26 04 17 | 11
#1023-d290 @A: 28 09 26 23 | 04
#1024-d290 @A: 15 26 12 05 | 05
#1025-d290 @A: 02 15 23 26 | 12
#1026-d290 @A: 26 14 12 04 | 02
#1027-d290 @A: 21 09 12 26 | 03
#1028-d290 @A: 19 14 26 22 | 01
#1029-d290 @A: 21 08 26 22 | 08
#1030-d290 @A: 27 26 19 02 | 06
#1031-d290 @A: 32 03 25 33 | 09
#1032-d290 @A: 23 16 33 32 | 07
#1033-d290 @A: 30 06 23 33 | 10
#1034-d290 @A: 16 20 14 33 | 11
#1035-d290 @A: 16 33 03 27 | 04
#1036-d290 @A: 34 33 35 17 | 05
#1037-d290 @A: 33 13 34 02 | 12
#1038-d290 @A: 14 27 07 33 | 02
#1039-d290 @A: 11 13 33 35 | 03
#1040-d290 @A: 33 14 21 35 | 01
#1041-d290 @A: 33 04 29 23 | 08
#1042-d290 @A: 02 12 33 10 | 06
#1043-d290 @A: 33 21 24 12 | 09
#1044-d290 @A: 19 14 33 29 | 07
#1045-d290 @A: 14 30 24 33 | 10
#1046-d290 @A: 31 32 09 16 | 11
#1047-d290 @A: 08 20 18 32 | 04
#1048-d290 @A: 13 32 17 20 | 05
#1049-d290 @A: 32 19 10 34 | 12
#1050-d290 @A: 32 25 05 28 | 02
#1051-d290 @A: 29 05 15 32 | 03
#1052-d290 @A: 13 21 35 32 | 01
#1053-d290 @A: 09 11 32 29 | 08
#1054-d290 @A: 34 31 23 30 | 06
#1055-d290 @A: 24 18 13 31 | 09
#1056-d290 @A: 28 07 31 02 | 07
#1057-d290 @A: 08 31 35 21 | 10
#1058-d290 @A: 13 17 12 31 | 11
#1059-d290 @A: 16 31 17 14 | 04
#1060-d290 @A: 12 31 14 22 | 05
#1061-d290 @A: 31 25 14 30 | 12
#1062-d290 @A: 06 15 20 27 | 02
#1063-d290 @A: 06 25 12 20 | 03
#1064-d290 @A: 07 06 08 03 | 01
#1065-d290 @A: 03 14 06 16 | 08
#1066-d290 @A: 06 34 35 09 | 06
#1067-d290 @A: 04 34 11 06 | 09
#1068-d290 @A: 18 14 06 28 | 07
#1069-d290 @A: 07 18 06 25 | 10
#1070-d290 @A: 23 28 06 22 | 11
#1071-d290 @A: 30 06 05 14 | 04
#1072-d290 @A: 07 23 24 06 | 05
#1073-d290 @A: 04 21 06 14 | 12
#1074-d290 @A: 28 07 10 20 | 02
#1075-d290 @A: 24 04 20 28 | 03
#1076-d290 @A: 17 14 20 28 | 01
#1077-d290 @A: 23 05 20 11 | 08
#1078-d290 @A: 10 20 16 05 | 06
#1079-d290 @A: 20 21 12 10 | 09
#1080-d290 @A: 29 02 27 20 | 07
#1081-d290 @A: 20 09 24 30 | 10
#1082-d290 @A: 34 03 22 23 | 11
#1083-d290 @A: 23 18 10 03 | 04
#1084-d290 @A: 03 24 27 07 | 05
#1085-d290 @A: 16 30 03 25 | 12
#1086-d290 @A: 12 03 02 24 | 02
#1087-d290 @A: 08 25 22 03 | 03
#1088-d290 @A: 17 03 08 22 | 01
#1089-d290 @A: 16 28 34 30 | 08
#1090-d290 @A: 15 34 23 09 | 06
#1091-d290 @A: 30 34 15 22 | 09
#1092-d290 @A: 02 17 16 34 | 07
#1093-d290 @A: 19 34 25 12 | 10
#1094-d290 @A: 27 29 24 34 | 11
#1095-d290 @A: 30 24 34 08 | 04
#1096-d290 @A: 18 12 19 28 | 05
#1097-d290 @A: 05 07 18 14 | 12
#1098-d290 @A: 13 18 10 05 | 02
#1099-d290 @A: 18 15 25 23 | 03
#1100-d290 @A: 18 21 16 35 | 01
#1101-d290 @A: 18 14 22 08 | 08
#1102-d290 @A: 13 28 35 14 | 06
#1103-d290 @A: 04 21 12 28 | 09
#1104-d290 @A: 04 29 28 11 | 07
#1105-d290 @A: 02 08 24 28 | 10
#1106-d290 @A: 04 28 30 09 | 11
#1107-d290 @A: 22 04 17 28 | 04
#1108-d290 @A: 02 15 09 05 | 05
#1109-d290 @A: 29 05 35 16 | 12
#1110-d290 @A: 29 04 27 05 | 02
#1111-d290 @A: 22 11 09 05 | 03
#1112-d290 @A: 30 27 05 02 | 01
#1113-d290 @A: 10 04 15 02 | 08
#1114-d290 @A: 02 24 15 14 | 06
#1115-d290 @A: 30 22 17 15 | 09
#1116-d290 @A: 12 07 13 35 | 07
#1117-d290 @A: 09 35 07 21 | 10
#1118-d290 @A: 07 21 25 13 | 11
#1119-d290 @A: 16 07 04 29 | 04
#1120-d290 @A: 08 07 29 10 | 05
#1121-d290 @A: 07 09 04 10 | 12
#1122-d290 @A: 30 25 35 23 | 02
#1123-d290 @A: 35 24 10 12 | 03
#1124-d290 @A: 02 35 24 09 | 01
#1125-d290 @A: 35 22 24 21 | 08
#1126-d290 @A: 27 09 35 14 | 06
#1127-d290 @A: 04 35 14 02 | 09
#1128-d290 @A: 14 35 22 11 | 07
#1129-d290 @A: 09 25 35 08 | 10
#1130-d290 @A: 24 08 13 29 | 11
#1131-d290 @A: 09 11 13 21 | 04
#1132-d290 @A: 25 23 10 29 | 05
#1133-d290 @A: 19 23 24 21 | 12
#1134-d290 @A: 08 12 16 29 | 02
#1135-d290 @A: 29 22 10 16 | 03
#1136-d290 @A: 08 16 10 25 | 01
#1137-d290 @A: 08 21 16 24 | 08
#1138-d290 @A: 11 16 24 02 | 06
#1139-d290 @A: 08 11 16 30 | 09
#1140-d290 @A: 33 05 01 29 | 07
#1141-d290 @A: 35 01 33 12 | 10
#1142-d290 @A: 02 01 32 23 | 11
#1143-d290 @A: 24 01 31 07 | 04
#1144-d290 @A: 06 35 01 30 | 05
#1145-d290 @A: 22 01 15 20 | 12
#1146-d290 @A: 17 03 01 14 | 02
#1147-d290 @A: 34 29 07 01 | 03
#1148-d290 @A: 01 28 16 17 | 01
#1149-d290 @A: 10 01 11 25 | 08
#1150-d290 @A: 01 22 04 29 | 06
#1151-d290 @A: 01 24 02 17 | 09
#1152-d290 @A: 01 19 27 25 | 07
#1153-d290 @A: 15 14 33 26 | 10
#1154-d290 @A: 05 32 14 26 | 11
#1155-d290 @A: 09 26 31 18 | 04
#1156-d290 @A: 15 29 26 20 | 05
#1157-d290 @A: 05 19 30 26 | 12
#1158-d290 @A: 13 35 26 08 | 02
#1159-d290 @A: 26 27 35 29 | 03
#1160-d290 @A: 30 35 17 26 | 01
#1161-d290 @A: 13 26 24 25 | 08
#1162-d290 @A: 26 13 27 17 | 06
#1163-d290 @A: 02 04 13 26 | 09
#1164-d290 @A: 04 11 24 26 | 07
#1165-d290 @A: 02 26 09 25 | 10
#1166-d290 @A: 15 06 33 05 | 11
#1167-d290 @A: 20 15 33 02 | 04
#1168-d290 @A: 33 23 21 20 | 05
#1169-d290 @A: 33 03 18 02 | 12
#1170-d290 @A: 03 09 33 12 | 02
#1171-d290 @A: 05 34 11 33 | 03
#1172-d290 @A: 19 18 21 33 | 01
#1173-d290 @A: 07 05 33 30 | 08
#1174-d290 @A: 11 12 15 33 | 06
#1175-d290 @A: 16 33 35 04 | 09
#1176-d290 @A: 09 33 14 04 | 07
#1177-d290 @A: 32 20 07 14 | 10
#1178-d290 @A: 21 20 02 32 | 11
#1179-d290 @A: 03 08 32 12 | 04
#1180-d290 @A: 32 27 09 03 | 05
#1181-d290 @A: 25 13 18 32 | 12
#1182-d290 @A: 15 22 23 32 | 02
#1183-d290 @A: 13 08 32 07 | 03
#1184-d290 @A: 07 22 25 32 | 01
#1185-d290 @A: 30 12 10 32 | 08
#1186-d290 @A: 21 29 32 12 | 06
#1187-d290 @A: 29 32 27 10 | 09
#1188-d290 @A: 29 08 32 22 | 07
#1189-d290 @A: 21 19 08 32 | 10
#1190-d290 @A: 04 25 30 32 | 11
#1191-d290 @A: 06 31 22 20 | 04
#1192-d290 @A: 06 34 14 31 | 05
#1193-d290 @A: 31 34 04 35 | 12
#1194-d290 @A: 07 17 18 31 | 02
#1195-d290 @A: 13 16 25 31 | 03
#1196-d290 @A: 17 25 31 23 | 01
#1197-d290 @A: 12 31 10 04 | 08
#1198-d290 @A: 31 30 17 08 | 06
#1199-d290 @A: 20 06 16 30 | 09
#1200-d290 @A: 30 17 06 34 | 07
#1201-d290 @A: 28 15 19 06 | 10
#1202-d290 @A: 06 02 28 10 | 11
#1203-d290 @A: 05 02 23 06 | 04
#1204-d290 @A: 15 14 06 07 | 05
#1205-d290 @A: 16 11 06 07 | 12
#1206-d290 @A: 10 08 12 06 | 02
#1207-d290 @A: 06 17 27 12 | 03
#1208-d290 @A: 11 06 10 09 | 01
#1209-d290 @A: 24 06 29 22 | 08
#1210-d290 @A: 22 14 06 02 | 06
#1211-d290 @A: 11 15 34 20 | 09
#1212-d290 @A: 35 12 34 20 | 07
#1213-d290 @A: 30 20 19 34 | 10
#1214-d290 @A: 22 18 20 23 | 11
#1215-d290 @A: 13 09 20 05 | 04
#1216-d290 @A: 20 16 07 22 | 05
#1217-d290 @A: 19 22 35 20 | 12
#1218-d290 @A: 20 11 21 22 | 02
#1219-d290 @A: 25 18 35 03 | 03
#1220-d290 @A: 21 28 07 03 | 01
#1221-d290 @A: 09 03 16 05 | 08
#1222-d290 @A: 17 23 03 15 | 06
#1223-d290 @A: 35 16 12 03 | 09
#1224-d290 @A: 16 13 21 03 | 07
#1225-d290 @A: 03 25 12 10 | 10
#1226-d290 @A: 24 08 10 03 | 11
#1227-d290 @A: 14 25 24 03 | 04
#1228-d290 @A: 04 03 30 24 | 05
#1229-d290 @A: 24 05 34 09 | 12
#1230-d290 @A: 23 35 10 34 | 02
#1231-d290 @A: 34 08 21 12 | 03
#1232-d290 @A: 10 34 08 02 | 01
#1233-d290 @A: 34 19 27 14 | 08
#1234-d290 @A: 21 22 34 25 | 06
#1235-d290 @A: 18 27 05 15 | 09
#1236-d290 @A: 09 21 18 14 | 07
#1237-d290 @A: 05 28 07 04 | 10
#1238-d290 @A: 10 11 12 28 | 11
#1239-d290 @A: 12 28 14 24 | 04
#1240-d290 @A: 28 30 11 24 | 05
#1241-d290 @A: 19 22 28 04 | 12
#1242-d290 @A: 35 13 05 27 | 02
#1243-d290 @A: 05 12 17 22 | 03
#1244-d290 @A: 05 08 22 10 | 01
#1245-d290 @A: 08 24 05 19 | 08
#1246-d290 @A: 11 17 05 25 | 06
#1247-d290 @A: 17 15 11 07 | 09
#1248-d290 @A: 15 04 23 35 | 07
#1249-d290 @A: 25 10 15 21 | 10
#1250-d290 @A: 24 15 25 29 | 11
#1251-d290 @A: 14 11 15 21 | 04
#1252-d290 @A: 09 07 30 11 | 05
#1253-d290 @A: 07 02 21 19 | 12
#1254-d290 @A: 11 21 07 04 | 02
#1255-d290 @A: 16 09 13 35 | 03
#1256-d290 @A: 12 25 22 35 | 01
#1257-d290 @A: 14 29 35 24 | 08
#1258-d290 @A: 35 04 17 24 | 06
#1259-d290 @A: 11 35 21 30 | 09
#1260-d290 @A: 12 16 13 22 | 07
#1261-d290 @A: 13 11 02 17 | 10
#1262-d290 @A: 08 23 10 14 | 11
#1263-d290 @A: 27 11 23 29 | 04
#1264-d290 @A: 04 21 23 08 | 05
#1265-d290 @A: 17 09 23 27 | 12
#1266-d290 @A: 02 16 12 09 | 02
#1267-d290 @A: 08 04 14 16 | 03
#1268-d290 @A: 09 27 16 30 | 01
#1269-d290 @A: 04 27 25 16 | 08
#1270-d290 @A: 02 22 30 16 | 06
#1271-d290 @A: 19 22 16 21 | 09
#1272-d290 @A: 17 12 02 30 | 07
#1273-d290 @A: 21 17 10 30 | 10
#1274-d290 @A: 04 29 17 30 | 11
#1275-d290 @A: 27 26 01 18 | 04
#1276-d290 @A: 34 01 04 33 | 05
#1277-d290 @A: 01 33 02 07 | 12
#1278-d290 @A: 01 27 20 32 | 02
#1279-d290 @A: 29 21 01 06 | 03
#1280-d290 @A: 12 20 01 28 | 01
#1281-d290 @A: 01 12 03 18 | 08
#1282-d290 @A: 01 18 07 30 | 06
#1283-d290 @A: 01 24 23 28 | 09
#1284-d290 @A: 14 01 24 11 | 07
#1285-d290 @A: 14 21 01 22 | 10
#1286-d290 @A: 09 35 33 26 | 11
#1287-d290 @A: 08 32 26 17 | 04
#1288-d290 @A: 26 02 06 30 | 05
#1289-d290 @A: 07 26 04 20 | 12
#1290-d290 @A: 26 03 09 34 | 02
#1291-d290 @A: 26 30 18 11 | 03
#1292-d290 @A: 26 02 12 29 | 01
#1293-d290 @A: 06 32 02 33 | 08
#1294-d290 @A: 32 19 33 15 | 06
#1295-d290 @A: 31 33 23 02 | 09
#1296-d290 @A: 07 06 33 10 | 07
#1297-d290 @A: 18 33 20 27 | 10
#1298-d290 @A: 20 10 33 17 | 11
#1299-d290 @A: 22 20 33 30 | 04
#1300-d290 @A: 03 13 05 33 | 05
#1301-d290 @A: 33 22 21 03 | 12
#1302-d290 @A: 34 14 23 33 | 02
#1303-d290 @A: 11 18 16 33 | 03
#1304-d290 @A: 33 23 25 05 | 01
#1305-d290 @A: 30 15 35 33 | 08
#1306-d290 @A: 19 08 33 35 | 06
#1307-d290 @A: 19 23 13 33 | 09
#1308-d290 @A: 33 14 12 08 | 07
#1309-d290 @A: 21 04 27 33 | 10
#1310-d290 @A: 32 31 20 29 | 11
#1311-d290 @A: 32 10 25 31 | 04
#1312-d290 @A: 12 32 23 20 | 05
#1313-d290 @A: 14 28 32 03 | 12
#1314-d290 @A: 27 34 07 32 | 02
#1315-d290 @A: 34 13 32 29 | 03
#1316-d290 @A: 32 11 23 34 | 01
#1317-d290 @A: 09 34 32 04 | 08
#1318-d290 @A: 18 21 05 32 | 06
#1319-d290 @A: 32 10 35 16 | 09
#1320-d290 @A: 32 23 22 17 | 07
#1321-d290 @A: 14 32 25 08 | 10
#1322-d290 @A: 31 06 28 24 | 11
#1323-d290 @A: 23 31 06 10 | 04
#1324-d290 @A: 11 29 15 31 | 05
#1325-d290 @A: 10 35 31 27 | 12
#1326-d290 @A: 08 02 22 31 | 02
#1327-d290 @A: 34 20 06 17 | 03
#1328-d290 @A: 23 06 14 20 | 01
#1329-d290 @A: 34 06 03 29 | 08
#1330-d290 @A: 06 03 05 11 | 06
#1331-d290 @A: 30 12 28 06 | 09
#1332-d290 @A: 06 07 22 05 | 07
#1333-d290 @A: 35 08 15 06 | 10
#1334-d290 @A: 11 21 08 06 | 11
#1335-d290 @A: 04 19 06 27 | 04
#1336-d290 @A: 30 03 20 18 | 05
#1337-d290 @A: 15 08 20 03 | 12
#1338-d290 @A: 27 20 03 23 | 02
#1339-d290 @A: 27 28 20 34 | 03
#1340-d290 @A: 34 24 25 20 | 01
#1341-d290 @A: 11 09 20 28 | 08
#1342-d290 @A: 20 15 05 04 | 06
#1343-d290 @A: 35 08 05 20 | 09
#1344-d290 @A: 23 20 09 10 | 07
#1345-d290 @A: 20 02 23 17 | 10
#1346-d290 @A: 20 09 16 08 | 11
#1347-d290 @A: 20 24 10 14 | 04
#1348-d290 @A: 11 20 19 02 | 05
#1349-d290 @A: 17 19 20 04 | 12
#1350-d290 @A: 03 34 17 12 | 02
#1351-d290 @A: 28 03 10 16 | 03
#1352-d290 @A: 03 16 07 19 | 01
#1353-d290 @A: 14 03 02 29 | 08
#1354-d290 @A: 25 29 04 03 | 06
#1355-d290 @A: 21 30 14 03 | 09
#1356-d290 @A: 11 22 03 02 | 07
#1357-d290 @A: 18 35 29 34 | 10
#1358-d290 @A: 28 05 34 21 | 11
#1359-d290 @A: 14 34 29 28 | 04
#1360-d290 @A: 14 22 07 34 | 05
#1361-d290 @A: 30 35 34 13 | 12
#1362-d290 @A: 34 08 23 27 | 02
#1363-d290 @A: 09 29 34 02 | 03
#1364-d290 @A: 19 29 11 34 | 01
#1365-d290 @A: 14 34 24 17 | 08
#1366-d290 @A: 30 23 28 18 | 06
#1367-d290 @A: 18 04 10 28 | 09
#1368-d290 @A: 15 30 18 08 | 07
#1369-d290 @A: 10 27 18 19 | 10
#1370-d290 @A: 18 29 19 08 | 11
#1371-d290 @A: 29 22 18 30 | 04
#1372-d290 @A: 24 02 18 30 | 05
#1373-d290 @A: 19 02 18 17 | 12
#1374-d290 @A: 05 16 19 28 | 02
#1375-d290 @A: 35 15 28 09 | 03
#1376-d290 @A: 24 07 35 28 | 01
#1377-d290 @A: 35 28 17 13 | 08
#1378-d290 @A: 21 23 28 11 | 06
#1379-d290 @A: 28 12 25 29 | 09
#1380-d290 @A: 14 28 27 04 | 07
#1381-d290 @A: 09 22 28 21 | 10
#1382-d290 @A: 15 05 14 35 | 11
#1383-d290 @A: 35 23 12 05 | 04
#1384-d290 @A: 35 09 05 19 | 05
#1385-d290 @A: 13 24 16 05 | 12
#1386-d290 @A: 13 05 19 02 | 02
#1387-d290 @A: 23 27 05 21 | 03
#1388-d290 @A: 10 29 14 05 | 01
#1389-d290 @A: 05 11 19 14 | 08
#1390-d290 @A: 07 16 27 15 | 06
#1391-d290 @A: 25 15 12 27 | 09
#1392-d290 @A: 27 29 15 14 | 07
#1393-d290 @A: 17 35 09 07 | 10
#1394-d290 @A: 07 11 29 14 | 11
#1395-d290 @A: 08 07 21 14 | 04
#1396-d290 @A: 09 02 08 07 | 05
#1397-d290 @A: 07 11 19 22 | 12
#1398-d290 @A: 27 11 24 13 | 02
#1399-d290 @A: 29 16 24 23 | 03
#1400-d290 @A: 02 04 23 12 | 01
#1401-d290 @A: 24 11 23 10 | 08
#1402-d290 @A: 27 23 04 10 | 06
#1403-d290 @A: 08 24 25 23 | 09
#1404-d290 @A: 25 23 14 21 | 07
#1405-d290 @A: 09 25 04 23 | 10
#1406-d290 @A: 23 30 19 17 | 11
#1407-d290 @A: 11 04 12 16 | 04
#1408-d290 @A: 10 27 16 02 | 05
#1409-d290 @A: 08 12 04 17 | 12
#1410-d290 @A: 33 01 16 19 | 02
#1411-d290 @A: 11 33 01 30 | 03
#1412-d290 @A: 01 31 16 21 | 01
#1413-d290 @A: 08 01 31 25 | 08
#1414-d290 @A: 06 05 12 01 | 06
#1415-d290 @A: 06 23 01 27 | 09
#1416-d290 @A: 04 17 01 06 | 07
#1417-d290 @A: 20 34 01 09 | 10
#1418-d290 @A: 20 05 01 21 | 11
#1419-d290 @A: 01 09 03 28 | 04
#1420-d290 @A: 03 08 04 01 | 05
#1421-d290 @A: 14 01 34 25 | 12
#1422-d290 @A: 02 34 01 19 | 02
#1423-d290 @A: 01 35 18 28 | 03
#1424-d290 @A: 16 28 01 14 | 01
#1425-d290 @A: 29 01 12 24 | 08
#1426-d290 @A: 27 01 10 22 | 06
#1427-d290 @A: 21 01 27 08 | 09
#1428-d290 @A: 26 20 33 19 | 07
#1429-d290 @A: 20 26 11 32 | 10
#1430-d290 @A: 32 26 19 23 | 11
#1431-d290 @A: 31 26 23 25 | 04
#1432-d290 @A: 06 26 08 05 | 05
#1433-d290 @A: 26 12 07 06 | 12
#1434-d290 @A: 20 34 26 05 | 02
#1435-d290 @A: 20 18 26 12 | 03
#1436-d290 @A: 02 20 22 26 | 01
#1437-d290 @A: 34 26 12 16 | 08
#1438-d290 @A: 34 26 11 02 | 06
#1439-d290 @A: 34 26 22 04 | 09
#1440-d290 @A: 24 26 22 18 | 07
#1441-d290 @A: 35 26 28 12 | 10
#1442-d290 @A: 16 28 26 21 | 11
#1443-d290 @A: 08 28 26 19 | 04
#1444-d290 @A: 13 05 26 22 | 05
#1445-d290 @A: 05 10 21 26 | 12
#1446-d290 @A: 15 26 25 17 | 02
#1447-d290 @A: 17 16 26 19 | 03
#1448-d290 @A: 19 04 10 26 | 01
#1449-d290 @A: 21 26 04 30 | 08
#1450-d290 @A: 32 33 24 29 | 06
#1451-d290 @A: 03 31 33 14 | 09
#1452-d290 @A: 33 34 08 31 | 07
#1453-d290 @A: 31 33 17 29 | 10
#1454-d290 @A: 11 06 14 33 | 11
#1455-d290 @A: 28 09 33 05 | 04
#1456-d290 @A: 28 25 33 16 | 05
#1457-d290 @A: 22 04 33 12 | 12
#1458-d290 @A: 33 10 24 27 | 02
#1459-d290 @A: 33 08 04 10 | 03
#1460-d290 @A: 19 09 33 10 | 01
#1461-d290 @A: 08 33 24 22 | 08
#1462-d290 @A: 17 21 08 33 | 06
#1463-d290 @A: 20 05 30 32 | 09
#1464-d290 @A: 17 32 28 03 | 07
#1465-d290 @A: 28 07 32 19 | 10
#1466-d290 @A: 35 12 32 02 | 11
#1467-d290 @A: 13 04 32 23 | 04
#1468-d290 @A: 09 02 32 13 | 05
#1469-d290 @A: 10 24 17 32 | 12
#1470-d290 @A: 08 32 24 09 | 02
#1471-d290 @A: 06 02 15 31 | 03
#1472-d290 @A: 24 34 03 31 | 01
#1473-d290 @A: 28 11 31 03 | 08
#1474-d290 @A: 31 03 02 16 | 06
#1475-d290 @A: 31 18 08 12 | 09
#1476-d290 @A: 16 08 15 31 | 07
#1477-d290 @A: 07 16 31 10 | 10
#1478-d290 @A: 22 25 31 24 | 11
#1479-d290 @A: 27 30 19 31 | 04
#1480-d290 @A: 20 18 06 04 | 05
#1481-d290 @A: 21 06 20 19 | 12
#1482-d290 @A: 18 03 21 06 | 02
#1483-d290 @A: 23 34 19 06 | 03
#1484-d290 @A: 06 21 35 23 | 01
#1485-d290 @A: 27 06 14 10 | 08
#1486-d290 @A: 04 30 06 08 | 06
#1487-d290 @A: 30 06 09 25 | 09
#1488-d290 @A: 09 27 06 22 | 07
#1489-d290 @A: 28 20 15 14 | 10
#1490-d290 @A: 23 20 30 15 | 11
#1491-d290 @A: 07 20 30 13 | 04
#1492-d290 @A: 35 23 02 20 | 05
#1493-d290 @A: 12 11 27 20 | 12
#1494-d290 @A: 10 02 25 20 | 02
#1495-d290 @A: 20 19 14 08 | 03
#1496-d290 @A: 08 20 30 25 | 01
#1497-d290 @A: 20 08 27 22 | 08
#1498-d290 @A: 25 20 19 09 | 06
#1499-d290 @A: 25 30 20 17 | 09
#1500-d290 @A: 03 05 34 25 | 07
#1501-d290 @A: 08 03 29 27 | 10
#1502-d290 @A: 11 25 09 03 | 11
#1503-d290 @A: 21 03 09 04 | 04
#1504-d290 @A: 34 15 35 21 | 05
#1505-d290 @A: 02 23 34 07 | 12
#1506-d290 @A: 34 25 13 09 | 02
#1507-d290 @A: 34 09 12 11 | 03
#1508-d290 @A: 34 27 09 10 | 01
#1509-d290 @A: 18 28 23 17 | 08
#1510-d290 @A: 05 35 18 17 | 06
#1511-d290 @A: 16 14 18 15 | 09
#1512-d290 @A: 16 02 25 18 | 07
#1513-d290 @A: 12 18 09 30 | 10
#1514-d290 @A: 09 02 18 11 | 11
#1515-d290 @A: 02 04 19 18 | 04
#1516-d290 @A: 28 08 14 05 | 05
#1517-d290 @A: 28 30 05 17 | 12
#1518-d290 @A: 09 17 15 28 | 02
#1519-d290 @A: 22 10 24 28 | 03
#1520-d290 @A: 27 10 28 21 | 01
#1521-d290 @A: 21 28 24 25 | 08
#1522-d290 @A: 08 21 30 28 | 06
#1523-d290 @A: 07 15 21 05 | 09
#1524-d290 @A: 02 05 17 15 | 07
#1525-d290 @A: 13 30 23 05 | 10
#1526-d290 @A: 12 14 25 05 | 11
#1527-d290 @A: 19 04 05 21 | 04
#1528-d290 @A: 15 02 13 16 | 05
#1529-d290 @A: 15 21 24 04 | 12
#1530-d290 @A: 15 08 25 11 | 02
#1531-d290 @A: 10 35 07 11 | 03
#1532-d290 @A: 07 30 04 35 | 01
#1533-d290 @A: 08 17 07 19 | 08
#1534-d290 @A: 35 29 21 25 | 06
#1535-d290 @A: 11 35 19 24 | 09
#1536-d290 @A: 11 25 35 27 | 07
#1537-d290 @A: 04 13 12 29 | 10
#1538-d290 @A: 13 11 12 08 | 11
#1539-d290 @A: 14 19 10 13 | 04
#1540-d290 @A: 08 09 27 13 | 05
#1541-d290 @A: 24 27 16 22 | 12
#1542-d290 @A: 16 21 09 25 | 02
#1543-d290 @A: 29 11 17 24 | 03
#1544-d290 @A: 06 01 34 26 | 01
#1545-d290 @A: 03 26 01 25 | 08
#1546-d290 @A: 11 31 32 01 | 06
#1547-d290 @A: 32 15 01 04 | 09
#1548-d290 @A: 07 32 12 01 | 07
#1549-d290 @A: 32 17 27 01 | 10
#1550-d290 @A: 28 31 01 10 | 11
#1551-d290 @A: 06 18 01 10 | 04
#1552-d290 @A: 08 07 01 20 | 05
#1553-d290 @A: 34 27 01 12 | 12
#1554-d290 @A: 16 18 01 09 | 02
#1555-d290 @A: 15 11 05 01 | 03
#1556-d290 @A: 15 01 13 24 | 01
#1557-d290 @A: 01 16 11 35 | 08
#1558-d290 @A: 08 10 01 19 | 06
#1559-d290 @A: 14 27 02 01 | 09
#1560-d290 @A: 03 26 24 33 | 07
#1561-d290 @A: 07 33 08 26 | 10
#1562-d290 @A: 32 22 26 16 | 11
#1563-d290 @A: 31 26 20 08 | 04
#1564-d290 @A: 21 26 03 20 | 05
#1565-d290 @A: 20 26 13 28 | 12
#1566-d290 @A: 26 11 14 03 | 02
#1567-d290 @A: 25 35 34 26 | 03
#1568-d290 @A: 25 15 26 28 | 01
#1569-d290 @A: 17 26 29 28 | 08
#1570-d290 @A: 09 13 26 15 | 06
#1571-d290 @A: 24 07 26 16 | 09
#1572-d290 @A: 26 13 30 29 | 07
#1573-d290 @A: 29 26 10 24 | 10
#1574-d290 @A: 04 08 29 26 | 11
#1575-d290 @A: 26 14 11 17 | 04
#1576-d290 @A: 19 06 31 33 | 05
#1577-d290 @A: 33 31 28 22 | 12
#1578-d290 @A: 06 04 33 03 | 02
#1579-d290 @A: 06 17 33 03 | 03
#1580-d290 @A: 03 33 28 19 | 01
#1581-d290 @A: 03 23 08 33 | 08
#1582-d290 @A: 29 07 33 18 | 06
#1583-d290 @A: 23 33 12 18 | 09
#1584-d290 @A: 14 33 15 17 | 07
#1585-d290 @A: 27 33 12 29 | 10
#1586-d290 @A: 10 33 22 25 | 11
#1587-d290 @A: 33 22 29 11 | 04
#1588-d290 @A: 21 09 30 33 | 05
#1589-d290 @A: 33 25 22 17 | 12
#1590-d290 @A: 31 32 22 13 | 02
#1591-d290 @A: 32 04 31 21 | 03
#1592-d290 @A: 02 16 28 32 | 01
#1593-d290 @A: 24 32 17 05 | 08
#1594-d290 @A: 32 23 35 08 | 06
#1595-d290 @A: 29 19 32 25 | 09
#1596-d290 @A: 04 32 02 29 | 07
#1597-d290 @A: 02 22 27 32 | 10
#1598-d290 @A: 13 31 20 02 | 11
#1599-d290 @A: 03 07 31 25 | 04
#1600-d290 @A: 03 31 21 29 | 05
#1601-d290 @A: 17 24 03 31 | 12
#1602-d290 @A: 05 12 34 31 | 02
#1603-d290 @A: 21 13 31 34 | 03
#1604-d290 @A: 10 29 34 31 | 01
#1605-d290 @A: 05 18 11 31 | 08
#1606-d290 @A: 18 31 30 35 | 06
#1607-d290 @A: 31 18 14 02 | 09
#1608-d290 @A: 28 04 15 31 | 07
#1609-d290 @A: 29 28 16 31 | 10
#1610-d290 @A: 31 16 30 05 | 11
#1611-d290 @A: 05 08 31 29 | 04
#1612-d290 @A: 05 09 31 04 | 05
#1613-d290 @A: 31 23 15 21 | 12
#1614-d290 @A: 23 12 31 07 | 02
#1615-d290 @A: 08 07 11 31 | 03
#1616-d290 @A: 27 02 12 31 | 01
#1617-d290 @A: 02 29 25 31 | 08
#1618-d290 @A: 02 24 19 31 | 06
#1619-d290 @A: 09 21 31 02 | 09
#1620-d290 @A: 11 04 27 31 | 07
#1621-d290 @A: 11 22 31 30 | 10
#1622-d290 @A: 09 06 18 05 | 11
#1623-d290 @A: 06 13 18 27 | 04
#1624-d290 @A: 10 17 06 18 | 05
#1625-d290 @A: 16 35 02 06 | 12
#1626-d290 @A: 02 12 06 19 | 02
#1627-d290 @A: 08 25 19 06 | 03
#1628-d290 @A: 17 06 11 09 | 01
#1629-d290 @A: 03 11 07 20 | 08
#1630-d290 @A: 03 25 13 20 | 06
#1631-d290 @A: 12 20 03 14 | 09
#1632-d290 @A: 24 18 16 20 | 07
#1633-d290 @A: 15 35 10 20 | 10
#1634-d290 @A: 29 14 20 22 | 11
#1635-d290 @A: 20 21 25 04 | 04
#1636-d290 @A: 03 04 28 23 | 05
#1637-d290 @A: 03 05 30 15 | 12
#1638-d290 @A: 10 17 13 03 | 02
#1639-d290 @A: 29 09 03 13 | 03
#1640-d290 @A: 03 02 25 23 | 01
#1641-d290 @A: 34 05 18 30 | 08
#1642-d290 @A: 13 18 34 11 | 06
#1643-d290 @A: 29 16 15 34 | 09
#1644-d290 @A: 04 34 13 07 | 07
#1645-d290 @A: 34 16 07 09 | 10
#1646-d290 @A: 22 24 02 34 | 11
#1647-d290 @A: 28 15 11 18 | 04
#1648-d290 @A: 08 13 28 18 | 05
#1649-d290 @A: 35 18 19 15 | 12
#1650-d290 @A: 09 35 18 22 | 02
#1651-d290 @A: 30 16 18 17 | 03
#1652-d290 @A: 27 25 18 24 | 01
#1653-d290 @A: 18 22 25 11 | 08
#1654-d290 @A: 30 19 25 18 | 06
#1655-d290 @A: 28 35 30 05 | 09
#1656-d290 @A: 28 05 11 13 | 07
#1657-d290 @A: 05 12 02 28 | 10
#1658-d290 @A: 28 07 17 25 | 11
#1659-d290 @A: 28 21 02 29 | 04
#1660-d290 @A: 14 28 22 30 | 05
#1661-d290 @A: 07 05 02 16 | 12
#1662-d290 @A: 12 05 07 24 | 02
#1663-d290 @A: 14 04 13 05 | 03
#1664-d290 @A: 19 10 25 05 | 01
#1665-d290 @A: 05 09 29 30 | 08
#1666-d290 @A: 35 02 15 11 | 06
#1667-d290 @A: 17 15 13 16 | 09
#1668-d290 @A: 24 15 22 12 | 07
#1669-d290 @A: 14 04 15 25 | 10
#1670-d290 @A: 15 09 11 19 | 11
#1671-d290 @A: 07 13 02 27 | 04
#1672-d290 @A: 10 30 07 21 | 05
#1673-d290 @A: 17 14 07 29 | 12
#1674-d290 @A: 35 16 30 24 | 02
#1675-d290 @A: 17 35 22 10 | 03
#1676-d290 @A: 35 17 08 11 | 01
#1677-d290 @A: 22 04 27 35 | 08
#1678-d290 @A: 13 12 10 27 | 06
#1679-d290 @A: 10 29 11 13 | 09
#1680-d290 @A: 02 13 30 10 | 07
#1681-d290 @A: 09 17 13 29 | 10
#1682-d290 @A: 17 13 30 24 | 11
#1683-d290 @A: 17 13 09 04 | 04
#1684-d290 @A: 19 13 25 22 | 05
#1685-d290 @A: 04 14 23 11 | 12
#1686-d290 @A: 23 27 25 22 | 02
#1687-d290 @A: 16 09 04 22 | 03
#1688-d290 @A: 24 19 17 11 | 01
#1689-d290 @A: 17 02 22 09 | 08
