#0001-d340 @A: 26 25 33 16 | 12
#0002-d340 @A: 25 33 22 19 | 01
#0003-d340 @A: 15 12 33 35 | 06
#0004-d340 @A: 01 33 08 19 | 08
#0005-d340 @A: 24 33 14 10 | 03
#0006-d340 @A: 33 10 03 12 | 05
#0007-d340 @A: 33 10 05 20 | 11
#0008-d340 @A: 33 31 22 13 | 09
#0009-d340 @A: 06 30 08 33 | 02
#0010-d340 @A: 33 07 30 24 | 10
#0011-d340 @A: 33 17 07 20 | 07
#0012-d340 @A: 04 17 33 14 | 04
#0013-d340 @A: 21 32 33 30 | 12
#0014-d340 @A: 28 32 33 27 | 01
#0015-d340 @A: 33 28 18 16 | 06
#0016-d340 @A: 32 33 18 09 | 08
#0017-d340 @A: 33 18 12 14 | 03
#0018-d340 @A: 27 33 12 20 | 05
#0019-d340 @A: 25 01 02 12 | 11
#0020-d340 @A: 17 25 13 29 | 09
#0021-d340 @A: 25 22 13 14 | 02
#0022-d340 @A: 06 16 13 25 | 10
#0023-d340 @A: 22 21 11 25 | 07
#0024-d340 @A: 25 31 26 35 | 04
#0025-d340 @A: 27 25 12 08 | 12
#0026-d340 @A: 22 06 25 03 | 01
#0027-d340 @A: 25 05 28 29 | 06
#0028-d340 @A: 06 20 25 05 | 08
#0029-d340 @A: 32 25 12 06 | 03
#0030-d340 @A: 13 02 31 15 | 05
#0031-d340 @A: 15 30 18 02 | 11
#0032-d340 @A: 24 15 13 19 | 09
#0033-d340 @A: 28 34 15 09 | 02
#0034-d340 @A: 07 11 15 27 | 10
#0035-d340 @A: 07 15 08 12 | 07
#0036-d340 @A: 27 08 15 21 | 04
#0037-d340 @A: 27 32 03 15 | 12
#0038-d340 @A: 04 22 28 15 | 01
#0039-d340 @A: 05 31 15 17 | 06
#0040-d340 @A: 15 21 19 28 | 08
#0041-d340 @A: 05 15 27 06 | 03
#0042-d340 @A: 03 01 02 29 | 05
#0043-d340 @A: 34 11 02 13 | 11
#0044-d340 @A: 35 02 13 04 | 09
#0045-d340 @A: 35 23 34 02 | 02
#0046-d340 @A: 16 02 11 07 | 10
#0047-d340 @A: 14 04 02 26 | 07
#0048-d340 @A: 23 08 14 02 | 04
#0049-d340 @A: 23 02 09 03 | 12
#0050-d340 @A: 03 28 22 02 | 01
#0051-d340 @A: 02 16 21 29 | 06
#0052-d340 @A: 02 06 18 31 | 08
#0053-d340 @A: 12 35 02 09 | 03
#0054-d340 @A: 11 01 13 07 | 05
#0055-d340 @A: 01 27 13 23 | 11
#0056-d340 @A: 01 29 34 11 | 09
#0057-d340 @A: 03 01 34 24 | 02
#0058-d340 @A: 11 01 04 20 | 10
#0059-d340 @A: 01 07 08 04 | 07
#0060-d340 @A: 01 30 21 03 | 04
#0061-d340 @A: 01 32 28 12 | 12
#0062-d340 @A: 05 01 06 31 | 01
#0063-d340 @A: 06 09 30 01 | 06
#0064-d340 @A: 13 10 31 26 | 08
#0065-d340 @A: 13 10 08 23 | 03
#0066-d340 @A: 10 24 21 11 | 05
#0067-d340 @A: 31 09 11 10 | 11
#0068-d340 @A: 26 10 06 23 | 09
#0069-d340 @A: 21 10 26 29 | 02
#0070-d340 @A: 08 14 22 10 | 10
#0071-d340 @A: 06 07 10 24 | 07
#0072-d340 @A: 24 12 20 10 | 04
#0073-d340 @A: 27 04 10 07 | 12
#0074-d340 @A: 10 28 03 27 | 01
#0075-d340 @A: 16 32 10 22 | 06
#0076-d340 @A: 34 27 08 13 | 08
#0077-d340 @A: 24 08 31 13 | 03
#0078-d340 @A: 32 08 03 13 | 05
#0079-d340 @A: 24 28 03 13 | 11
#0080-d340 @A: 17 13 24 12 | 09
#0081-d340 @A: 04 32 17 13 | 02
#0082-d340 @A: 27 31 21 13 | 10
#0083-d340 @A: 18 13 31 28 | 07
#0084-d340 @A: 27 32 06 13 | 04
#0085-d340 @A: 31 12 13 09 | 12
#0086-d340 @A: 29 34 30 26 | 01
#0087-d340 @A: 18 24 34 23 | 06
#0088-d340 @A: 34 16 07 29 | 08
#0089-d340 @A: 06 30 07 34 | 03
#0090-d340 @A: 34 19 21 29 | 05
#0091-d340 @A: 31 27 06 34 | 11
#0092-d340 @A: 04 11 09 26 | 09
#0093-d340 @A: 08 04 11 35 | 02
#0094-d340 @A: 04 06 24 11 | 10
#0095-d340 @A: 07 03 11 32 | 07
#0096-d340 @A: 17 16 32 11 | 04
#0097-d340 @A: 11 21 27 14 | 12
#0098-d340 @A: 29 18 19 11 | 01
#0099-d340 @A: 26 23 32 04 | 06
#0100-d340 @A: 29 26 27 06 | 08
#0101-d340 @A: 24 23 05 32 | 03
#0102-d340 @A: 35 30 23 24 | 05
#0103-d340 @A: 23 14 07 32 | 11
#0104-d340 @A: 04 03 23 35 | 09
#0105-d340 @A: 23 27 03 17 | 02
#0106-d340 @A: 05 23 31 09 | 10
#0107-d340 @A: 14 06 23 30 | 07
#0108-d340 @A: 23 16 31 06 | 04
#0109-d340 @A: 32 08 16 21 | 12
#0110-d340 @A: 08 06 09 27 | 01
#0111-d340 @A: 14 08 16 30 | 06
#0112-d340 @A: 20 24 16 27 | 08
#0113-d340 @A: 20 31 35 24 | 03
#0114-d340 @A: 12 18 35 24 | 05
#0115-d340 @A: 21 07 12 32 | 11
#0116-d340 @A: 28 30 07 31 | 09
#0117-d340 @A: 32 30 07 19 | 02
#0118-d340 @A: 27 16 07 32 | 10
#0119-d340 @A: 32 18 31 07 | 07
#0120-d340 @A: 31 07 19 14 | 04
#0121-d340 @A: 12 35 16 07 | 12
#0122-d340 @A: 09 07 20 31 | 01
#0123-d340 @A: 17 04 05 03 | 06
#0124-d340 @A: 19 18 28 03 | 08
#0125-d340 @A: 03 29 06 05 | 03
#0126-d340 @A: 29 32 03 16 | 05
#0127-d340 @A: 22 18 21 04 | 11
#0128-d340 @A: 05 04 31 21 | 09
#0129-d340 @A: 04 12 21 14 | 02
#0130-d340 @A: 20 04 19 21 | 10
#0131-d340 @A: 14 28 05 17 | 07
#0132-d340 @A: 05 30 17 20 | 04
#0133-d340 @A: 20 35 17 09 | 12
#0134-d340 @A: 21 22 05 32 | 01
#0135-d340 @A: 12 22 28 06 | 06
#0136-d340 @A: 09 27 28 22 | 08
#0137-d340 @A: 22 09 14 05 | 03
#0138-d340 @A: 33 15 09 12 | 05
#0139-d340 @A: 33 29 02 08 | 11
#0140-d340 @A: 33 12 34 01 | 09
#0141-d340 @A: 17 10 16 33 | 02
#0142-d340 @A: 24 33 34 06 | 10
#0143-d340 @A: 28 34 07 33 | 07
#0144-d340 @A: 27 33 34 03 | 04
#0145-d340 @A: 04 16 34 33 | 12
#0146-d340 @A: 33 03 11 29 | 01
#0147-d340 @A: 30 22 33 26 | 06
#0148-d340 @A: 03 06 17 33 | 08
#0149-d340 @A: 30 12 33 04 | 03
#0150-d340 @A: 09 30 33 16 | 05
#0151-d340 @A: 27 13 15 25 | 11
#0152-d340 @A: 19 15 08 25 | 09
#0153-d340 @A: 15 32 25 07 | 02
#0154-d340 @A: 10 25 08 32 | 10
#0155-d340 @A: 25 17 31 10 | 07
#0156-d340 @A: 10 22 25 05 | 04
#0157-d340 @A: 29 25 27 10 | 12
#0158-d340 @A: 07 19 34 25 | 01
#0159-d340 @A: 25 27 32 23 | 06
#0160-d340 @A: 35 24 25 14 | 08
#0161-d340 @A: 12 16 24 25 | 03
#0162-d340 @A: 17 16 25 07 | 05
#0163-d340 @A: 09 14 07 25 | 11
#0164-d340 @A: 25 04 19 31 | 09
#0165-d340 @A: 18 14 25 05 | 02
#0166-d340 @A: 30 14 25 19 | 10
#0167-d340 @A: 15 02 27 24 | 07
#0168-d340 @A: 31 15 34 10 | 04
#0169-d340 @A: 15 13 07 30 | 12
#0170-d340 @A: 15 13 20 17 | 01
#0171-d340 @A: 07 03 15 34 | 06
#0172-d340 @A: 24 11 29 15 | 08
#0173-d340 @A: 14 23 15 22 | 03
#0174-d340 @A: 24 12 15 03 | 05
#0175-d340 @A: 32 15 24 20 | 11
#0176-d340 @A: 20 29 15 21 | 09
#0177-d340 @A: 28 32 15 31 | 02
#0178-d340 @A: 27 15 30 28 | 10
#0179-d340 @A: 29 06 15 12 | 07
#0180-d340 @A: 30 06 31 15 | 04
#0181-d340 @A: 19 15 32 12 | 12
#0182-d340 @A: 01 35 02 03 | 01
#0183-d340 @A: 16 10 23 02 | 06
#0184-d340 @A: 34 12 02 03 | 08
#0185-d340 @A: 08 29 02 35 | 03
#0186-d340 @A: 02 17 18 24 | 05
#0187-d340 @A: 35 02 19 07 | 11
#0188-d340 @A: 17 31 02 04 | 09
#0189-d340 @A: 22 02 29 06 | 02
#0190-d340 @A: 06 05 12 02 | 10
#0191-d340 @A: 14 29 02 19 | 07
#0192-d340 @A: 20 02 16 06 | 04
#0193-d340 @A: 30 02 12 27 | 12
#0194-d340 @A: 08 01 35 10 | 01
#0195-d340 @A: 01 24 10 19 | 06
#0196-d340 @A: 04 10 01 21 | 08
#0197-d340 @A: 20 12 01 13 | 03
#0198-d340 @A: 19 22 34 01 | 05
#0199-d340 @A: 34 29 35 01 | 11
#0200-d340 @A: 23 26 20 01 | 09
#0201-d340 @A: 35 07 01 26 | 02
#0202-d340 @A: 27 01 03 04 | 10
#0203-d340 @A: 01 20 03 32 | 07
#0204-d340 @A: 01 05 16 04 | 04
#0205-d340 @A: 35 14 17 01 | 12
#0206-d340 @A: 29 01 28 30 | 01
#0207-d340 @A: 01 06 12 14 | 06
#0208-d340 @A: 10 13 34 28 | 08
#0209-d340 @A: 17 10 11 27 | 03
#0210-d340 @A: 08 10 26 30 | 05
#0211-d340 @A: 26 10 16 04 | 11
#0212-d340 @A: 26 10 22 27 | 09
#0213-d340 @A: 03 10 32 24 | 02
#0214-d340 @A: 19 32 10 05 | 10
#0215-d340 @A: 10 18 12 27 | 07
#0216-d340 @A: 34 13 24 32 | 04
#0217-d340 @A: 23 13 28 07 | 12
#0218-d340 @A: 08 21 13 05 | 01
#0219-d340 @A: 24 27 04 13 | 06
#0220-d340 @A: 13 20 05 32 | 08
#0221-d340 @A: 12 13 35 14 | 03
#0222-d340 @A: 09 18 13 20 | 05
#0223-d340 @A: 23 11 34 32 | 11
#0224-d340 @A: 04 31 28 34 | 09
#0225-d340 @A: 18 34 21 12 | 02
#0226-d340 @A: 32 34 05 16 | 10
#0227-d340 @A: 23 11 03 18 | 07
#0228-d340 @A: 12 22 23 11 | 04
#0229-d340 @A: 17 08 31 11 | 12
#0230-d340 @A: 11 17 24 30 | 01
#0231-d340 @A: 11 07 09 29 | 06
#0232-d340 @A: 31 11 29 21 | 08
#0233-d340 @A: 05 28 35 11 | 03
#0234-d340 @A: 30 11 12 06 | 05
#0235-d340 @A: 22 26 16 23 | 11
#0236-d340 @A: 21 22 26 08 | 09
#0237-d340 @A: 03 27 24 26 | 02
#0238-d340 @A: 24 06 22 26 | 10
#0239-d340 @A: 32 07 22 26 | 07
#0240-d340 @A: 26 17 16 03 | 04
#0241-d340 @A: 30 26 27 04 | 12
#0242-d340 @A: 26 21 28 05 | 01
#0243-d340 @A: 35 30 26 21 | 06
#0244-d340 @A: 16 28 26 27 | 08
#0245-d340 @A: 26 19 09 30 | 03
#0246-d340 @A: 31 27 26 19 | 05
#0247-d340 @A: 03 30 23 24 | 11
#0248-d340 @A: 14 04 28 23 | 09
#0249-d340 @A: 28 16 20 23 | 02
#0250-d340 @A: 14 09 23 27 | 10
#0251-d340 @A: 24 08 35 19 | 07
#0252-d340 @A: 19 07 08 22 | 04
#0253-d340 @A: 20 35 07 08 | 12
#0254-d340 @A: 04 08 17 12 | 01
#0255-d340 @A: 35 30 22 08 | 06
#0256-d340 @A: 08 18 21 20 | 08
#0257-d340 @A: 32 08 19 14 | 03
#0258-d340 @A: 09 08 30 18 | 05
#0259-d340 @A: 31 08 20 27 | 11
#0260-d340 @A: 03 04 18 24 | 09
#0261-d340 @A: 19 03 09 24 | 02
#0262-d340 @A: 16 17 24 04 | 10
#0263-d340 @A: 28 31 19 24 | 07
#0264-d340 @A: 14 30 24 18 | 04
#0265-d340 @A: 07 03 09 28 | 12
#0266-d340 @A: 04 07 19 16 | 01
#0267-d340 @A: 27 30 07 21 | 06
#0268-d340 @A: 28 29 27 07 | 08
#0269-d340 @A: 20 12 28 07 | 03
#0270-d340 @A: 20 05 07 16 | 05
#0271-d340 @A: 06 27 14 07 | 11
#0272-d340 @A: 07 18 16 12 | 09
#0273-d340 @A: 22 03 30 04 | 02
#0274-d340 @A: 03 21 28 29 | 10
#0275-d340 @A: 18 14 21 03 | 07
#0276-d340 @A: 14 05 03 20 | 04
#0277-d340 @A: 29 27 09 03 | 12
#0278-d340 @A: 21 30 04 06 | 01
#0279-d340 @A: 20 04 28 32 | 06
#0280-d340 @A: 32 04 05 29 | 08
#0281-d340 @A: 12 20 04 29 | 03
#0282-d340 @A: 17 06 21 05 | 05
#0283-d340 @A: 17 29 27 20 | 11
#0284-d340 @A: 30 06 18 17 | 09
#0285-d340 @A: 18 17 16 14 | 02
#0286-d340 @A: 22 12 20 05 | 10
#0287-d340 @A: 19 31 20 22 | 07
#0288-d340 @A: 05 29 09 35 | 04
#0289-d340 @A: 29 27 35 09 | 12
#0290-d340 @A: 18 33 15 25 | 01
#0291-d340 @A: 10 33 25 11 | 06
#0292-d340 @A: 33 01 15 16 | 08
#0293-d340 @A: 02 34 33 05 | 03
#0294-d340 @A: 13 33 01 03 | 05
#0295-d340 @A: 14 33 32 01 | 11
#0296-d340 @A: 10 22 33 18 | 09
#0297-d340 @A: 33 30 13 11 | 02
#0298-d340 @A: 34 23 33 30 | 10
#0299-d340 @A: 17 09 33 34 | 07
#0300-d340 @A: 11 06 33 14 | 04
#0301-d340 @A: 19 26 33 04 | 12
#0302-d340 @A: 32 08 33 12 | 01
#0303-d340 @A: 33 07 21 35 | 06
#0304-d340 @A: 09 33 03 22 | 08
#0305-d340 @A: 33 03 30 05 | 03
#0306-d340 @A: 09 20 33 21 | 05
#0307-d340 @A: 21 33 12 31 | 11
#0308-d340 @A: 06 28 31 33 | 09
#0309-d340 @A: 33 16 06 19 | 02
#0310-d340 @A: 02 25 06 08 | 10
#0311-d340 @A: 16 25 01 22 | 07
#0312-d340 @A: 23 10 25 09 | 04
#0313-d340 @A: 25 14 06 10 | 12
#0314-d340 @A: 25 34 08 16 | 01
#0315-d340 @A: 34 28 25 03 | 06
#0316-d340 @A: 25 06 34 09 | 08
#0317-d340 @A: 20 25 11 17 | 03
#0318-d340 @A: 30 23 25 17 | 05
#0319-d340 @A: 23 20 25 22 | 11
#0320-d340 @A: 04 25 18 08 | 09
#0321-d340 @A: 25 17 08 22 | 02
#0322-d340 @A: 31 25 06 21 | 10
#0323-d340 @A: 34 15 35 10 | 07
#0324-d340 @A: 10 03 18 15 | 04
#0325-d340 @A: 30 34 21 15 | 12
#0326-d340 @A: 23 09 15 07 | 01
#0327-d340 @A: 15 08 31 35 | 06
#0328-d340 @A: 24 09 15 21 | 08
#0329-d340 @A: 24 16 18 15 | 03
#0330-d340 @A: 07 14 21 15 | 05
#0331-d340 @A: 15 12 14 05 | 11
#0332-d340 @A: 29 30 35 15 | 09
#0333-d340 @A: 15 30 12 20 | 02
#0334-d340 @A: 20 15 31 16 | 10
#0335-d340 @A: 01 04 02 18 | 07
#0336-d340 @A: 28 02 13 04 | 04
#0337-d340 @A: 20 19 13 02 | 12
#0338-d340 @A: 11 08 32 02 | 01
#0339-d340 @A: 02 08 09 07 | 06
#0340-d340 @A: 08 02 03 18 | 08
#0341-d340 @A: 14 18 07 02 | 03
#0342-d340 @A: 12 17 02 29 | 05
#0343-d340 @A: 05 16 02 28 | 11
#0344-d340 @A: 29 18 09 02 | 09
#0345-d340 @A: 02 12 32 16 | 02
#0346-d340 @A: 06 08 01 13 | 10
#0347-d340 @A: 01 31 13 17 | 07
#0348-d340 @A: 01 11 30 23 | 04
#0349-d340 @A: 35 11 31 01 | 12
#0350-d340 @A: 04 12 01 23 | 01
#0351-d340 @A: 14 01 08 24 | 06
#0352-d340 @A: 27 01 07 24 | 08
#0353-d340 @A: 27 28 01 18 | 03
#0354-d340 @A: 19 01 05 14 | 05
#0355-d340 @A: 19 13 10 07 | 11
#0356-d340 @A: 28 26 35 10 | 09
#0357-d340 @A: 17 08 10 19 | 02
#0358-d340 @A: 13 14 34 04 | 10
#0359-d340 @A: 13 16 34 17 | 07
#0360-d340 @A: 19 13 08 26 | 04
#0361-d340 @A: 26 13 07 27 | 12
#0362-d340 @A: 13 31 29 23 | 01
#0363-d340 @A: 21 24 13 07 | 06
#0364-d340 @A: 13 06 20 04 | 08
#0365-d340 @A: 12 16 13 28 | 03
#0366-d340 @A: 31 30 13 05 | 05
#0367-d340 @A: 32 13 29 35 | 11
#0368-d340 @A: 21 11 07 34 | 09
#0369-d340 @A: 07 34 17 12 | 02
#0370-d340 @A: 30 34 04 05 | 10
#0371-d340 @A: 14 12 34 22 | 07
#0372-d340 @A: 16 18 06 34 | 04
#0373-d340 @A: 31 16 19 34 | 12
#0374-d340 @A: 28 22 11 26 | 01
#0375-d340 @A: 27 18 11 26 | 06
#0376-d340 @A: 23 20 35 11 | 08
#0377-d340 @A: 28 03 11 17 | 03
#0378-d340 @A: 17 21 04 11 | 05
#0379-d340 @A: 32 19 28 11 | 11
#0380-d340 @A: 11 30 16 28 | 09
#0381-d340 @A: 20 09 11 28 | 02
#0382-d340 @A: 20 12 11 19 | 10
#0383-d340 @A: 24 12 26 32 | 07
#0384-d340 @A: 07 19 03 26 | 04
#0385-d340 @A: 03 26 30 18 | 12
#0386-d340 @A: 04 35 26 14 | 01
#0387-d340 @A: 26 19 18 21 | 06
#0388-d340 @A: 14 06 26 05 | 08
#0389-d340 @A: 26 05 32 27 | 03
#0390-d340 @A: 08 23 05 17 | 05
#0391-d340 @A: 23 08 06 32 | 11
#0392-d340 @A: 04 24 23 20 | 09
#0393-d340 @A: 23 31 18 27 | 02
#0394-d340 @A: 08 20 17 16 | 10
#0395-d340 @A: 08 28 19 29 | 07
#0396-d340 @A: 08 31 05 16 | 04
#0397-d340 @A: 29 08 14 09 | 12
#0398-d340 @A: 04 22 19 24 | 01
#0399-d340 @A: 21 12 24 06 | 06
#0400-d340 @A: 24 09 28 12 | 08
#0401-d340 @A: 20 31 24 29 | 03
#0402-d340 @A: 20 24 06 09 | 05
#0403-d340 @A: 32 16 24 31 | 11
#0404-d340 @A: 14 19 12 24 | 09
#0405-d340 @A: 04 03 07 21 | 02
#0406-d340 @A: 07 03 17 22 | 10
#0407-d340 @A: 07 21 05 18 | 07
#0408-d340 @A: 30 29 07 18 | 04
#0409-d340 @A: 28 30 12 03 | 12
#0410-d340 @A: 05 19 12 03 | 01
#0411-d340 @A: 04 35 17 32 | 06
#0412-d340 @A: 04 27 29 21 | 08
#0413-d340 @A: 04 09 32 21 | 03
#0414-d340 @A: 17 21 14 09 | 05
#0415-d340 @A: 06 28 17 32 | 11
#0416-d340 @A: 16 28 31 17 | 09
#0417-d340 @A: 27 17 18 05 | 02
#0418-d340 @A: 27 12 35 17 | 10
#0419-d340 @A: 05 16 27 22 | 07
#0420-d340 @A: 32 22 19 27 | 04
#0421-d340 @A: 27 33 25 24 | 12
#0422-d340 @A: 25 12 33 17 | 01
#0423-d340 @A: 29 33 25 32 | 06
#0424-d340 @A: 33 26 06 15 | 08
#0425-d340 @A: 23 20 33 02 | 03
#0426-d340 @A: 02 33 07 21 | 05
#0427-d340 @A: 31 07 33 10 | 11
#0428-d340 @A: 09 33 10 27 | 09
#0429-d340 @A: 33 21 23 13 | 02
#0430-d340 @A: 33 18 24 13 | 10
#0431-d340 @A: 33 34 08 18 | 07
#0432-d340 @A: 35 06 33 34 | 04
#0433-d340 @A: 33 32 34 31 | 12
#0434-d340 @A: 33 29 35 26 | 01
#0435-d340 @A: 17 23 29 33 | 06
#0436-d340 @A: 28 19 05 33 | 08
#0437-d340 @A: 28 33 12 29 | 03
#0438-d340 @A: 29 14 30 33 | 05
#0439-d340 @A: 12 15 22 25 | 11
#0440-d340 @A: 25 02 11 29 | 09
#0441-d340 @A: 25 01 10 20 | 02
#0442-d340 @A: 34 10 18 25 | 10
#0443-d340 @A: 07 25 31 13 | 07
#0444-d340 @A: 35 25 13 21 | 04
#0445-d340 @A: 25 32 11 24 | 12
#0446-d340 @A: 29 18 25 26 | 01
#0447-d340 @A: 35 23 25 05 | 06
#0448-d340 @A: 20 30 25 21 | 08
#0449-d340 @A: 14 20 25 27 | 03
#0450-d340 @A: 09 20 16 25 | 05
#0451-d340 @A: 26 15 03 02 | 11
#0452-d340 @A: 05 10 15 13 | 09
#0453-d340 @A: 17 15 10 12 | 02
#0454-d340 @A: 22 21 10 15 | 10
#0455-d340 @A: 28 13 15 35 | 07
#0456-d340 @A: 17 15 34 32 | 04
#0457-d340 @A: 15 03 11 16 | 12
#0458-d340 @A: 26 23 29 15 | 01
#0459-d340 @A: 08 15 23 30 | 06
#0460-d340 @A: 03 15 31 22 | 08
#0461-d340 @A: 35 15 04 27 | 03
#0462-d340 @A: 15 18 05 09 | 05
#0463-d340 @A: 14 15 27 29 | 11
#0464-d340 @A: 09 19 20 15 | 09
#0465-d340 @A: 01 14 02 28 | 02
#0466-d340 @A: 10 02 27 34 | 10
#0467-d340 @A: 20 02 17 34 | 07
#0468-d340 @A: 08 20 02 26 | 04
#0469-d340 @A: 02 26 06 17 | 12
#0470-d340 @A: 22 24 21 02 | 01
#0471-d340 @A: 16 24 09 02 | 06
#0472-d340 @A: 05 07 17 02 | 08
#0473-d340 @A: 04 30 02 19 | 03
#0474-d340 @A: 02 21 27 18 | 05
#0475-d340 @A: 31 02 29 27 | 11
#0476-d340 @A: 01 04 13 19 | 09
#0477-d340 @A: 01 13 35 30 | 02
#0478-d340 @A: 27 17 01 34 | 10
#0479-d340 @A: 20 05 34 01 | 07
#0480-d340 @A: 11 09 22 01 | 04
#0481-d340 @A: 12 08 22 01 | 12
#0482-d340 @A: 01 07 28 22 | 01
#0483-d340 @A: 09 32 01 07 | 06
#0484-d340 @A: 18 22 03 01 | 08
#0485-d340 @A: 29 17 01 06 | 03
#0486-d340 @A: 19 01 16 21 | 05
#0487-d340 @A: 27 09 20 01 | 11
#0488-d340 @A: 32 10 13 11 | 09
#0489-d340 @A: 23 27 10 24 | 02
#0490-d340 @A: 10 28 23 19 | 10
#0491-d340 @A: 22 07 10 09 | 07
#0492-d340 @A: 14 10 03 35 | 04
#0493-d340 @A: 10 04 18 32 | 12
#0494-d340 @A: 10 30 32 17 | 01
#0495-d340 @A: 19 06 18 10 | 06
#0496-d340 @A: 16 18 10 30 | 08
#0497-d340 @A: 31 10 19 30 | 03
#0498-d340 @A: 14 31 10 18 | 05
#0499-d340 @A: 34 13 03 31 | 11
#0500-d340 @A: 27 12 11 13 | 09
#0501-d340 @A: 24 26 13 35 | 02
#0502-d340 @A: 26 29 13 22 | 10
#0503-d340 @A: 30 13 09 23 | 07
#0504-d340 @A: 29 07 20 13 | 04
#0505-d340 @A: 28 21 20 13 | 12
#0506-d340 @A: 16 13 19 05 | 01
#0507-d340 @A: 14 20 31 13 | 06
#0508-d340 @A: 11 03 34 09 | 08
#0509-d340 @A: 26 07 24 34 | 03
#0510-d340 @A: 34 26 04 06 | 05
#0511-d340 @A: 22 34 26 18 | 11
#0512-d340 @A: 17 08 06 34 | 09
#0513-d340 @A: 34 21 08 31 | 02
#0514-d340 @A: 34 17 35 24 | 10
#0515-d340 @A: 28 24 16 34 | 07
#0516-d340 @A: 24 34 27 14 | 04
#0517-d340 @A: 30 03 17 34 | 12
#0518-d340 @A: 35 16 34 03 | 01
#0519-d340 @A: 35 34 31 22 | 06
#0520-d340 @A: 28 34 14 21 | 08
#0521-d340 @A: 14 06 34 29 | 03
#0522-d340 @A: 23 11 29 27 | 05
#0523-d340 @A: 35 24 11 32 | 11
#0524-d340 @A: 11 20 16 22 | 09
#0525-d340 @A: 11 14 28 31 | 02
#0526-d340 @A: 05 14 32 11 | 10
#0527-d340 @A: 20 11 29 06 | 07
#0528-d340 @A: 16 18 11 09 | 04
#0529-d340 @A: 23 26 27 21 | 12
#0530-d340 @A: 26 03 31 04 | 01
#0531-d340 @A: 03 28 32 26 | 06
#0532-d340 @A: 22 35 12 26 | 08
#0533-d340 @A: 16 14 29 26 | 03
#0534-d340 @A: 20 18 35 26 | 05
#0535-d340 @A: 08 23 07 31 | 11
#0536-d340 @A: 19 04 17 23 | 09
#0537-d340 @A: 23 17 09 20 | 02
#0538-d340 @A: 12 32 20 23 | 10
#0539-d340 @A: 23 14 12 16 | 07
#0540-d340 @A: 19 18 23 14 | 04
#0541-d340 @A: 30 03 27 08 | 12
#0542-d340 @A: 12 21 09 08 | 01
#0543-d340 @A: 12 31 08 28 | 06
#0544-d340 @A: 08 20 29 05 | 08
#0545-d340 @A: 35 09 07 24 | 03
#0546-d340 @A: 31 17 03 24 | 05
#0547-d340 @A: 21 03 05 24 | 11
#0548-d340 @A: 24 29 21 18 | 09
#0549-d340 @A: 24 16 35 05 | 02
#0550-d340 @A: 14 06 24 31 | 10
#0551-d340 @A: 24 31 18 09 | 07
#0552-d340 @A: 05 09 06 07 | 04
#0553-d340 @A: 14 05 30 07 | 12
#0554-d340 @A: 03 17 12 14 | 01
#0555-d340 @A: 12 22 03 29 | 06
#0556-d340 @A: 29 14 31 03 | 08
#0557-d340 @A: 31 06 19 03 | 03
#0558-d340 @A: 18 31 16 03 | 05
#0559-d340 @A: 04 28 05 09 | 11
#0560-d340 @A: 32 04 31 14 | 09
#0561-d340 @A: 18 16 04 20 | 02
#0562-d340 @A: 17 28 22 20 | 10
#0563-d340 @A: 22 18 32 17 | 07
#0564-d340 @A: 17 31 21 19 | 04
#0565-d340 @A: 30 22 21 19 | 12
#0566-d340 @A: 21 22 35 09 | 01
#0567-d340 @A: 27 12 22 21 | 06
#0568-d340 @A: 27 30 22 29 | 08
#0569-d340 @A: 14 29 16 35 | 03
#0570-d340 @A: 20 06 35 27 | 05
#0571-d340 @A: 35 31 16 19 | 11
#0572-d340 @A: 25 34 14 33 | 09
#0573-d340 @A: 20 33 03 25 | 02
#0574-d340 @A: 20 14 33 15 | 10
#0575-d340 @A: 33 02 09 01 | 07
#0576-d340 @A: 01 27 26 33 | 04
#0577-d340 @A: 19 10 33 34 | 12
#0578-d340 @A: 17 33 27 13 | 01
#0579-d340 @A: 22 33 34 29 | 06
#0580-d340 @A: 11 16 33 21 | 08
#0581-d340 @A: 33 16 07 23 | 03
#0582-d340 @A: 27 33 23 05 | 05
#0583-d340 @A: 33 23 12 19 | 11
#0584-d340 @A: 28 08 17 33 | 09
#0585-d340 @A: 19 33 03 32 | 02
#0586-d340 @A: 21 06 33 27 | 10
#0587-d340 @A: 19 21 14 33 | 07
#0588-d340 @A: 33 28 14 09 | 04
#0589-d340 @A: 20 32 16 33 | 12
#0590-d340 @A: 33 27 30 31 | 01
#0591-d340 @A: 16 33 14 27 | 06
#0592-d340 @A: 15 25 11 05 | 08
#0593-d340 @A: 25 20 04 15 | 03
#0594-d340 @A: 02 25 07 20 | 05
#0595-d340 @A: 35 32 02 25 | 11
#0596-d340 @A: 19 12 10 25 | 09
#0597-d340 @A: 09 19 25 11 | 02
#0598-d340 @A: 23 14 24 25 | 10
#0599-d340 @A: 25 18 23 07 | 07
#0600-d340 @A: 21 24 08 25 | 04
#0601-d340 @A: 08 28 20 25 | 12
#0602-d340 @A: 09 22 24 25 | 01
#0603-d340 @A: 07 29 25 35 | 06
#0604-d340 @A: 32 14 25 21 | 08
#0605-d340 @A: 19 06 28 25 | 03
#0606-d340 @A: 08 01 20 15 | 05
#0607-d340 @A: 08 29 15 13 | 11
#0608-d340 @A: 15 13 03 14 | 09
#0609-d340 @A: 13 12 18 15 | 02
#0610-d340 @A: 15 23 21 11 | 10
#0611-d340 @A: 05 26 15 07 | 07
#0612-d340 @A: 15 07 20 22 | 04
#0613-d340 @A: 06 15 21 32 | 12
#0614-d340 @A: 28 16 29 15 | 01
#0615-d340 @A: 15 09 16 27 | 06
#0616-d340 @A: 01 34 02 26 | 08
#0617-d340 @A: 11 02 18 10 | 03
#0618-d340 @A: 22 02 10 20 | 05
#0619-d340 @A: 27 13 22 02 | 11
#0620-d340 @A: 02 23 34 06 | 09
#0621-d340 @A: 07 31 34 02 | 02
#0622-d340 @A: 05 11 04 02 | 10
#0623-d340 @A: 08 02 22 31 | 07
#0624-d340 @A: 02 24 07 03 | 04
#0625-d340 @A: 02 24 21 35 | 12
#0626-d340 @A: 32 24 28 02 | 01
#0627-d340 @A: 03 19 02 21 | 06
#0628-d340 @A: 02 12 28 21 | 08
#0629-d340 @A: 06 02 21 09 | 03
#0630-d340 @A: 02 14 27 05 | 05
#0631-d340 @A: 10 16 34 01 | 11
#0632-d340 @A: 01 10 03 08 | 09
#0633-d340 @A: 13 30 01 34 | 02
#0634-d340 @A: 01 21 22 13 | 10
#0635-d340 @A: 34 07 14 01 | 07
#0636-d340 @A: 04 34 32 01 | 04
#0637-d340 @A: 11 21 08 01 | 12
#0638-d340 @A: 22 01 17 26 | 01
#0639-d340 @A: 21 01 28 31 | 06
#0640-d340 @A: 01 05 21 27 | 08
#0641-d340 @A: 29 21 01 09 | 03
#0642-d340 @A: 18 06 01 21 | 05
#0643-d340 @A: 10 13 16 24 | 11
#0644-d340 @A: 09 13 03 10 | 09
#0645-d340 @A: 34 10 17 21 | 02
#0646-d340 @A: 11 10 08 16 | 10
#0647-d340 @A: 05 23 07 10 | 07
#0648-d340 @A: 23 03 31 10 | 04
#0649-d340 @A: 04 07 35 10 | 12
#0650-d340 @A: 10 06 04 05 | 01
#0651-d340 @A: 10 21 18 09 | 06
#0652-d340 @A: 28 14 10 29 | 08
#0653-d340 @A: 29 06 10 32 | 03
#0654-d340 @A: 13 12 34 26 | 05
#0655-d340 @A: 21 34 06 13 | 11
#0656-d340 @A: 23 11 16 13 | 09
#0657-d340 @A: 13 26 14 23 | 02
#0658-d340 @A: 12 23 05 13 | 10
#0659-d340 @A: 22 28 08 13 | 07
#0660-d340 @A: 24 13 20 22 | 04
#0661-d340 @A: 04 13 29 03 | 12
#0662-d340 @A: 16 22 13 03 | 01
#0663-d340 @A: 04 13 31 16 | 06
#0664-d340 @A: 28 13 05 27 | 08
#0665-d340 @A: 05 06 18 13 | 03
#0666-d340 @A: 30 14 27 13 | 05
#0667-d340 @A: 30 16 20 13 | 11
#0668-d340 @A: 21 35 11 34 | 09
#0669-d340 @A: 07 22 27 34 | 02
#0670-d340 @A: 16 27 21 34 | 10
#0671-d340 @A: 12 29 34 31 | 07
#0672-d340 @A: 07 11 22 30 | 04
#0673-d340 @A: 11 04 12 03 | 12
#0674-d340 @A: 09 11 27 05 | 01
#0675-d340 @A: 16 07 26 09 | 06
#0676-d340 @A: 26 05 19 17 | 08
#0677-d340 @A: 26 14 30 28 | 03
#0678-d340 @A: 14 09 26 18 | 05
#0679-d340 @A: 23 12 03 08 | 11
#0680-d340 @A: 04 30 23 07 | 09
#0681-d340 @A: 23 32 18 21 | 02
#0682-d340 @A: 30 32 23 28 | 10
#0683-d340 @A: 23 28 12 27 | 07
#0684-d340 @A: 20 23 19 05 | 04
#0685-d340 @A: 06 27 20 23 | 12
#0686-d340 @A: 30 19 27 23 | 01
#0687-d340 @A: 20 24 08 07 | 06
#0688-d340 @A: 29 04 08 22 | 08
#0689-d340 @A: 31 06 04 08 | 03
#0690-d340 @A: 09 22 20 08 | 05
#0691-d340 @A: 27 28 14 08 | 11
#0692-d340 @A: 05 08 12 30 | 09
#0693-d340 @A: 17 35 24 29 | 02
#0694-d340 @A: 24 30 21 31 | 10
#0695-d340 @A: 18 24 05 20 | 07
#0696-d340 @A: 24 30 27 09 | 04
#0697-d340 @A: 30 35 03 07 | 12
#0698-d340 @A: 07 27 20 19 | 01
#0699-d340 @A: 27 35 21 03 | 06
#0700-d340 @A: 35 03 20 05 | 08
#0701-d340 @A: 12 03 06 27 | 03
#0702-d340 @A: 18 04 30 28 | 05
#0703-d340 @A: 04 12 28 19 | 11
#0704-d340 @A: 04 35 30 05 | 09
#0705-d340 @A: 17 09 22 30 | 02
#0706-d340 @A: 17 16 29 19 | 10
#0707-d340 @A: 31 20 32 17 | 07
#0708-d340 @A: 20 22 29 32 | 04
#0709-d340 @A: 35 18 22 29 | 12
#0710-d340 @A: 35 30 19 18 | 01
#0711-d340 @A: 33 30 25 02 | 06
#0712-d340 @A: 35 28 25 33 | 08
#0713-d340 @A: 05 33 15 08 | 03
#0714-d340 @A: 15 30 17 33 | 05
#0715-d340 @A: 15 27 22 33 | 11
#0716-d340 @A: 11 02 12 33 | 09
#0717-d340 @A: 33 22 02 32 | 02
#0718-d340 @A: 23 33 32 10 | 10
#0719-d340 @A: 33 35 08 13 | 07
#0720-d340 @A: 33 06 13 12 | 04
#0721-d340 @A: 33 11 09 23 | 12
#0722-d340 @A: 22 33 17 11 | 01
#0723-d340 @A: 27 33 11 19 | 06
#0724-d340 @A: 29 33 26 20 | 08
#0725-d340 @A: 33 23 14 31 | 03
#0726-d340 @A: 32 24 33 17 | 05
#0727-d340 @A: 33 28 04 03 | 11
#0728-d340 @A: 21 29 33 05 | 09
#0729-d340 @A: 29 09 06 33 | 02
#0730-d340 @A: 29 31 16 33 | 10
#0731-d340 @A: 25 15 16 10 | 07
#0732-d340 @A: 03 25 30 15 | 04
#0733-d340 @A: 10 25 02 24 | 12
#0734-d340 @A: 09 13 02 25 | 01
#0735-d340 @A: 01 18 24 25 | 06
#0736-d340 @A: 01 25 35 18 | 08
#0737-d340 @A: 25 28 10 04 | 03
#0738-d340 @A: 25 10 35 17 | 05
#0739-d340 @A: 13 34 25 20 | 11
#0740-d340 @A: 13 25 08 11 | 09
#0741-d340 @A: 25 13 12 03 | 02
#0742-d340 @A: 30 34 11 25 | 10
#0743-d340 @A: 11 07 12 25 | 07
#0744-d340 @A: 16 11 25 04 | 04
#0745-d340 @A: 26 23 19 25 | 12
#0746-d340 @A: 04 26 07 25 | 01
#0747-d340 @A: 25 08 07 30 | 06
#0748-d340 @A: 06 04 17 25 | 08
#0749-d340 @A: 27 04 22 25 | 03
#0750-d340 @A: 25 16 21 18 | 05
#0751-d340 @A: 20 19 25 29 | 11
#0752-d340 @A: 25 32 09 30 | 09
#0753-d340 @A: 20 32 18 25 | 02
#0754-d340 @A: 12 25 20 31 | 10
#0755-d340 @A: 02 17 15 22 | 07
#0756-d340 @A: 06 15 01 34 | 04
#0757-d340 @A: 01 24 15 26 | 12
#0758-d340 @A: 06 22 15 13 | 01
#0759-d340 @A: 15 11 18 22 | 06
#0760-d340 @A: 17 16 23 15 | 08
#0761-d340 @A: 07 18 17 15 | 03
#0762-d340 @A: 19 15 22 05 | 05
#0763-d340 @A: 15 18 21 31 | 11
#0764-d340 @A: 02 20 01 31 | 09
#0765-d340 @A: 13 10 02 29 | 02
#0766-d340 @A: 13 02 23 18 | 10
#0767-d340 @A: 02 30 03 13 | 07
#0768-d340 @A: 29 34 24 02 | 04
#0769-d340 @A: 03 06 02 11 | 12
#0770-d340 @A: 22 05 26 02 | 01
#0771-d340 @A: 28 23 17 02 | 06
#0772-d340 @A: 22 23 02 19 | 08
#0773-d340 @A: 32 07 02 04 | 03
#0774-d340 @A: 19 28 07 02 | 05
#0775-d340 @A: 29 02 28 20 | 11
#0776-d340 @A: 02 30 28 06 | 09
#0777-d340 @A: 02 05 19 31 | 02
#0778-d340 @A: 29 32 02 30 | 10
#0779-d340 @A: 02 31 35 14 | 07
#0780-d340 @A: 02 18 16 19 | 04
#0781-d340 @A: 12 10 07 01 | 12
#0782-d340 @A: 10 01 31 22 | 01
#0783-d340 @A: 01 28 11 05 | 06
#0784-d340 @A: 01 08 18 17 | 08
#0785-d340 @A: 01 28 04 24 | 03
#0786-d340 @A: 01 28 03 16 | 05
#0787-d340 @A: 35 22 01 06 | 11
#0788-d340 @A: 01 19 28 09 | 09
#0789-d340 @A: 14 29 18 01 | 02
#0790-d340 @A: 10 20 27 13 | 10
#0791-d340 @A: 14 10 34 23 | 07
#0792-d340 @A: 34 08 09 10 | 04
#0793-d340 @A: 10 34 07 32 | 12
#0794-d340 @A: 21 10 23 12 | 01
#0795-d340 @A: 08 10 05 27 | 06
#0796-d340 @A: 28 10 22 24 | 08
#0797-d340 @A: 03 07 16 10 | 03
#0798-d340 @A: 17 20 10 03 | 05
#0799-d340 @A: 09 28 30 10 | 11
#0800-d340 @A: 13 34 09 35 | 09
#0801-d340 @A: 13 31 11 06 | 02
#0802-d340 @A: 26 06 13 03 | 10
#0803-d340 @A: 18 22 07 13 | 07
#0804-d340 @A: 17 19 13 03 | 04
#0805-d340 @A: 29 13 30 12 | 12
#0806-d340 @A: 27 13 16 29 | 01
#0807-d340 @A: 19 09 13 27 | 06
#0808-d340 @A: 22 34 31 11 | 08
#0809-d340 @A: 23 04 21 34 | 03
#0810-d340 @A: 03 08 20 34 | 05
#0811-d340 @A: 34 30 22 08 | 11
#0812-d340 @A: 05 21 09 34 | 09
#0813-d340 @A: 05 34 14 31 | 02
#0814-d340 @A: 34 05 35 19 | 10
#0815-d340 @A: 24 14 07 11 | 07
#0816-d340 @A: 03 11 22 27 | 04
#0817-d340 @A: 14 30 11 04 | 12
#0818-d340 @A: 26 24 09 23 | 01
#0819-d340 @A: 29 26 03 08 | 06
#0820-d340 @A: 26 08 17 27 | 08
#0821-d340 @A: 26 07 21 20 | 03
#0822-d340 @A: 04 12 26 22 | 05
#0823-d340 @A: 30 12 21 26 | 11
#0824-d340 @A: 20 19 26 28 | 09
#0825-d340 @A: 19 26 29 12 | 02
#0826-d340 @A: 06 32 26 18 | 10
#0827-d340 @A: 24 23 08 28 | 07
#0828-d340 @A: 08 12 23 35 | 04
#0829-d340 @A: 06 17 23 07 | 12
#0830-d340 @A: 16 04 27 23 | 01
#0831-d340 @A: 21 14 05 23 | 06
#0832-d340 @A: 09 29 23 12 | 08
#0833-d340 @A: 16 27 35 23 | 03
#0834-d340 @A: 04 08 32 24 | 05
#0835-d340 @A: 24 18 22 08 | 11
#0836-d340 @A: 08 05 28 06 | 09
#0837-d340 @A: 06 35 08 28 | 02
#0838-d340 @A: 19 12 16 08 | 10
#0839-d340 @A: 28 24 35 03 | 07
#0840-d340 @A: 31 12 05 24 | 04
#0841-d340 @A: 30 24 29 16 | 12
#0842-d340 @A: 14 09 16 03 | 01
#0843-d340 @A: 18 09 17 04 | 06
#0844-d340 @A: 19 04 05 18 | 08
#0845-d340 @A: 04 32 19 06 | 03
#0846-d340 @A: 14 22 17 27 | 05
#0847-d340 @A: 35 31 17 06 | 11
#0848-d340 @A: 29 14 22 21 | 09
#0849-d340 @A: 32 31 22 06 | 02
#0850-d340 @A: 31 09 28 35 | 10
#0851-d340 @A: 24 15 33 23 | 07
#0852-d340 @A: 33 17 02 19 | 04
#0853-d340 @A: 04 13 10 33 | 12
#0854-d340 @A: 28 33 26 10 | 01
#0855-d340 @A: 35 10 33 31 | 06
#0856-d340 @A: 32 13 33 07 | 08
#0857-d340 @A: 20 33 11 34 | 03
#0858-d340 @A: 33 11 04 08 | 05
#0859-d340 @A: 24 03 33 16 | 11
#0860-d340 @A: 03 11 14 25 | 09
#0861-d340 @A: 03 21 25 23 | 02
#0862-d340 @A: 25 30 28 22 | 10
#0863-d340 @A: 05 19 25 21 | 07
#0864-d340 @A: 16 32 25 28 | 04
#0865-d340 @A: 28 25 18 09 | 12
#0866-d340 @A: 09 25 06 35 | 01
#0867-d340 @A: 07 15 02 01 | 06
#0868-d340 @A: 02 32 15 09 | 08
#0869-d340 @A: 09 01 13 15 | 03
#0870-d340 @A: 01 15 04 31 | 05
#0871-d340 @A: 32 15 08 22 | 11
#0872-d340 @A: 24 22 30 15 | 09
#0873-d340 @A: 15 16 12 04 | 02
#0874-d340 @A: 05 20 28 15 | 10
#0875-d340 @A: 28 14 18 15 | 07
#0876-d340 @A: 19 29 31 15 | 04
#0877-d340 @A: 08 02 10 28 | 12
#0878-d340 @A: 31 02 10 21 | 01
#0879-d340 @A: 34 02 16 30 | 06
#0880-d340 @A: 02 26 11 21 | 08
#0881-d340 @A: 22 11 14 02 | 03
#0882-d340 @A: 17 08 02 30 | 05
#0883-d340 @A: 35 02 17 18 | 11
#0884-d340 @A: 20 05 21 02 | 09
#0885-d340 @A: 29 28 02 35 | 02
#0886-d340 @A: 26 10 01 05 | 10
#0887-d340 @A: 29 01 10 23 | 07
#0888-d340 @A: 16 01 14 13 | 04
#0889-d340 @A: 26 14 11 01 | 12
#0890-d340 @A: 01 26 07 31 | 01
#0891-d340 @A: 29 04 26 01 | 06
#0892-d340 @A: 26 01 18 16 | 08
#0893-d340 @A: 08 16 01 23 | 03
#0894-d340 @A: 23 01 17 32 | 05
#0895-d340 @A: 23 01 35 09 | 11
#0896-d340 @A: 20 01 18 07 | 09
#0897-d340 @A: 01 19 18 32 | 02
#0898-d340 @A: 14 27 31 01 | 10
#0899-d340 @A: 28 10 11 12 | 07
#0900-d340 @A: 10 11 35 12 | 04
#0901-d340 @A: 10 14 07 26 | 12
#0902-d340 @A: 23 10 18 17 | 01
#0903-d340 @A: 30 23 22 10 | 06
#0904-d340 @A: 10 07 08 18 | 08
#0905-d340 @A: 31 10 29 08 | 03
#0906-d340 @A: 03 22 19 10 | 05
#0907-d340 @A: 16 21 10 20 | 11
#0908-d340 @A: 06 10 28 16 | 09
#0909-d340 @A: 18 29 05 10 | 02
#0910-d340 @A: 05 18 35 10 | 10
#0911-d340 @A: 10 35 30 09 | 07
#0912-d340 @A: 19 14 20 10 | 04
#0913-d340 @A: 31 10 27 16 | 12
#0914-d340 @A: 13 29 18 34 | 01
#0915-d340 @A: 13 05 04 26 | 06
#0916-d340 @A: 17 22 13 23 | 08
#0917-d340 @A: 07 08 16 13 | 03
#0918-d340 @A: 09 13 08 17 | 05
#0919-d340 @A: 17 13 19 35 | 11
#0920-d340 @A: 19 13 21 12 | 09
#0921-d340 @A: 09 13 32 28 | 02
#0922-d340 @A: 09 29 05 13 | 10
#0923-d340 @A: 13 05 16 35 | 07
#0924-d340 @A: 06 19 30 13 | 04
#0925-d340 @A: 32 14 13 12 | 12
#0926-d340 @A: 18 16 32 13 | 01
#0927-d340 @A: 14 34 11 08 | 06
#0928-d340 @A: 11 04 27 34 | 08
#0929-d340 @A: 06 05 34 19 | 03
#0930-d340 @A: 34 30 12 32 | 05
#0931-d340 @A: 34 27 32 09 | 11
#0932-d340 @A: 34 20 31 30 | 09
#0933-d340 @A: 11 08 26 12 | 02
#0934-d340 @A: 19 11 23 31 | 10
#0935-d340 @A: 08 03 19 11 | 07
#0936-d340 @A: 18 08 11 05 | 04
#0937-d340 @A: 20 31 05 11 | 12
#0938-d340 @A: 14 16 11 19 | 01
#0939-d340 @A: 16 11 12 31 | 06
#0940-d340 @A: 26 08 06 07 | 08
#0941-d340 @A: 24 26 17 14 | 03
#0942-d340 @A: 14 21 26 31 | 05
#0943-d340 @A: 31 32 30 26 | 11
#0944-d340 @A: 24 12 07 23 | 09
#0945-d340 @A: 23 19 24 16 | 02
#0946-d340 @A: 21 22 23 07 | 10
#0947-d340 @A: 04 03 23 06 | 07
#0948-d340 @A: 23 22 31 04 | 04
#0949-d340 @A: 30 21 23 16 | 12
#0950-d340 @A: 29 05 30 23 | 01
#0951-d340 @A: 19 06 23 09 | 06
#0952-d340 @A: 19 24 30 08 | 08
#0953-d340 @A: 08 32 28 18 | 03
#0954-d340 @A: 18 08 29 12 | 05
#0955-d340 @A: 32 08 16 35 | 11
#0956-d340 @A: 08 19 18 31 | 09
#0957-d340 @A: 07 22 24 16 | 02
#0958-d340 @A: 27 17 24 06 | 10
#0959-d340 @A: 24 22 27 31 | 07
#0960-d340 @A: 24 28 30 05 | 04
#0961-d340 @A: 24 30 06 32 | 12
#0962-d340 @A: 06 07 21 28 | 01
#0963-d340 @A: 07 28 05 32 | 06
#0964-d340 @A: 07 16 14 28 | 08
#0965-d340 @A: 21 32 03 31 | 03
#0966-d340 @A: 06 28 14 03 | 05
#0967-d340 @A: 27 03 05 31 | 11
#0968-d340 @A: 29 30 03 19 | 09
#0969-d340 @A: 35 03 31 29 | 02
#0970-d340 @A: 18 03 06 09 | 10
#0971-d340 @A: 09 20 03 12 | 07
#0972-d340 @A: 21 04 16 28 | 04
#0973-d340 @A: 27 06 28 04 | 12
#0974-d340 @A: 35 19 09 04 | 01
#0975-d340 @A: 04 12 31 18 | 06
#0976-d340 @A: 06 17 19 22 | 08
#0977-d340 @A: 17 19 27 28 | 03
#0978-d340 @A: 29 32 17 14 | 05
#0979-d340 @A: 29 18 31 17 | 11
#0980-d340 @A: 30 12 19 17 | 09
#0981-d340 @A: 09 17 27 12 | 02
#0982-d340 @A: 05 18 22 28 | 10
#0983-d340 @A: 31 29 28 22 | 07
#0984-d340 @A: 30 22 14 20 | 04
#0985-d340 @A: 35 21 12 06 | 12
#0986-d340 @A: 19 21 35 12 | 01
#0987-d340 @A: 12 20 28 35 | 06
#0988-d340 @A: 12 05 35 31 | 08
#0989-d340 @A: 25 33 09 05 | 03
#0990-d340 @A: 28 15 33 02 | 05
#0991-d340 @A: 02 04 27 33 | 11
#0992-d340 @A: 01 35 33 24 | 09
#0993-d340 @A: 04 33 06 01 | 02
#0994-d340 @A: 20 13 08 33 | 10
#0995-d340 @A: 26 21 33 34 | 07
#0996-d340 @A: 33 28 24 11 | 04
#0997-d340 @A: 33 14 35 11 | 12
#0998-d340 @A: 33 23 04 18 | 01
#0999-d340 @A: 23 35 22 33 | 06
#1000-d340 @A: 24 09 08 33 | 08
#1001-d340 @A: 31 33 03 08 | 03
#1002-d340 @A: 12 33 22 24 | 05
#1003-d340 @A: 03 33 35 17 | 11
#1004-d340 @A: 33 22 28 21 | 09
#1005-d340 @A: 05 06 32 33 | 02
#1006-d340 @A: 33 29 27 18 | 10
#1007-d340 @A: 35 30 32 33 | 07
#1008-d340 @A: 19 30 18 33 | 04
#1009-d340 @A: 01 15 28 25 | 12
#1010-d340 @A: 15 25 17 09 | 01
#1011-d340 @A: 31 02 25 03 | 06
#1012-d340 @A: 01 34 21 25 | 08
#1013-d340 @A: 25 30 26 01 | 03
#1014-d340 @A: 17 14 25 01 | 05
#1015-d340 @A: 25 13 30 10 | 11
#1016-d340 @A: 13 25 26 21 | 09
#1017-d340 @A: 26 25 34 27 | 02
#1018-d340 @A: 25 34 35 08 | 10
#1019-d340 @A: 26 25 05 08 | 07
#1020-d340 @A: 26 20 24 25 | 04
#1021-d340 @A: 26 25 32 17 | 12
#1022-d340 @A: 25 28 07 24 | 01
#1023-d340 @A: 25 04 12 05 | 06
#1024-d340 @A: 25 35 16 04 | 08
#1025-d340 @A: 12 21 25 29 | 03
#1026-d340 @A: 31 30 25 16 | 05
#1027-d340 @A: 15 02 14 34 | 11
#1028-d340 @A: 11 02 20 15 | 09
#1029-d340 @A: 12 02 23 15 | 02
#1030-d340 @A: 16 15 08 02 | 10
#1031-d340 @A: 22 01 15 29 | 07
#1032-d340 @A: 12 01 21 15 | 04
#1033-d340 @A: 15 01 14 30 | 12
#1034-d340 @A: 10 15 07 28 | 01
#1035-d340 @A: 15 26 13 16 | 06
#1036-d340 @A: 24 15 34 05 | 08
#1037-d340 @A: 22 16 34 15 | 03
#1038-d340 @A: 11 15 06 17 | 05
#1039-d340 @A: 04 15 18 26 | 11
#1040-d340 @A: 26 12 15 28 | 09
#1041-d340 @A: 35 15 23 21 | 02
#1042-d340 @A: 08 15 17 14 | 10
#1043-d340 @A: 35 15 24 06 | 07
#1044-d340 @A: 15 14 35 18 | 04
#1045-d340 @A: 15 19 18 27 | 12
#1046-d340 @A: 08 27 01 02 | 01
#1047-d340 @A: 01 06 02 24 | 06
#1048-d340 @A: 02 30 07 10 | 08
#1049-d340 @A: 10 06 02 35 | 03
#1050-d340 @A: 34 18 02 28 | 05
#1051-d340 @A: 26 02 23 30 | 11
#1052-d340 @A: 02 09 27 26 | 09
#1053-d340 @A: 02 04 21 08 | 02
#1054-d340 @A: 31 28 02 09 | 10
#1055-d340 @A: 16 11 01 24 | 07
#1056-d340 @A: 19 07 23 01 | 04
#1057-d340 @A: 01 22 23 05 | 12
#1058-d340 @A: 08 30 01 31 | 01
#1059-d340 @A: 03 17 09 01 | 06
#1060-d340 @A: 01 27 06 22 | 08
#1061-d340 @A: 34 24 10 30 | 03
#1062-d340 @A: 10 11 19 26 | 05
#1063-d340 @A: 04 23 10 11 | 11
#1064-d340 @A: 24 10 31 04 | 09
#1065-d340 @A: 07 17 10 29 | 02
#1066-d340 @A: 03 10 21 06 | 10
#1067-d340 @A: 10 30 29 20 | 07
#1068-d340 @A: 27 10 06 30 | 04
#1069-d340 @A: 10 20 09 32 | 12
#1070-d340 @A: 20 26 11 13 | 01
#1071-d340 @A: 18 11 04 13 | 06
#1072-d340 @A: 11 13 17 05 | 08
#1073-d340 @A: 11 29 13 14 | 03
#1074-d340 @A: 13 04 07 12 | 05
#1075-d340 @A: 18 07 13 35 | 11
#1076-d340 @A: 13 03 22 35 | 09
#1077-d340 @A: 32 13 29 21 | 02
#1078-d340 @A: 19 34 24 11 | 10
#1079-d340 @A: 29 34 23 08 | 07
#1080-d340 @A: 34 17 31 23 | 04
#1081-d340 @A: 23 22 28 34 | 12
#1082-d340 @A: 34 04 09 24 | 01
#1083-d340 @A: 34 24 22 17 | 06
#1084-d340 @A: 28 32 34 29 | 08
#1085-d340 @A: 27 34 05 29 | 03
#1086-d340 @A: 20 16 14 34 | 05
#1087-d340 @A: 27 35 34 14 | 11
#1088-d340 @A: 19 09 18 34 | 09
#1089-d340 @A: 12 19 34 27 | 02
#1090-d340 @A: 11 35 26 09 | 10
#1091-d340 @A: 11 28 07 08 | 07
#1092-d340 @A: 06 11 08 22 | 04
#1093-d340 @A: 11 30 29 08 | 12
#1094-d340 @A: 12 18 11 24 | 01
#1095-d340 @A: 21 20 32 11 | 06
#1096-d340 @A: 09 06 11 32 | 08
#1097-d340 @A: 03 20 26 22 | 03
#1098-d340 @A: 26 32 20 14 | 05
#1099-d340 @A: 08 04 23 09 | 11
#1100-d340 @A: 21 23 17 24 | 09
#1101-d340 @A: 23 05 28 03 | 02
#1102-d340 @A: 20 23 31 21 | 10
#1103-d340 @A: 19 29 23 32 | 07
#1104-d340 @A: 03 16 08 04 | 04
#1105-d340 @A: 04 05 08 14 | 12
#1106-d340 @A: 04 19 27 08 | 01
#1107-d340 @A: 18 08 16 27 | 06
#1108-d340 @A: 07 24 19 18 | 08
#1109-d340 @A: 24 04 35 22 | 03
#1110-d340 @A: 24 14 21 16 | 05
#1111-d340 @A: 29 24 14 05 | 11
#1112-d340 @A: 24 16 06 05 | 09
#1113-d340 @A: 24 19 27 05 | 02
#1114-d340 @A: 12 29 27 24 | 10
#1115-d340 @A: 30 20 07 03 | 07
#1116-d340 @A: 06 04 07 22 | 04
#1117-d340 @A: 07 19 06 12 | 12
#1118-d340 @A: 07 32 35 27 | 01
#1119-d340 @A: 18 09 07 27 | 06
#1120-d340 @A: 12 03 32 18 | 08
#1121-d340 @A: 14 19 03 27 | 03
#1122-d340 @A: 16 09 29 04 | 05
#1123-d340 @A: 35 18 04 06 | 11
#1124-d340 @A: 12 28 18 17 | 09
#1125-d340 @A: 17 12 16 06 | 02
#1126-d340 @A: 22 09 31 21 | 10
#1127-d340 @A: 19 28 22 16 | 07
#1128-d340 @A: 16 30 22 12 | 04
#1129-d340 @A: 19 32 35 14 | 12
#1130-d340 @A: 19 07 15 33 | 01
#1131-d340 @A: 03 15 21 33 | 06
#1132-d340 @A: 32 15 04 33 | 08
#1133-d340 @A: 02 10 33 06 | 03
#1134-d340 @A: 02 16 33 35 | 05
#1135-d340 @A: 33 18 01 11 | 11
#1136-d340 @A: 01 22 20 33 | 09
#1137-d340 @A: 08 21 10 33 | 02
#1138-d340 @A: 07 11 33 05 | 10
#1139-d340 @A: 07 08 27 33 | 07
#1140-d340 @A: 33 14 07 22 | 04
#1141-d340 @A: 33 17 21 18 | 12
#1142-d340 @A: 29 19 35 33 | 01
#1143-d340 @A: 29 15 34 25 | 06
#1144-d340 @A: 23 31 15 25 | 08
#1145-d340 @A: 25 06 15 24 | 03
#1146-d340 @A: 35 19 15 25 | 05
#1147-d340 @A: 27 25 17 02 | 11
#1148-d340 @A: 02 25 18 22 | 09
#1149-d340 @A: 03 01 19 25 | 02
#1150-d340 @A: 03 25 10 26 | 10
#1151-d340 @A: 04 25 13 23 | 07
#1152-d340 @A: 16 23 29 25 | 04
#1153-d340 @A: 07 03 27 25 | 12
#1154-d340 @A: 03 32 04 25 | 01
#1155-d340 @A: 04 25 29 14 | 06
#1156-d340 @A: 17 28 25 21 | 08
#1157-d340 @A: 09 21 27 25 | 03
#1158-d340 @A: 14 28 25 12 | 05
#1159-d340 @A: 06 25 30 29 | 11
#1160-d340 @A: 18 23 01 15 | 09
#1161-d340 @A: 01 35 05 15 | 02
#1162-d340 @A: 14 10 15 11 | 10
#1163-d340 @A: 10 15 20 23 | 07
#1164-d340 @A: 04 08 15 34 | 04
#1165-d340 @A: 08 15 09 11 | 12
#1166-d340 @A: 15 11 19 04 | 01
#1167-d340 @A: 26 15 31 08 | 06
#1168-d340 @A: 26 21 17 15 | 08
#1169-d340 @A: 27 20 26 15 | 03
#1170-d340 @A: 04 05 23 15 | 05
#1171-d340 @A: 07 31 15 24 | 11
#1172-d340 @A: 07 06 15 16 | 09
#1173-d340 @A: 15 04 27 17 | 02
#1174-d340 @A: 15 18 29 32 | 10
#1175-d340 @A: 02 05 13 01 | 07
#1176-d340 @A: 02 19 11 01 | 04
#1177-d340 @A: 26 12 02 10 | 12
#1178-d340 @A: 05 03 02 10 | 01
#1179-d340 @A: 02 10 17 14 | 06
#1180-d340 @A: 32 26 13 02 | 08
#1181-d340 @A: 32 02 21 34 | 03
#1182-d340 @A: 02 09 11 17 | 05
#1183-d340 @A: 27 11 35 02 | 11
#1184-d340 @A: 02 23 31 32 | 09
#1185-d340 @A: 12 07 02 22 | 02
#1186-d340 @A: 04 16 22 02 | 10
#1187-d340 @A: 22 35 05 02 | 07
#1188-d340 @A: 13 01 18 10 | 04
#1189-d340 @A: 10 06 01 11 | 12
#1190-d340 @A: 01 09 10 14 | 01
#1191-d340 @A: 01 29 24 13 | 06
#1192-d340 @A: 01 31 03 11 | 08
#1193-d340 @A: 08 09 01 26 | 03
#1194-d340 @A: 01 21 26 32 | 05
#1195-d340 @A: 01 17 20 24 | 11
#1196-d340 @A: 01 24 32 22 | 09
#1197-d340 @A: 09 24 05 01 | 02
#1198-d340 @A: 30 24 12 01 | 10
#1199-d340 @A: 17 01 07 21 | 07
#1200-d340 @A: 21 04 01 35 | 04
#1201-d340 @A: 21 14 20 01 | 12
#1202-d340 @A: 16 01 29 20 | 01
#1203-d340 @A: 10 05 34 11 | 06
#1204-d340 @A: 34 29 03 10 | 08
#1205-d340 @A: 26 24 10 18 | 03
#1206-d340 @A: 17 10 26 09 | 05
#1207-d340 @A: 04 19 29 10 | 11
#1208-d340 @A: 35 10 32 22 | 09
#1209-d340 @A: 16 10 29 12 | 02
#1210-d340 @A: 32 27 14 10 | 10
#1211-d340 @A: 07 13 17 14 | 07
#1212-d340 @A: 30 13 28 17 | 04
#1213-d340 @A: 21 18 13 30 | 12
#1214-d340 @A: 13 06 09 14 | 01
#1215-d340 @A: 31 19 32 13 | 06
#1216-d340 @A: 31 27 13 35 | 08
#1217-d340 @A: 11 18 34 17 | 03
#1218-d340 @A: 26 08 32 34 | 05
#1219-d340 @A: 26 14 34 03 | 11
#1220-d340 @A: 23 34 16 03 | 09
#1221-d340 @A: 18 03 34 05 | 02
#1222-d340 @A: 19 34 14 17 | 10
#1223-d340 @A: 34 29 20 09 | 07
#1224-d340 @A: 32 18 34 14 | 04
#1225-d340 @A: 19 34 32 20 | 12
#1226-d340 @A: 35 32 34 18 | 01
#1227-d340 @A: 30 35 34 12 | 06
#1228-d340 @A: 12 09 34 16 | 08
#1229-d340 @A: 11 05 23 06 | 03
#1230-d340 @A: 11 24 03 20 | 05
#1231-d340 @A: 21 06 19 11 | 11
#1232-d340 @A: 21 30 11 09 | 09
#1233-d340 @A: 32 12 29 11 | 02
#1234-d340 @A: 11 18 32 30 | 10
#1235-d340 @A: 18 35 11 16 | 07
#1236-d340 @A: 17 35 26 23 | 04
#1237-d340 @A: 26 31 29 05 | 12
#1238-d340 @A: 05 12 18 26 | 01
#1239-d340 @A: 09 32 26 29 | 06
#1240-d340 @A: 26 30 06 20 | 08
#1241-d340 @A: 12 26 31 06 | 03
#1242-d340 @A: 32 19 16 26 | 05
#1243-d340 @A: 18 23 28 29 | 11
#1244-d340 @A: 19 23 35 28 | 09
#1245-d340 @A: 12 23 06 18 | 02
#1246-d340 @A: 07 08 03 14 | 10
#1247-d340 @A: 29 16 08 06 | 07
#1248-d340 @A: 09 08 31 32 | 04
#1249-d340 @A: 20 08 12 14 | 12
#1250-d340 @A: 09 07 17 24 | 01
#1251-d340 @A: 20 14 24 28 | 06
#1252-d340 @A: 07 05 29 19 | 08
#1253-d340 @A: 09 07 30 12 | 03
#1254-d340 @A: 20 29 18 03 | 05
#1255-d340 @A: 19 03 06 35 | 11
#1256-d340 @A: 03 32 09 35 | 09
#1257-d340 @A: 04 18 29 06 | 02
#1258-d340 @A: 12 04 06 09 | 10
#1259-d340 @A: 16 22 17 21 | 07
#1260-d340 @A: 09 28 17 29 | 04
#1261-d340 @A: 22 20 18 27 | 12
#1262-d340 @A: 05 35 14 21 | 01
#1263-d340 @A: 29 20 21 35 | 06
#1264-d340 @A: 04 25 33 21 | 08
#1265-d340 @A: 15 10 29 33 | 03
#1266-d340 @A: 11 33 31 15 | 05
#1267-d340 @A: 18 02 26 33 | 11
#1268-d340 @A: 01 30 10 33 | 09
#1269-d340 @A: 01 33 17 05 | 02
#1270-d340 @A: 05 14 33 13 | 10
#1271-d340 @A: 24 33 05 26 | 07
#1272-d340 @A: 31 26 17 33 | 04
#1273-d340 @A: 33 20 04 35 | 12
#1274-d340 @A: 05 16 12 33 | 01
#1275-d340 @A: 33 31 05 18 | 06
#1276-d340 @A: 33 09 19 31 | 08
#1277-d340 @A: 02 25 15 21 | 03
#1278-d340 @A: 02 23 05 25 | 05
#1279-d340 @A: 27 25 01 11 | 11
#1280-d340 @A: 06 23 01 25 | 09
#1281-d340 @A: 12 25 23 34 | 02
#1282-d340 @A: 24 31 25 34 | 10
#1283-d340 @A: 22 32 25 34 | 07
#1284-d340 @A: 25 06 26 11 | 04
#1285-d340 @A: 23 25 11 28 | 12
#1286-d340 @A: 11 31 25 18 | 01
#1287-d340 @A: 03 25 16 05 | 06
#1288-d340 @A: 31 05 25 32 | 08
#1289-d340 @A: 25 31 09 29 | 03
#1290-d340 @A: 25 12 18 30 | 05
#1291-d340 @A: 15 29 05 02 | 11
#1292-d340 @A: 15 08 10 24 | 09
#1293-d340 @A: 13 15 11 28 | 02
#1294-d340 @A: 23 15 32 13 | 10
#1295-d340 @A: 26 34 19 15 | 07
#1296-d340 @A: 23 15 34 27 | 04
#1297-d340 @A: 15 34 18 20 | 12
#1298-d340 @A: 09 03 15 04 | 01
#1299-d340 @A: 06 03 20 15 | 06
#1300-d340 @A: 06 15 14 19 | 08
#1301-d340 @A: 32 16 15 14 | 03
#1302-d340 @A: 30 15 16 19 | 05
#1303-d340 @A: 01 10 02 32 | 11
#1304-d340 @A: 17 02 16 01 | 09
#1305-d340 @A: 08 02 13 12 | 02
#1306-d340 @A: 06 02 07 13 | 10
#1307-d340 @A: 13 17 02 21 | 07
#1308-d340 @A: 28 27 11 02 | 04
#1309-d340 @A: 16 02 26 31 | 12
#1310-d340 @A: 27 23 02 07 | 01
#1311-d340 @A: 24 02 04 12 | 06
#1312-d340 @A: 02 32 17 03 | 08
#1313-d340 @A: 20 27 32 02 | 03
#1314-d340 @A: 12 31 02 14 | 05
#1315-d340 @A: 19 02 12 09 | 11
#1316-d340 @A: 28 01 08 34 | 09
#1317-d340 @A: 18 34 31 01 | 02
#1318-d340 @A: 06 19 01 26 | 10
#1319-d340 @A: 08 01 32 05 | 07
#1320-d340 @A: 07 06 03 01 | 04
#1321-d340 @A: 04 30 17 01 | 12
#1322-d340 @A: 32 01 31 29 | 01
#1323-d340 @A: 20 30 01 19 | 06
#1324-d340 @A: 01 27 19 35 | 08
#1325-d340 @A: 01 18 12 09 | 03
#1326-d340 @A: 10 06 13 17 | 05
#1327-d340 @A: 34 26 10 20 | 11
#1328-d340 @A: 34 04 10 12 | 09
#1329-d340 @A: 20 10 07 11 | 02
#1330-d340 @A: 29 10 23 35 | 10
#1331-d340 @A: 20 08 10 04 | 07
#1332-d340 @A: 10 28 31 05 | 04
#1333-d340 @A: 12 09 10 05 | 12
#1334-d340 @A: 31 32 12 10 | 01
#1335-d340 @A: 10 14 12 30 | 06
#1336-d340 @A: 19 09 16 10 | 08
#1337-d340 @A: 22 13 34 05 | 03
#1338-d340 @A: 21 11 03 13 | 05
#1339-d340 @A: 13 20 03 23 | 11
#1340-d340 @A: 13 05 07 03 | 09
#1341-d340 @A: 13 09 16 21 | 02
#1342-d340 @A: 35 34 26 20 | 10
#1343-d340 @A: 34 21 20 24 | 07
#1344-d340 @A: 34 29 04 17 | 04
#1345-d340 @A: 34 04 35 28 | 12
#1346-d340 @A: 34 28 30 19 | 01
#1347-d340 @A: 28 34 20 27 | 06
#1348-d340 @A: 14 34 30 09 | 08
#1349-d340 @A: 11 23 26 07 | 03
#1350-d340 @A: 11 31 26 24 | 05
#1351-d340 @A: 29 11 17 26 | 11
#1352-d340 @A: 04 11 07 31 | 09
#1353-d340 @A: 17 11 07 19 | 02
#1354-d340 @A: 22 32 11 04 | 10
#1355-d340 @A: 28 29 11 04 | 07
#1356-d340 @A: 12 21 11 05 | 04
#1357-d340 @A: 05 30 11 19 | 12
#1358-d340 @A: 31 11 32 27 | 01
#1359-d340 @A: 11 30 27 20 | 06
#1360-d340 @A: 11 12 09 14 | 08
#1361-d340 @A: 17 26 23 12 | 03
#1362-d340 @A: 28 04 08 26 | 05
#1363-d340 @A: 17 26 30 07 | 11
#1364-d340 @A: 09 21 03 26 | 09
#1365-d340 @A: 06 28 26 09 | 02
#1366-d340 @A: 35 26 32 05 | 10
#1367-d340 @A: 20 12 16 26 | 07
#1368-d340 @A: 07 29 23 03 | 04
#1369-d340 @A: 03 32 22 23 | 12
#1370-d340 @A: 18 23 22 09 | 01
#1371-d340 @A: 23 21 06 29 | 06
#1372-d340 @A: 18 05 16 23 | 08
#1373-d340 @A: 29 14 23 20 | 03
#1374-d340 @A: 06 23 32 35 | 05
#1375-d340 @A: 35 23 31 18 | 11
#1376-d340 @A: 06 03 24 08 | 09
#1377-d340 @A: 32 17 08 07 | 02
#1378-d340 @A: 08 17 21 03 | 10
#1379-d340 @A: 21 08 18 35 | 07
#1380-d340 @A: 08 19 09 05 | 04
#1381-d340 @A: 06 19 20 08 | 12
#1382-d340 @A: 30 08 20 32 | 01
#1383-d340 @A: 35 14 09 08 | 06
#1384-d340 @A: 24 14 03 22 | 08
#1385-d340 @A: 21 32 24 19 | 03
#1386-d340 @A: 14 07 20 04 | 05
#1387-d340 @A: 21 31 07 16 | 11
#1388-d340 @A: 09 21 19 07 | 09
#1389-d340 @A: 05 06 35 07 | 02
#1390-d340 @A: 06 20 32 07 | 10
#1391-d340 @A: 28 20 03 31 | 07
#1392-d340 @A: 14 16 06 04 | 04
#1393-d340 @A: 27 32 12 04 | 12
#1394-d340 @A: 04 09 30 20 | 01
#1395-d340 @A: 17 12 31 22 | 06
#1396-d340 @A: 30 17 29 21 | 08
#1397-d340 @A: 09 17 19 32 | 03
#1398-d340 @A: 31 14 30 17 | 05
#1399-d340 @A: 30 16 27 17 | 11
#1400-d340 @A: 17 18 20 19 | 09
#1401-d340 @A: 32 22 28 14 | 02
#1402-d340 @A: 35 28 16 22 | 10
#1403-d340 @A: 05 22 30 06 | 07
#1404-d340 @A: 35 30 06 14 | 04
#1405-d340 @A: 25 33 01 31 | 12
#1406-d340 @A: 28 33 25 13 | 01
#1407-d340 @A: 07 06 25 33 | 06
#1408-d340 @A: 15 34 33 13 | 08
#1409-d340 @A: 13 16 02 33 | 03
#1410-d340 @A: 33 01 21 24 | 05
#1411-d340 @A: 07 33 01 29 | 11
#1412-d340 @A: 09 33 13 26 | 09
#1413-d340 @A: 19 13 33 29 | 02
#1414-d340 @A: 32 26 33 11 | 10
#1415-d340 @A: 14 26 08 33 | 07
#1416-d340 @A: 12 33 07 26 | 04
#1417-d340 @A: 31 33 04 20 | 12
#1418-d340 @A: 33 27 05 35 | 01
#1419-d340 @A: 09 33 18 35 | 06
#1420-d340 @A: 25 28 26 02 | 08
#1421-d340 @A: 14 02 25 16 | 03
#1422-d340 @A: 04 25 01 09 | 05
#1423-d340 @A: 05 25 13 24 | 11
#1424-d340 @A: 19 25 13 18 | 09
#1425-d340 @A: 26 09 12 25 | 02
#1426-d340 @A: 29 03 24 25 | 10
#1427-d340 @A: 25 04 30 24 | 07
#1428-d340 @A: 24 19 25 17 | 04
#1429-d340 @A: 17 18 03 25 | 12
#1430-d340 @A: 35 25 03 12 | 01
#1431-d340 @A: 30 27 05 25 | 06
#1432-d340 @A: 19 27 25 16 | 08
#1433-d340 @A: 19 15 10 02 | 03
#1434-d340 @A: 04 15 06 02 | 05
#1435-d340 @A: 15 10 27 01 | 11
#1436-d340 @A: 04 10 15 30 | 09
#1437-d340 @A: 21 15 04 13 | 02
#1438-d340 @A: 35 15 11 03 | 10
#1439-d340 @A: 26 22 15 09 | 07
#1440-d340 @A: 15 28 08 03 | 04
#1441-d340 @A: 18 08 15 06 | 12
#1442-d340 @A: 04 24 15 14 | 01
#1443-d340 @A: 04 29 15 07 | 06
#1444-d340 @A: 15 07 35 22 | 08
#1445-d340 @A: 03 15 17 29 | 03
#1446-d340 @A: 15 35 22 17 | 05
#1447-d340 @A: 20 15 35 32 | 11
#1448-d340 @A: 22 01 02 30 | 09
#1449-d340 @A: 08 19 02 34 | 02
#1450-d340 @A: 22 34 02 09 | 10
#1451-d340 @A: 02 30 31 11 | 07
#1452-d340 @A: 24 26 02 19 | 04
#1453-d340 @A: 26 29 02 07 | 12
#1454-d340 @A: 04 02 23 29 | 01
#1455-d340 @A: 08 05 24 02 | 06
#1456-d340 @A: 04 03 20 02 | 08
#1457-d340 @A: 18 02 32 05 | 03
#1458-d340 @A: 32 02 06 14 | 05
#1459-d340 @A: 27 06 02 19 | 11
#1460-d340 @A: 17 01 28 10 | 09
#1461-d340 @A: 01 28 26 13 | 02
#1462-d340 @A: 09 23 01 34 | 10
#1463-d340 @A: 11 01 12 17 | 07
#1464-d340 @A: 03 23 14 01 | 04
#1465-d340 @A: 14 01 22 04 | 12
#1466-d340 @A: 28 06 20 01 | 01
#1467-d340 @A: 05 01 29 12 | 06
#1468-d340 @A: 19 01 29 27 | 08
#1469-d340 @A: 01 20 16 35 | 03
#1470-d340 @A: 01 27 16 12 | 05
#1471-d340 @A: 12 01 19 31 | 11
#1472-d340 @A: 11 35 10 13 | 09
#1473-d340 @A: 13 12 22 10 | 02
#1474-d340 @A: 34 10 06 22 | 10
#1475-d340 @A: 30 11 03 10 | 07
#1476-d340 @A: 17 05 10 24 | 04
#1477-d340 @A: 09 24 29 10 | 12
#1478-d340 @A: 10 27 35 24 | 01
#1479-d340 @A: 04 10 03 14 | 06
#1480-d340 @A: 32 28 21 10 | 08
#1481-d340 @A: 30 05 21 10 | 03
#1482-d340 @A: 23 13 34 19 | 05
#1483-d340 @A: 13 24 11 09 | 11
#1484-d340 @A: 11 13 22 19 | 09
#1485-d340 @A: 26 13 18 17 | 02
#1486-d340 @A: 06 24 13 23 | 10
#1487-d340 @A: 35 06 13 23 | 07
#1488-d340 @A: 13 18 08 14 | 04
#1489-d340 @A: 22 13 09 04 | 12
#1490-d340 @A: 28 11 34 06 | 01
#1491-d340 @A: 17 28 34 26 | 06
#1492-d340 @A: 34 18 04 07 | 08
#1493-d340 @A: 20 04 34 22 | 03
#1494-d340 @A: 12 05 34 28 | 05
#1495-d340 @A: 23 20 11 08 | 11
#1496-d340 @A: 08 11 27 24 | 09
#1497-d340 @A: 19 11 35 22 | 02
#1498-d340 @A: 28 21 18 11 | 10
#1499-d340 @A: 16 27 11 06 | 07
#1500-d340 @A: 11 14 20 18 | 04
#1501-d340 @A: 16 08 26 24 | 12
#1502-d340 @A: 26 35 08 03 | 01
#1503-d340 @A: 26 04 24 21 | 06
#1504-d340 @A: 26 07 28 18 | 08
#1505-d340 @A: 04 20 26 17 | 03
#1506-d340 @A: 26 21 16 06 | 05
#1507-d340 @A: 27 12 26 14 | 11
#1508-d340 @A: 23 21 08 19 | 09
#1509-d340 @A: 05 22 08 03 | 02
#1510-d340 @A: 05 35 17 08 | 10
#1511-d340 @A: 28 08 30 21 | 07
#1512-d340 @A: 18 08 35 27 | 04
#1513-d340 @A: 18 24 06 28 | 12
#1514-d340 @A: 14 09 32 24 | 01
#1515-d340 @A: 03 07 31 12 | 06
#1516-d340 @A: 31 07 22 05 | 08
#1517-d340 @A: 12 27 05 07 | 03
#1518-d340 @A: 06 29 07 31 | 05
#1519-d340 @A: 18 03 28 35 | 11
#1520-d340 @A: 16 03 30 06 | 09
#1521-d340 @A: 03 31 09 30 | 02
#1522-d340 @A: 04 05 27 20 | 10
#1523-d340 @A: 12 29 35 04 | 07
#1524-d340 @A: 04 30 35 31 | 04
#1525-d340 @A: 21 35 28 17 | 12
#1526-d340 @A: 17 20 21 12 | 01
#1527-d340 @A: 16 05 09 17 | 06
#1528-d340 @A: 17 06 09 31 | 08
#1529-d340 @A: 17 30 35 16 | 03
#1530-d340 @A: 18 06 22 14 | 05
#1531-d340 @A: 16 31 14 22 | 11
#1532-d340 @A: 18 19 12 22 | 09
#1533-d340 @A: 28 30 27 35 | 02
#1534-d340 @A: 33 25 08 23 | 10
#1535-d340 @A: 02 33 24 31 | 07
#1536-d340 @A: 02 03 33 14 | 04
#1537-d340 @A: 01 28 23 33 | 12
#1538-d340 @A: 33 23 26 03 | 01
#1539-d340 @A: 23 33 06 22 | 06
#1540-d340 @A: 08 16 33 22 | 08
#1541-d340 @A: 29 33 04 24 | 03
#1542-d340 @A: 20 24 19 33 | 05
#1543-d340 @A: 33 03 07 18 | 11
#1544-d340 @A: 07 04 33 09 | 09
#1545-d340 @A: 05 33 04 22 | 02
#1546-d340 @A: 28 30 33 20 | 10
#1547-d340 @A: 33 20 06 18 | 07
#1548-d340 @A: 15 26 25 14 | 04
#1549-d340 @A: 34 04 25 02 | 12
#1550-d340 @A: 25 32 02 19 | 01
#1551-d340 @A: 13 32 01 25 | 06
#1552-d340 @A: 25 08 01 29 | 08
#1553-d340 @A: 25 07 01 05 | 03
#1554-d340 @A: 21 25 07 10 | 05
#1555-d340 @A: 35 25 20 13 | 11
#1556-d340 @A: 25 05 17 34 | 09
#1557-d340 @A: 11 30 25 35 | 02
#1558-d340 @A: 25 26 22 31 | 10
#1559-d340 @A: 09 25 08 03 | 07
#1560-d340 @A: 08 25 14 31 | 04
#1561-d340 @A: 07 29 22 25 | 12
#1562-d340 @A: 35 25 27 22 | 01
#1563-d340 @A: 31 28 27 25 | 06
#1564-d340 @A: 25 27 06 18 | 08
#1565-d340 @A: 15 26 02 35 | 03
#1566-d340 @A: 32 11 15 01 | 05
#1567-d340 @A: 01 15 05 03 | 11
#1568-d340 @A: 15 01 17 19 | 09
#1569-d340 @A: 10 15 32 26 | 02
#1570-d340 @A: 06 09 15 10 | 10
#1571-d340 @A: 15 11 34 12 | 07
#1572-d340 @A: 15 11 30 26 | 04
#1573-d340 @A: 23 19 03 15 | 12
#1574-d340 @A: 06 15 28 23 | 01
#1575-d340 @A: 28 17 15 24 | 06
#1576-d340 @A: 15 05 16 21 | 08
#1577-d340 @A: 32 30 15 05 | 03
#1578-d340 @A: 29 15 30 09 | 05
#1579-d340 @A: 14 15 31 09 | 11
#1580-d340 @A: 09 35 16 15 | 09
#1581-d340 @A: 12 27 15 31 | 02
#1582-d340 @A: 21 01 23 02 | 10
#1583-d340 @A: 09 10 02 04 | 07
#1584-d340 @A: 02 24 13 14 | 04
#1585-d340 @A: 11 24 02 23 | 12
#1586-d340 @A: 02 30 20 24 | 01
#1587-d340 @A: 27 03 16 02 | 06
#1588-d340 @A: 14 02 21 30 | 08
#1589-d340 @A: 30 09 05 02 | 03
#1590-d340 @A: 30 35 20 02 | 05
#1591-d340 @A: 20 02 14 09 | 11
#1592-d340 @A: 02 12 18 20 | 09
#1593-d340 @A: 12 26 03 01 | 02
#1594-d340 @A: 24 23 31 01 | 10
#1595-d340 @A: 16 01 30 07 | 07
#1596-d340 @A: 14 35 01 28 | 04
#1597-d340 @A: 01 05 18 30 | 12
#1598-d340 @A: 06 32 16 01 | 01
#1599-d340 @A: 01 27 32 30 | 06
#1600-d340 @A: 01 35 12 32 | 08
#1601-d340 @A: 09 16 01 31 | 03
#1602-d340 @A: 10 13 21 14 | 05
#1603-d340 @A: 11 10 22 29 | 11
#1604-d340 @A: 06 08 12 10 | 09
#1605-d340 @A: 04 17 10 22 | 02
#1606-d340 @A: 10 21 16 35 | 10
#1607-d340 @A: 27 21 19 10 | 07
#1608-d340 @A: 20 10 18 28 | 04
#1609-d340 @A: 14 10 05 16 | 12
#1610-d340 @A: 31 10 20 06 | 01
#1611-d340 @A: 10 19 35 20 | 06
#1612-d340 @A: 09 13 34 07 | 08
#1613-d340 @A: 30 26 13 24 | 03
#1614-d340 @A: 13 08 30 04 | 05
#1615-d340 @A: 13 03 18 27 | 11
#1616-d340 @A: 30 13 22 32 | 09
#1617-d340 @A: 06 28 13 29 | 02
#1618-d340 @A: 13 19 14 28 | 10
#1619-d340 @A: 16 26 34 11 | 07
#1620-d340 @A: 23 05 26 34 | 04
#1621-d340 @A: 09 26 34 31 | 12
#1622-d340 @A: 23 20 34 07 | 01
#1623-d340 @A: 08 12 24 34 | 06
#1624-d340 @A: 07 08 05 34 | 08
#1625-d340 @A: 34 35 07 31 | 03
#1626-d340 @A: 03 19 04 34 | 05
#1627-d340 @A: 21 34 22 03 | 11
#1628-d340 @A: 34 03 32 06 | 09
#1629-d340 @A: 06 20 12 34 | 02
#1630-d340 @A: 18 34 27 30 | 10
#1631-d340 @A: 05 26 03 11 | 07
#1632-d340 @A: 23 14 11 17 | 04
#1633-d340 @A: 11 24 05 22 | 12
#1634-d340 @A: 35 07 11 17 | 01
#1635-d340 @A: 07 11 18 06 | 06
#1636-d340 @A: 05 11 29 16 | 08
#1637-d340 @A: 06 11 35 29 | 03
#1638-d340 @A: 18 26 23 08 | 05
#1639-d340 @A: 31 26 23 28 | 11
#1640-d340 @A: 26 24 29 28 | 09
#1641-d340 @A: 26 14 19 22 | 02
#1642-d340 @A: 16 26 30 05 | 10
#1643-d340 @A: 20 09 05 26 | 07
#1644-d340 @A: 06 35 26 16 | 04
#1645-d340 @A: 35 27 19 26 | 12
#1646-d340 @A: 20 26 18 31 | 01
#1647-d340 @A: 27 22 08 23 | 06
#1648-d340 @A: 22 23 29 24 | 08
#1649-d340 @A: 35 14 23 07 | 03
#1650-d340 @A: 09 28 21 23 | 05
#1651-d340 @A: 32 09 23 16 | 11
#1652-d340 @A: 30 23 18 20 | 09
#1653-d340 @A: 23 30 31 12 | 02
#1654-d340 @A: 29 17 24 08 | 10
#1655-d340 @A: 08 29 21 07 | 07
#1656-d340 @A: 21 06 08 14 | 04
#1657-d340 @A: 09 16 08 28 | 12
#1658-d340 @A: 32 08 27 29 | 01
#1659-d340 @A: 07 05 04 24 | 06
#1660-d340 @A: 07 29 24 32 | 08
#1661-d340 @A: 27 24 21 28 | 03
#1662-d340 @A: 24 06 19 29 | 05
#1663-d340 @A: 32 18 27 24 | 11
#1664-d340 @A: 17 07 28 04 | 09
#1665-d340 @A: 07 17 27 31 | 02
#1666-d340 @A: 35 07 32 28 | 10
#1667-d340 @A: 29 12 07 14 | 07
#1668-d340 @A: 21 12 16 03 | 04
#1669-d340 @A: 20 03 21 27 | 12
#1670-d340 @A: 09 03 05 32 | 01
#1671-d340 @A: 14 30 03 32 | 06
#1672-d340 @A: 16 20 03 19 | 08
#1673-d340 @A: 30 29 04 31 | 03
#1674-d340 @A: 32 04 30 16 | 05
#1675-d340 @A: 09 19 14 04 | 11
#1676-d340 @A: 27 18 04 14 | 09
#1677-d340 @A: 09 04 27 31 | 02
#1678-d340 @A: 22 17 05 29 | 10
#1679-d340 @A: 17 32 21 27 | 07
#1680-d340 @A: 05 17 32 12 | 04
#1681-d340 @A: 06 17 14 20 | 12
#1682-d340 @A: 20 06 22 21 | 01
#1683-d340 @A: 29 22 18 16 | 06
#1684-d340 @A: 19 09 29 22 | 08
#1685-d340 @A: 06 16 22 09 | 03
#1686-d340 @A: 12 32 22 09 | 05
#1687-d340 @A: 30 22 18 31 | 11
#1688-d340 @A: 35 22 20 14 | 09
#1689-d340 @A: 32 21 35 31 | 02
